-7.85046
-7.85033
-7.84995
-7.84933
-7.84845
-7.84733
-7.84595
-7.84434
-7.84247
-7.84036
-7.83801
-7.83541
-7.83258
-7.8295
-7.82619
-7.82231
-7.81853
-7.81387
-7.80865
-7.80385
-7.79754
-7.791
-7.78457
-7.77695
-7.77041
-7.76366
-7.75346
-7.745
-7.73763
-7.72844
-7.72002
-7.71075
-7.70291
-7.69391
-7.68536
-7.67566
-7.66707
-7.65732
-7.64773
-7.63797
-7.62901
-7.61923
-7.6093
-7.59889
-7.58768
-7.5773
-7.56613
-7.55644
-7.54564
-7.53569
-7.5253
-7.51414
-7.50319
-7.49214
-7.48132
-7.47007
-7.45875
-7.44637
-7.43424
-7.42333
-7.41237
-7.40006
-7.38802
-7.37627
-7.36415
-7.35234
-7.34019
-7.32802
-7.31649
-7.3053
-7.29314
-7.28197
-7.26953
-7.25842
-7.24703
-7.236
-7.22439
-7.21285
-7.20105
-7.1903
-7.17964
-7.16842
-7.15796
-7.14728
-7.1364
-7.12629
-7.11599
-7.10518
-7.09548
-7.08594
-7.07624
-7.06703
-7.05799
-7.0488
-7.04012
-7.03131
-7.0227
-7.01461
-7.00641
-6.99745
-6.98967
-6.98212
-6.97479
-6.96769
-6.96114
-6.95419
-6.94844
-6.94261
-6.93638
-6.93104
-6.92595
-6.92111
-6.91619
-6.91217
-6.90808
-6.90423
-6.89999
-6.89633
-6.89292
-6.88975
-6.88716
-6.88481
-6.8827
-6.88052
-6.87889
-6.87685
-6.87538
-6.87413
-6.87343
-6.87263
-6.87205
-6.87201
-6.87153
-6.87191
-6.87248
-6.87325
-6.87454
-6.87536
-6.87669
-6.8782
-6.8802
-6.88203
-6.88435
-6.8865
-6.88944
-6.89156
-6.8938
-6.8965
-6.899
-6.90194
-6.90499
-6.90847
-6.91172
-6.91538
-6.91881
-6.92265
-6.92558
-6.92891
-6.93198
-6.93607
-6.9399
-6.94376
-6.94767
-6.95161
-6.95558
-6.95925
-6.96326
-6.96696
-6.97099
-6.97503
-6.97906
-6.98277
-6.98678
-6.99079
-6.99445
-6.99841
-7.00169
-7.00591
-7.01043
-7.01458
-7.01836
-7.0221
-7.02579
-7.02878
-7.03236
-7.03589
-7.03903
-7.04275
-7.04609
-7.04871
-7.05223
-7.05503
-7.05808
-7.06105
-7.06362
-7.06643
-7.06917
-7.07182
-7.07438
-7.07687
-7.07959
-7.0819
-7.08315
-7.08528
-7.08733
-7.08961
-7.09148
-7.09326
-7.09527
-7.09655
-7.09839
-7.09981
-7.10082
-7.10206
-7.10322
-7.10429
-7.10559
-7.10649
-7.10762
-7.10867
-7.10931
-7.10987
-7.11035
-7.11042
-7.11106
-7.1113
-7.11147
-7.11155
-7.11189
-7.11183
-7.11169
-7.11085
-7.11025
-7.10927
-7.10919
-7.10841
-7.10853
-7.10795
-7.10764
-7.10695
-7.1062
-7.10476
-7.10359
-7.10237
-7.10143
-7.10078
-7.09976
-7.0987
-7.0976
-7.0968
-7.09531
-7.09412
-7.09323
-7.09198
-7.09072
-7.09007
-7.08909
-7.08777
-7.08644
-7.08477
-7.08341
-7.08237
-7.08132
-7.07963
-7.07826
-7.07721
-7.07616
-7.07448
-7.07313
-7.07178
-7.07045
-7.06946
-7.06881
-7.06688
-7.06627
-7.06536
-7.06448
-7.0633
-7.06183
-7.06103
-7.05962
-7.05857
-7.05755
-7.05658
-7.05564
-7.05442
-7.05358
-7.05245
-7.05202
-7.05067
-7.04904
-7.04877
-7.04854
-7.04773
-7.04762
-7.04725
-7.04693
-7.04636
-7.04552
-7.04604
-7.04598
-7.04599
-7.04573
-7.0462
-7.04576
-7.04604
-7.04672
-7.04682
-7.04731
-7.04756
-7.0482
-7.0486
-7.05004
-7.05156
-7.05251
-7.05354
-7.05464
-7.05614
-7.05772
-7.05905
-7.0611
-7.06291
-7.06448
-7.06579
-7.06751
-7.06897
-7.07116
-7.0731
-7.07479
-7.07687
-7.07871
-7.08126
-7.08453
-7.0869
-7.08934
-7.09152
-7.09475
-7.09771
-7.10041
-7.10285
-7.10535
-7.10888
-7.11182
-7.11481
-7.11753
-7.12096
-7.12443
-7.12762
-7.13086
-7.13414
-7.13746
-7.14114
-7.1455
-7.14861
-7.15239
-7.1562
-7.15972
-7.16326
-7.16682
-7.17073
-7.17465
-7.17794
-7.18156
-7.18519
-7.18915
-7.19279
-7.19643
-7.20039
-7.20403
-7.20798
-7.21127
-7.21519
-7.21813
-7.22138
-7.22428
-7.22812
-7.23195
-7.23509
-7.23853
-7.24226
-7.24563
-7.24896
-7.2529
-7.25615
-7.25904
-7.26252
-7.26563
-7.26901
-7.27267
-7.2753
-7.27787
-7.2807
-7.2838
-7.28781
-7.29046
-7.29337
-7.29654
-7.29931
-7.30137
-7.30335
-7.30592
-7.30776
-7.30888
-7.3109
-7.31251
-7.31503
-7.31746
-7.31917
-7.3208
-7.32235
-7.32349
-7.3252
-7.32683
-7.32838
-7.32952
-7.32993
-7.33059
-7.33084
-7.33101
-7.33207
-7.33272
-7.33395
-7.33445
-7.33486
-7.33487
-7.33545
-7.33595
-7.33572
-7.33607
-7.33634
-7.33686
-7.33698
-7.33637
-7.33602
-7.3356
-7.33479
-7.33455
-7.3336
-7.33323
-7.33247
-7.33132
-7.33108
-7.33111
-7.33043
-7.32969
-7.32889
-7.32739
-7.32681
-7.32521
-7.32453
-7.32251
-7.32109
-7.31994
-7.31941
-7.31721
-7.31465
-7.31335
-7.31169
-7.31064
-7.30859
-7.30716
-7.30602
-7.30389
-7.30205
-7.30019
-7.2983
-7.29607
-7.29383
-7.29254
-7.29188
-7.28991
-7.28761
-7.28497
-7.28265
-7.28098
-7.27832
-7.27761
-7.27527
-7.27261
-7.2706
-7.26859
-7.26659
-7.26427
-7.26292
-7.26094
-7.25896
-7.25602
-7.25374
-7.25212
-7.24986
-7.24762
-7.24572
-7.24415
-7.24163
-7.2401
-7.23793
-7.23611
-7.23399
-7.23155
-7.23011
-7.22666
-7.22383
-7.2206
-7.21761
-7.21453
-7.21168
-7.20779
-7.20542
-7.20265
-7.20012
-7.19654
-7.19222
-7.18847
-7.18465
-7.18041
-7.17642
-7.17236
-7.16821
-7.16335
-7.15873
-7.15468
-7.15055
-7.14571
-7.14144
-7.13742
-7.13463
-7.1308
-7.12626
-7.12166
-7.11796
-7.11323
-7.10844
-7.10359
-7.099
-7.09372
-7.08936
-7.08398
-7.07822
-7.07307
-7.0682
-7.06297
-7.05738
-7.05142
-7.04576
-7.04039
-7.03467
-7.02893
-7.02252
-7.01739
-7.01159
-7.00611
-7.00094
-6.99545
-6.98995
-6.98349
-6.97768
-6.97253
-6.96739
-6.96195
-6.95717
-6.95145
-6.94608
-6.94074
-6.93544
-6.92953
-6.92432
-6.91915
-6.91404
-6.90801
-6.90334
-6.89809
-6.89194
-6.88748
-6.88212
-6.87717
-6.8723
-6.8672
-6.86284
-6.85889
-6.85505
-6.85163
-6.84734
-6.84349
-6.8404
-6.83678
-6.83327
-6.82989
-6.82663
-6.82317
-6.82016
-6.81664
-6.81423
-6.8113
-6.80915
-6.8065
-6.80431
-6.80193
-6.80035
-6.79858
-6.79696
-6.79547
-6.79349
-6.79197
-6.79124
-6.79
-6.78923
-6.78892
-6.78843
-6.78807
-6.7885
-6.78842
-6.78846
-6.78831
-6.78862
-6.78872
-6.78992
-6.78993
-6.79072
-6.79129
-6.79262
-6.79373
-6.79526
-6.79625
-6.79766
-6.79883
-6.80041
-6.80272
-6.80414
-6.80595
-6.80815
-6.8101
-6.8121
-6.81351
-6.81562
-6.81778
-6.81997
-6.82221
-6.82447
-6.82644
-6.82876
-6.8311
-6.83345
-6.83549
-6.83754
-6.8409
-6.84328
-6.84598
-6.84803
-6.85007
-6.85275
-6.85476
-6.85675
-6.85905
-6.86133
-6.86293
-6.86548
-6.86734
-6.8695
-6.87163
-6.87372
-6.87609
-6.87843
-6.8804
-6.88234
-6.88455
-6.8864
-6.88852
-6.89028
-6.89167
-6.8943
-6.89625
-6.89815
-6.9
-6.9018
-6.90356
-6.90559
-6.90693
-6.9079
-6.9085
-6.91002
-6.91149
-6.91195
-6.91268
-6.91369
-6.91465
-6.91557
-6.91612
-6.91695
-6.91644
-6.91719
-6.91724
-6.91822
-6.91819
-6.91909
-6.92028
-6.92078
-6.92124
-6.92133
-6.92139
-6.92206
-6.92236
-6.92296
-6.9232
-6.9234
-6.92389
-6.92338
-6.92349
-6.92421
-6.92394
-6.92395
-6.92426
-6.92423
-6.92351
-6.92342
-6.92363
-6.92381
-6.92396
-6.92345
-6.92291
-6.92268
-6.92209
-6.92246
-6.92217
-6.9225
-6.92217
-6.92149
-6.92178
-6.92172
-6.92132
-6.92092
-6.92017
-6.92007
-6.91995
-6.92014
-6.91968
-6.91792
-6.91777
-6.91697
-6.91681
-6.91633
-6.91519
-6.91502
-6.91421
-6.91405
-6.91389
-6.91341
-6.91325
-6.9131
-6.91263
-6.91184
-6.91171
-6.91093
-6.91049
-6.91006
-6.90996
-6.90987
-6.91011
-6.90972
-6.90935
-6.90963
-6.91026
-6.90961
-6.90962
-6.909
-6.90872
-6.90846
-6.90822
-6.90767
-6.90779
-6.90761
-6.90777
-6.9073
-6.90718
-6.90643
-6.90636
-6.9063
-6.90627
-6.90659
-6.90628
-6.90696
-6.90735
-6.90711
-6.90786
-6.90864
-6.90782
-6.90734
-6.90754
-6.90809
-6.908
-6.90794
-6.90823
-6.90886
-6.9092
-6.90858
-6.90863
-6.9087
-6.90944
-6.91085
-6.91163
-6.91243
-6.91292
-6.91279
-6.91364
-6.91322
-6.91379
-6.91404
-6.91464
-6.91655
-6.91718
-6.91782
-6.91816
-6.91916
-6.91984
-6.9199
-6.92062
-6.92135
-6.92209
-6.92252
-6.92362
-6.92407
-6.92487
-6.92535
-6.92585
-6.92668
-6.92752
-6.92837
-6.92859
-6.92947
-6.93068
-6.9319
-6.93281
-6.93406
-6.93564
-6.93658
-6.93786
-6.93883
-6.93948
-6.94047
-6.94146
-6.94214
-6.94347
-6.94384
-6.94487
-6.94557
-6.94694
-6.94798
-6.94903
-6.95041
-6.9518
-6.95254
-6.95328
-6.95435
-6.95542
-6.95584
-6.9569
-6.95764
-6.95806
-6.95847
-6.95888
-6.96025
-6.96161
-6.96199
-6.96236
-6.96337
-6.96501
-6.96599
-6.96696
-6.96758
-6.9685
-6.96972
-6.97092
-6.97209
-6.97259
-6.97242
-6.97318
-6.97456
-6.97525
-6.97591
-6.97653
-6.97744
-6.9783
-6.97847
-6.97892
-6.979
-6.97904
-6.97902
-6.97928
-6.97949
-6.97964
-6.97973
-6.97977
-6.97976
-6.97936
-6.97954
-6.98
-6.97974
-6.97942
-6.97903
-6.97826
-6.97807
-6.97717
-6.97588
-6.97517
-6.97472
-6.97356
-6.97298
-6.97169
-6.97131
-6.97054
-6.9697
-6.96912
-6.96816
-6.96746
-6.96638
-6.96491
-6.96306
-6.96212
-6.96048
-6.95846
-6.95639
-6.95458
-6.9524
-6.95115
-6.94887
-6.94688
-6.94452
-6.94147
-6.93902
-6.93687
-6.93532
-6.9331
-6.93117
-6.92921
-6.92658
-6.9236
-6.9206
-6.9192
-6.91649
-6.91442
-6.91201
-6.90959
-6.90781
-6.90539
-6.90328
-6.9015
-6.89908
-6.89731
-6.89393
-6.89186
-6.8898
-6.88711
-6.88412
-6.8818
-6.87982
-6.87723
-6.87499
-6.87277
-6.87092
-6.8678
-6.86505
-6.8633
-6.8616
-6.85962
-6.858
-6.85611
-6.85458
-6.85279
-6.85104
-6.84934
-6.8477
-6.8461
-6.84457
-6.84276
-6.84069
-6.83965
-6.83801
-6.83741
-6.83686
-6.83573
-6.83432
-6.83331
-6.83235
-6.83209
-6.83125
-6.83014
-6.8291
-6.82908
-6.82945
-6.82857
-6.82808
-6.82829
-6.82791
-6.82726
-6.82698
-6.82676
-6.82562
-6.8255
-6.8251
-6.82507
-6.82574
-6.82559
-6.82491
-6.82482
-6.825
-6.82448
-6.82454
-6.82326
-6.82288
-6.82245
-6.82227
-6.82171
-6.82075
-6.81909
-6.81833
-6.81751
-6.81629
-6.81597
-6.81461
-6.81351
-6.81298
-6.81108
-6.80976
-6.80837
-6.80722
-6.80568
-6.80374
-6.80173
-6.79964
-6.79779
-6.79523
-6.79291
-6.79084
-6.78934
-6.78744
-6.78547
-6.7831
-6.78033
-6.77748
-6.77488
-6.77221
-6.76979
-6.76664
-6.76439
-6.76143
-6.75838
-6.75559
-6.7524
-6.74979
-6.74614
-6.74306
-6.73992
-6.73639
-6.73311
-6.72912
-6.72571
-6.72158
-6.7174
-6.71348
-6.7095
-6.70545
-6.70233
-6.69753
-6.693
-6.68809
-6.68346
-6.67943
-6.67503
-6.67059
-6.66611
-6.66223
-6.65671
-6.6518
-6.64686
-6.64189
-6.63723
-6.63254
-6.62848
-6.62344
-6.61872
-6.61399
-6.6099
-6.60484
-6.59979
-6.59475
-6.59069
-6.58601
-6.58135
-6.57574
-6.57081
-6.56592
-6.56173
-6.55725
-6.55283
-6.54783
-6.54321
-6.53931
-6.53516
-6.53108
-6.5271
-6.5232
-6.51908
-6.51571
-6.5118
-6.50832
-6.50464
-6.50108
-6.49798
-6.49501
-6.49186
-6.48885
-6.48631
-6.48425
-6.48169
-6.47898
-6.47772
-6.47566
-6.47345
-6.47207
-6.47054
-6.46886
-6.46867
-6.46769
-6.46722
-6.46726
-6.46717
-6.46694
-6.46756
-6.4687
-6.4697
-6.47057
-6.47228
-6.47354
-6.47499
-6.4763
-6.4778
-6.47948
-6.48167
-6.48371
-6.48691
-6.4893
-6.4922
-6.49525
-6.49912
-6.50218
-6.50572
-6.50941
-6.51389
-6.51819
-6.52264
-6.52656
-6.53126
-6.53544
-6.54038
-6.54544
-6.54996
-6.5549
-6.55962
-6.56442
-6.56964
-6.57462
-6.58032
-6.58577
-6.59128
-6.59751
-6.60346
-6.60914
-6.61487
-6.62064
-6.62644
-6.63293
-6.63911
-6.64532
-6.65155
-6.65811
-6.66403
-6.66995
-6.67555
-6.68147
-6.68738
-6.69328
-6.69948
-6.70502
-6.71053
-6.71634
-6.72212
-6.72818
-6.73453
-6.74019
-6.74581
-6.75171
-6.75755
-6.76269
-6.76777
-6.77377
-6.77905
-6.78395
-6.78911
-6.7942
-6.79954
-6.80481
-6.80967
-6.81446
-6.81982
-6.82477
-6.82996
-6.83474
-6.83911
-6.84307
-6.84694
-6.85104
-6.85505
-6.85961
-6.86375
-6.86844
-6.87239
-6.87592
-6.8787
-6.88235
-6.88525
-6.88741
-6.89043
-6.89335
-6.89616
-6.89823
-6.90116
-6.90366
-6.90637
-6.90769
-6.90955
-6.91131
-6.91328
-6.91482
-6.91723
-6.91889
-6.92044
-6.92189
-6.92323
-6.92446
-6.92558
-6.92692
-6.92816
-6.92897
-6.93032
-6.93092
-6.93142
-6.93149
-6.9321
-6.93262
-6.93303
-6.93302
-6.93355
-6.93334
-6.93368
-6.9336
-6.93278
-6.9325
-6.93117
-6.93006
-6.92886
-6.92725
-6.9262
-6.92505
-6.92447
-6.92251
-6.92078
-6.91963
-6.91806
-6.91739
-6.91471
-6.91324
-6.91138
-6.90976
-6.9084
-6.90601
-6.90387
-6.90101
-6.89778
-6.89481
-6.89275
-6.89032
-6.8875
-6.88464
-6.88238
-6.87942
-6.87643
-6.87339
-6.86999
-6.8672
-6.86373
-6.86121
-6.85833
-6.85543
-6.85315
-6.85085
-6.84822
-6.84525
-6.84194
-6.83895
-6.83628
-6.83296
-6.82964
-6.82665
-6.82399
-6.82133
-6.81804
-6.81509
-6.81247
-6.80955
-6.80665
-6.8041
-6.80125
-6.79908
-6.79532
-6.79289
-6.79049
-6.78846
-6.78486
-6.78227
-6.77972
-6.77722
-6.77478
-6.77206
-6.77037
-6.76809
-6.76587
-6.76275
-6.76034
-6.758
-6.75605
-6.75417
-6.75237
-6.75097
-6.749
-6.74808
-6.7466
-6.7452
-6.74388
-6.742
-6.74085
-6.74043
-6.73913
-6.73759
-6.73678
-6.73606
-6.73574
-6.73485
-6.7347
-6.73365
-6.73364
-6.73339
-6.73321
-6.73309
-6.73272
-6.73241
-6.73151
-6.73164
-6.73215
-6.73335
-6.73363
-6.73427
-6.73398
-6.73437
-6.73446
-6.73522
-6.73568
-6.73648
-6.73632
-6.73714
-6.73797
-6.73911
-6.73929
-6.74011
-6.74092
-6.74139
-6.74152
-6.74164
-6.74206
-6.74245
-6.74315
-6.7435
-6.74414
-6.74475
-6.74468
-6.7449
-6.74574
-6.74589
-6.74666
-6.74674
-6.74712
-6.7468
-6.74678
-6.74704
-6.74693
-6.74647
-6.74662
-6.74544
-6.74551
-6.74491
-6.74459
-6.74424
-6.74386
-6.74344
-6.74235
-6.7422
-6.7417
-6.74051
-6.73996
-6.73905
-6.73843
-6.7378
-6.73714
-6.73645
-6.73574
-6.73502
-6.73459
-6.73415
-6.73337
-6.73256
-6.73174
-6.73123
-6.73071
-6.7292
-6.72769
-6.72713
-6.72592
-6.72469
-6.72378
-6.72254
-6.72226
-6.72198
-6.72137
-6.72108
-6.71981
-6.71821
-6.71726
-6.7163
-6.71534
-6.71406
-6.71278
-6.71215
-6.71119
-6.70992
-6.70961
-6.70834
-6.70708
-6.70582
-6.70489
-6.70397
-6.70339
-6.70281
-6.7016
-6.70039
-6.69953
-6.69835
-6.69718
-6.69636
-6.6949
-6.69444
-6.69367
-6.69357
-6.69252
-6.69214
-6.69146
-6.6908
-6.6905
-6.68957
-6.68899
-6.68813
-6.68728
-6.6868
-6.68666
-6.68623
-6.68552
-6.68515
-6.68481
-6.68483
-6.68521
-6.68561
-6.68508
-6.68489
-6.68538
-6.68525
-6.68514
-6.68538
-6.68629
-6.68625
-6.68623
-6.68656
-6.6869
-6.6866
-6.68665
-6.6867
-6.6874
-6.68747
-6.68754
-6.6876
-6.68767
-6.68773
-6.68778
-6.6875
-6.68627
-6.68609
-6.68552
-6.68554
-6.68518
-6.68507
-6.68426
-6.68338
-6.68276
-6.6824
-6.681
-6.67954
-6.67866
-6.67771
-6.67638
-6.67434
-6.67354
-6.67267
-6.67142
-6.66947
-6.66714
-6.66573
-6.66459
-6.66276
-6.66121
-6.66058
-6.65895
-6.65631
-6.65493
-6.6532
-6.65178
-6.64968
-6.64757
-6.64609
-6.6446
-6.64245
-6.64128
-6.63946
-6.63765
-6.63585
-6.63439
-6.63231
-6.63089
-6.62886
-6.62783
-6.62619
-6.62525
-6.62337
-6.62155
-6.62108
-6.62003
-6.6187
-6.61745
-6.61658
-6.61611
-6.6141
-6.61346
-6.61226
-6.61146
-6.61074
-6.61044
-6.6099
-6.60946
-6.60781
-6.60723
-6.6061
-6.60603
-6.60573
-6.60586
-6.60608
-6.60639
-6.6068
-6.6086
-6.6092
-6.60989
-6.61067
-6.61187
-6.61282
-6.61386
-6.61466
-6.61585
-6.61778
-6.61912
-6.62022
-6.6217
-6.62324
-6.62517
-6.62683
-6.6279
-6.62966
-6.63178
-6.63363
-6.6355
-6.63741
-6.63936
-6.641
-6.64234
-6.64466
-6.64635
-6.64804
-6.65006
-6.65338
-6.6554
-6.65773
-6.66005
-6.66204
-6.664
-6.66627
-6.66818
-6.67007
-6.67224
-6.67406
-6.67584
-6.67791
-6.67928
-6.67997
-6.68158
-6.68315
-6.68499
-6.68678
-6.68819
-6.68955
-6.69054
-6.69179
-6.69331
-6.69445
-6.69586
-6.69785
-6.6985
-6.69877
-6.69964
-6.70142
-6.70249
-6.70319
-6.70416
-6.70476
-6.7053
-6.70546
-6.7059
-6.70628
-6.70598
-6.70659
-6.70684
-6.7064
-6.70656
-6.70636
-6.70676
-6.70713
-6.70648
-6.70677
-6.70638
-6.70692
-6.7071
-6.7066
-6.70672
-6.70713
-6.70622
-6.70528
-6.70528
-6.70493
-6.70488
-6.70382
-6.70371
-6.70324
-6.7021
-6.70126
-6.70039
-6.69982
-6.69954
-6.69891
-6.69825
-6.69821
-6.69781
-6.69642
-6.69533
-6.69452
-6.69434
-6.69283
-6.69193
-6.69101
-6.69038
-6.68907
-6.6887
-6.68701
-6.68594
-6.68548
-6.68467
-6.68351
-6.68167
-6.68077
-6.6792
-6.67825
-6.67662
-6.67529
-6.67426
-6.67321
-6.67181
-6.67104
-6.6696
-6.66847
-6.66635
-6.66583
-6.66466
-6.6638
-6.66293
-6.66205
-6.66052
-6.65995
-6.65906
-6.65785
-6.65632
-6.65479
-6.65326
-6.65207
-6.65088
-6.64938
-6.64854
-6.6474
-6.64498
-6.64355
-6.64182
-6.64076
-6.63843
-6.63677
-6.63579
-6.63484
-6.63391
-6.6327
-6.63151
-6.63036
-6.6286
-6.62817
-6.62714
-6.62581
-6.62485
-6.6236
-6.62272
-6.62123
-6.62044
-6.61936
-6.61865
-6.61766
-6.61801
-6.61744
-6.61788
-6.61773
-6.61729
-6.61658
-6.6156
-6.61498
-6.61442
-6.61487
-6.61505
-6.61495
-6.61458
-6.61458
-6.61495
-6.61472
-6.61519
-6.61571
-6.61692
-6.61721
-6.61755
-6.61793
-6.61835
-6.6185
-6.61869
-6.61957
-6.61985
-6.62049
-6.62118
-6.62191
-6.62268
-6.62284
-6.62336
-6.62424
-6.62386
-6.62481
-6.62579
-6.62745
-6.62849
-6.63021
-6.63132
-6.63245
-6.63392
-6.63543
-6.63565
-6.63623
-6.6365
-6.63744
-6.6384
-6.63938
-6.64037
-6.64169
-6.64304
-6.64374
-6.64576
-6.64714
-6.64853
-6.64928
-6.65036
-6.65177
-6.65287
-6.65462
-6.65573
-6.65716
-6.65925
-6.66069
-6.66245
-6.66292
-6.66404
-6.66549
-6.66725
-6.66837
-6.66884
-6.6706
-6.6717
-6.67313
-6.67391
-6.67532
-6.67673
-6.67845
-6.67886
-6.68089
-6.68258
-6.68394
-6.68528
-6.68661
-6.68759
-6.68888
-6.68983
-6.69108
-6.69263
-6.69416
-6.69534
-6.69682
-6.69762
-6.69937
-6.70076
-6.7018
-6.70216
-6.70314
-6.70408
-6.7053
-6.70552
-6.70667
-6.70714
-6.70821
-6.70924
-6.70958
-6.70988
-6.71111
-6.71197
-6.71311
-6.71324
-6.71332
-6.71369
-6.71433
-6.71428
-6.71419
-6.71405
-6.71355
-6.71397
-6.71435
-6.71404
-6.71434
-6.71395
-6.71352
-6.71305
-6.71287
-6.71265
-6.71272
-6.71276
-6.7118
-6.71178
-6.71173
-6.71134
-6.71059
-6.70982
-6.71001
-6.70985
-6.70967
-6.70948
-6.70864
-6.70875
-6.70821
-6.70831
-6.70808
-6.70752
-6.70632
-6.70577
-6.70425
-6.7037
-6.70284
-6.70231
-6.70212
-6.70097
-6.70048
-6.69968
-6.69955
-6.69944
-6.69869
-6.6983
-6.69825
-6.69822
-6.69757
-6.69695
-6.69701
-6.69677
-6.69656
-6.69573
-6.69525
-6.69415
-6.69439
-6.69432
-6.69461
-6.69494
-6.69497
-6.6947
-6.69577
-6.69654
-6.69638
-6.69657
-6.69711
-6.69737
-6.69798
-6.69765
-6.69735
-6.69837
-6.69878
-6.69889
-6.69904
-6.69954
-6.70007
-6.70063
-6.7009
-6.70216
-6.7028
-6.70379
-6.70481
-6.7052
-6.70626
-6.70735
-6.70782
-6.70927
-6.71011
-6.71161
-6.71281
-6.71434
-6.71493
-6.7165
-6.71776
-6.71872
-6.71968
-6.72033
-6.72131
-6.72198
-6.72297
-6.7243
-6.7253
-6.72599
-6.72699
-6.72832
-6.72868
-6.72968
-6.73004
-6.73136
-6.733
-6.73365
-6.7343
-6.73462
-6.73622
-6.73748
-6.73905
-6.74028
-6.74118
-6.74173
-6.74259
-6.74279
-6.74393
-6.74506
-6.74552
-6.74725
-6.748
-6.74872
-6.74909
-6.74848
-6.74979
-6.7501
-6.75007
-6.7497
-6.74962
-6.74985
-6.74941
-6.7496
-6.7501
-6.74992
-6.75037
-6.75081
-6.7509
-6.75134
-6.75219
-6.75239
-6.75292
-6.7528
-6.75268
-6.7529
-6.75311
-6.75366
-6.75421
-6.75444
-6.75403
-6.7546
-6.75582
-6.75575
-6.75634
-6.75725
-6.75753
-6.75749
-6.75778
-6.75807
-6.75805
-6.75901
-6.759
-6.759
-6.75965
-6.7603
-6.76063
-6.76096
-6.76162
-6.76163
-6.76197
-6.76133
-6.76232
-6.76266
-6.76299
-6.76332
-6.76461
-6.76493
-6.76589
-6.76652
-6.76682
-6.76775
-6.76836
-6.7683
-6.76888
-6.76978
-6.76968
-6.76958
-6.76947
-6.76934
-6.76887
-6.76807
-6.76789
-6.76868
-6.76879
-6.76857
-6.76898
-6.76873
-6.7691
-6.76945
-6.76946
-6.76978
-6.7691
-6.76905
-6.76931
-6.76954
-6.76943
-6.76962
-6.76947
-6.76929
-6.76909
-6.76887
-6.7683
-6.76836
-6.76806
-6.76775
-6.7674
-6.76704
-6.76633
-6.76689
-6.76645
-6.76599
-6.76583
-6.76532
-6.76543
-6.76487
-6.76397
-6.76303
-6.76175
-6.7611
-6.76009
-6.75938
-6.7593
-6.75854
-6.75776
-6.75663
-6.75645
-6.75625
-6.75538
-6.75416
-6.75293
-6.75167
-6.75007
-6.74878
-6.74812
-6.74712
-6.74676
-6.7454
-6.745
-6.74395
-6.74353
-6.74213
-6.74072
-6.73865
-6.73756
-6.7358
-6.73469
-6.7339
-6.73214
-6.73103
-6.72959
-6.72879
-6.72768
-6.72624
-6.72481
-6.72403
-6.72228
-6.72119
-6.72043
-6.71902
-6.7186
-6.71722
-6.71649
-6.71609
-6.71538
-6.71469
-6.71367
-6.713
-6.71201
-6.71103
-6.70975
-6.70847
-6.70785
-6.7066
-6.70569
-6.70446
-6.7039
-6.70335
-6.70216
-6.70163
-6.70047
-6.69996
-6.69882
-6.69802
-6.6969
-6.69579
-6.69534
-6.69458
-6.69383
-6.69341
-6.69235
-6.69162
-6.69058
-6.68987
-6.68949
-6.68847
-6.68745
-6.68774
-6.68674
-6.68574
-6.68474
-6.6844
-6.6834
-6.68274
-6.68207
-6.68108
-6.68041
-6.68006
-6.68004
-6.67904
-6.67869
-6.67801
-6.67701
-6.67632
-6.67563
-6.67493
-6.67422
-6.67383
-6.67376
-6.6727
-6.67196
-6.67089
-6.66981
-6.66936
-6.66858
-6.6678
-6.66732
-6.66684
-6.66569
-6.66519
-6.66434
-6.66316
-6.66197
-6.66077
-6.65956
-6.65897
-6.65806
-6.65713
-6.65651
-6.65588
-6.65524
-6.65329
-6.6523
-6.65162
-6.65029
-6.64927
-6.64921
-6.64817
-6.64647
-6.64541
-6.64531
-6.64456
-6.64381
-6.64272
-6.64162
-6.6402
-6.63974
-6.63929
-6.63786
-6.6361
-6.63531
-6.63453
-6.63309
-6.63134
-6.62959
-6.62785
-6.62675
-6.62567
-6.62427
-6.62418
-6.6228
-6.62241
-6.62107
-6.62007
-6.61812
-6.61781
-6.61656
-6.61598
-6.6151
-6.61426
-6.61345
-6.6117
-6.61128
-6.61091
-6.6096
-6.60866
-6.60874
-6.60822
-6.60678
-6.60506
-6.60503
-6.6044
-6.60415
-6.60428
-6.60383
-6.60408
-6.60472
-6.60445
-6.60457
-6.60475
-6.60531
-6.60529
-6.60598
-6.6064
-6.60688
-6.60709
-6.60704
-6.60802
-6.60904
-6.61012
-6.61027
-6.61111
-6.612
-6.61292
-6.61356
-6.61488
-6.61558
-6.6163
-6.61705
-6.61814
-6.61957
-6.62036
-6.62116
-6.62261
-6.62341
-6.62454
-6.62565
-6.62676
-6.62786
-6.62861
-6.62967
-6.63103
-6.63204
-6.63302
-6.63397
-6.63456
-6.63577
-6.63726
-6.63807
-6.63917
-6.63925
-6.63961
-6.63961
-6.63988
-6.64043
-6.64159
-6.64237
-6.64311
-6.64379
-6.64379
-6.64406
-6.64461
-6.64511
-6.64556
-6.64597
-6.64633
-6.64633
-6.64629
-6.6462
-6.64608
-6.64591
-6.64636
-6.64613
-6.64618
-6.64589
-6.64523
-6.64585
-6.64579
-6.64539
-6.64464
-6.64484
-6.64438
-6.6439
-6.64308
-6.64258
-6.64303
-6.64251
-6.64165
-6.64079
-6.63992
-6.63905
-6.63883
-6.63797
-6.63775
-6.63656
-6.63635
-6.63549
-6.63497
-6.63412
-6.63329
-6.63344
-6.63295
-6.63279
-6.632
-6.63122
-6.6311
-6.63067
-6.6296
-6.6292
-6.62913
-6.62875
-6.62774
-6.62804
-6.6277
-6.62771
-6.62774
-6.62777
-6.62751
-6.62693
-6.62734
-6.62745
-6.62725
-6.62708
-6.62692
-6.62678
-6.62635
-6.62658
-6.62619
-6.62614
-6.62612
-6.62645
-6.62649
-6.62623
-6.6273
-6.62775
-6.62726
-6.62713
-6.62704
-6.62763
-6.62793
-6.6286
-6.62898
-6.62876
-6.62922
-6.62941
-6.63028
-6.63056
-6.63056
-6.63157
-6.63199
-6.63246
-6.63297
-6.63354
-6.63448
-6.63547
-6.63683
-6.63792
-6.63905
-6.63959
-6.64082
-6.64307
-6.64407
-6.64544
-6.64685
-6.64798
-6.64979
-6.65132
-6.65288
-6.65448
-6.65579
-6.6568
-6.65881
-6.66084
-6.66258
-6.66401
-6.66545
-6.66756
-6.66935
-6.67148
-6.67362
-6.67511
-6.67757
-6.67906
-6.68055
-6.68202
-6.68381
-6.68591
-6.68766
-6.6894
-6.69111
-6.69312
-6.69543
-6.6977
-6.6993
-6.70086
-6.70239
-6.70355
-6.70531
-6.70703
-6.70869
-6.71063
-6.71252
-6.71371
-6.71549
-6.71656
-6.71789
-6.71819
-6.71843
-6.71861
-6.71872
-6.71973
-6.72003
-6.72123
-6.72172
-6.72246
-6.72248
-6.72308
-6.72231
-6.72277
-6.72283
-6.72283
-6.72308
-6.72294
-6.72273
-6.72279
-6.72245
-6.72238
-6.7216
-6.72044
-6.71987
-6.71892
-6.71792
-6.7172
-6.71642
-6.71528
-6.71507
-6.71417
-6.71357
-6.71261
-6.7122
-6.71084
-6.70945
-6.70806
-6.70665
-6.70523
-6.7038
-6.70205
-6.70161
-6.70084
-6.69976
-6.69837
-6.69667
-6.69564
-6.69399
-6.69302
-6.69175
-6.69052
-6.68997
-6.68881
-6.68802
-6.68727
-6.68657
-6.6856
-6.68468
-6.68446
-6.6843
-6.68355
-6.68254
-6.68224
-6.68135
-6.68151
-6.6814
-6.68137
-6.68173
-6.68313
-6.6833
-6.68355
-6.68387
-6.68393
-6.68569
-6.68622
-6.68682
-6.68685
-6.68759
-6.6884
-6.68896
-6.6899
-6.6909
-6.69197
-6.69277
-6.69429
-6.6952
-6.69715
-6.6985
-6.69989
-6.70134
-6.70315
-6.70467
-6.70624
-6.70816
-6.70915
-6.71081
-6.71249
-6.71484
-6.71657
-6.71831
-6.72006
-6.72214
-6.72423
-6.72568
-6.72809
-6.7292
-6.73128
-6.73302
-6.73508
-6.73679
-6.73849
-6.73984
-6.74149
-6.74247
-6.7431
-6.74467
-6.74685
-6.74836
-6.75015
-6.75158
-6.75329
-6.75464
-6.7566
-6.75852
-6.7591
-6.76061
-6.76142
-6.76317
-6.76455
-6.76556
-6.76653
-6.76745
-6.76834
-6.77015
-6.77127
-6.77268
-6.77405
-6.77506
-6.77635
-6.77664
-6.77786
-6.77874
-6.77925
-6.77974
-6.78053
-6.78129
-6.78106
-6.78178
-6.78216
-6.78285
-6.7832
-6.78386
-6.78549
-6.78581
-6.7871
-6.7871
-6.78774
-6.78839
-6.78871
-6.78839
-6.78873
-6.7894
-6.78943
-6.78947
-6.79049
-6.79088
-6.79064
-6.79073
-6.79117
-6.79162
-6.79209
-6.79258
-6.7918
-6.792
-6.79222
-6.7931
-6.79335
-6.79394
-6.79423
-6.79485
-6.79548
-6.79646
-6.79679
-6.79714
-6.7975
-6.79819
-6.79888
-6.79893
-6.79931
-6.80002
-6.80072
-6.80143
-6.80212
-6.80281
-6.80317
-6.80385
-6.80451
-6.80516
-6.80579
-6.80641
-6.80765
-6.80823
-6.80911
-6.80997
-6.80983
-6.8103
-6.81043
-6.81085
-6.81091
-6.81159
-6.81255
-6.81251
-6.81275
-6.81328
-6.81376
-6.81389
-6.813
-6.81271
-6.81271
-6.81266
-6.81321
-6.81371
-6.81319
-6.81328
-6.81299
-6.81266
-6.81293
-6.81314
-6.81202
-6.81052
-6.80995
-6.80933
-6.80866
-6.80859
-6.80815
-6.80669
-6.80584
-6.80558
-6.80528
-6.80559
-6.80456
-6.80348
-6.8014
-6.80024
-6.7997
-6.79879
-6.7972
-6.79557
-6.79327
-6.7919
-6.79018
-6.78908
-6.78731
-6.78551
-6.784
-6.78183
-6.78028
-6.77871
-6.7768
-6.77455
-6.77325
-6.77161
-6.77028
-6.7683
-6.7663
-6.76462
-6.76228
-6.76026
-6.75888
-6.75653
-6.75481
-6.75342
-6.75203
-6.75064
-6.74924
-6.74688
-6.74581
-6.7441
-6.74206
-6.73971
-6.738
-6.73598
-6.73493
-6.73388
-6.7322
-6.73051
-6.72884
-6.72716
-6.72549
-6.72351
-6.72153
-6.71988
-6.71855
-6.71691
-6.71495
-6.713
-6.71105
-6.70911
-6.7075
-6.70557
-6.70365
-6.70303
-6.70177
-6.69987
-6.69862
-6.69674
-6.69551
-6.69428
-6.69274
-6.69089
-6.68904
-6.6872
-6.68602
-6.6842
-6.68239
-6.68189
-6.68107
-6.67995
-6.67883
-6.67708
-6.67502
-6.6733
-6.67127
-6.67022
-6.66887
-6.66721
-6.66655
-6.66525
-6.66333
-6.66143
-6.65923
-6.65738
-6.65588
-6.65504
-6.65391
-6.65281
-6.65238
-6.65133
-6.64934
-6.64803
-6.64708
-6.64519
-6.64398
-6.64346
-6.64232
-6.64187
-6.64082
-6.64077
-6.64011
-6.6395
-6.63893
-6.63872
-6.63856
-6.63844
-6.63804
-6.63736
-6.63672
-6.63614
-6.63592
-6.6351
-6.63497
-6.63522
-6.63486
-6.63455
-6.63462
-6.63472
-6.63487
-6.63442
-6.63467
-6.63463
-6.63529
-6.63502
-6.63609
-6.63688
-6.63803
-6.63891
-6.63982
-6.64045
-6.64112
-6.64215
-6.6429
-6.64368
-6.64449
-6.64437
-6.64525
-6.64617
-6.64711
-6.6484
-6.64939
-6.65041
-6.6521
-6.65316
-6.65456
-6.65696
-6.65807
-6.65887
-6.65937
-6.66052
-6.66135
-6.66187
-6.66304
-6.66421
-6.66538
-6.66687
-6.66837
-6.66921
-6.67004
-6.67151
-6.672
-6.67248
-6.67295
-6.6747
-6.67579
-6.67686
-6.67758
-6.67861
-6.68027
-6.68126
-6.68255
-6.6835
-6.68442
-6.68531
-6.68586
-6.68703
-6.68753
-6.68833
-6.68911
-6.68986
-6.69059
-6.69097
-6.691
-6.69166
-6.69197
-6.69259
-6.69384
-6.69442
-6.69531
-6.69585
-6.69639
-6.69691
-6.69774
-6.69823
-6.69905
-6.69921
-6.69968
-6.70048
-6.70161
-6.70273
-6.70353
-6.70369
-6.70353
-6.70403
-6.70485
-6.70665
-6.70718
-6.70771
-6.70858
-6.70882
-6.70939
-6.70966
-6.70962
-6.71024
-6.7112
-6.71251
-6.71286
-6.71387
-6.71459
-6.71531
-6.71541
-6.7165
-6.71663
-6.7171
-6.71727
-6.7181
-6.71926
-6.72012
-6.72099
-6.72187
-6.72276
-6.72398
-6.72456
-6.72547
-6.72638
-6.72697
-6.72853
-6.72976
-6.73002
-6.73027
-6.73084
-6.7314
-6.73196
-6.73282
-6.73399
-6.73482
-6.73531
-6.73578
-6.73655
-6.73666
-6.73739
-6.73842
-6.73911
-6.74041
-6.74039
-6.741
-6.74157
-6.74212
-6.74263
-6.74279
-6.74325
-6.74335
-6.74374
-6.74475
-6.74541
-6.74636
-6.74599
-6.74591
-6.7458
-6.74631
-6.74647
-6.74692
-6.74799
-6.74743
-6.74748
-6.74783
-6.74784
-6.74783
-6.74812
-6.74806
-6.74767
-6.74758
-6.74748
-6.74639
-6.74625
-6.74659
-6.74609
-6.74558
-6.74603
-6.74583
-6.74626
-6.74637
-6.74616
-6.74561
-6.74507
-6.74452
-6.74397
-6.74374
-6.74351
-6.74329
-6.74339
-6.74349
-6.74392
-6.74434
-6.74543
-6.74554
-6.74566
-6.74481
-6.74462
-6.74475
-6.74424
-6.74438
-6.74453
-6.74403
-6.74386
-6.74337
-6.74354
-6.7437
-6.74323
-6.74275
-6.74293
-6.74376
-6.74426
-6.7438
-6.74334
-6.7432
-6.74404
-6.7439
-6.74344
-6.74331
-6.74382
-6.74304
-6.7429
-6.74341
-6.74359
-6.74247
-6.742
-6.74152
-6.74136
-6.74152
-6.74168
-6.74118
-6.74067
-6.74112
-6.74125
-6.74104
-6.74115
-6.7406
-6.73971
-6.73914
-6.73888
-6.73926
-6.73897
-6.73835
-6.73804
-6.73771
-6.73704
-6.73667
-6.73597
-6.73556
-6.73482
-6.73341
-6.73294
-6.73214
-6.7313
-6.73012
-6.72957
-6.72899
-6.72871
-6.7271
-6.72676
-6.7251
-6.72374
-6.72234
-6.72156
-6.72172
-6.72055
-6.71967
-6.71843
-6.71813
-6.7165
-6.71548
-6.71442
-6.71365
-6.71187
-6.71038
-6.70949
-6.70825
-6.70729
-6.7063
-6.70462
-6.70323
-6.7018
-6.70002
-6.69885
-6.69699
-6.69511
-6.69417
-6.69158
-6.69026
-6.68827
-6.68657
-6.68453
-6.68279
-6.68135
-6.6799
-6.67875
-6.6763
-6.67448
-6.67233
-6.6705
-6.66865
-6.66681
-6.66496
-6.66344
-6.66127
-6.66106
-6.65955
-6.65742
-6.65562
-6.65383
-6.65271
-6.65096
-6.64891
-6.64657
-6.64457
-6.64325
-6.64164
-6.63974
-6.6382
-6.63637
-6.63523
-6.63446
-6.63373
-6.63239
-6.63111
-6.62955
-6.62836
-6.6269
-6.62613
-6.62543
-6.62445
-6.62385
-6.62267
-6.62219
-6.62177
-6.6214
-6.62143
-6.62086
-6.62004
-6.6196
-6.61825
-6.61664
-6.61671
-6.61652
-6.6164
-6.61633
-6.61665
-6.61638
-6.6165
-6.617
-6.61692
-6.61721
-6.61693
-6.61637
-6.61685
-6.61706
-6.61797
-6.61862
-6.61965
-6.62073
-6.62121
-6.62208
-6.62331
-6.62525
-6.62659
-6.62797
-6.62908
-6.63024
-6.63144
-6.633
-6.63397
-6.63529
-6.63666
-6.63774
-6.63886
-6.64067
-6.64218
-6.64405
-6.64595
-6.64821
-6.65016
-6.65118
-6.65286
-6.65457
-6.65565
-6.65805
-6.65981
-6.66159
-6.66371
-6.66552
-6.66733
-6.66818
-6.66969
-6.67185
-6.67336
-6.67552
-6.67768
-6.67853
-6.68068
-6.68282
-6.68463
-6.68739
-6.6895
-6.69158
-6.69366
-6.69571
-6.69774
-6.69942
-6.70076
-6.70239
-6.704
-6.70557
-6.7068
-6.70831
-6.70947
-6.71091
-6.712
-6.71305
-6.71438
-6.71568
-6.71695
-6.71817
-6.71902
-6.72017
-6.72159
-6.72298
-6.72335
-6.72433
-6.72528
-6.72553
-6.72606
-6.7272
-6.72863
-6.72969
-6.73103
-6.73201
-6.73263
-6.73353
-6.73472
-6.73521
-6.73567
-6.73642
-6.73712
-6.73682
-6.73712
-6.73739
-6.73729
-6.73748
-6.73828
-6.73808
-6.73783
-6.73852
-6.73885
-6.73946
-6.73971
-6.73959
-6.73912
-6.73925
-6.73901
-6.73874
-6.7381
-6.73807
-6.73703
-6.7366
-6.73742
-6.73626
-6.73538
-6.73414
-6.73415
-6.73316
-6.73212
-6.73168
-6.73088
-6.73037
-6.72981
-6.72857
-6.72826
-6.72661
-6.72558
-6.7245
-6.72338
-6.72223
-6.72071
-6.71852
-6.71693
-6.71628
-6.71431
-6.71262
-6.71156
-6.70981
-6.70707
-6.70592
-6.70474
-6.70354
-6.70264
-6.70107
-6.69948
-6.6982
-6.69722
-6.69526
-6.69296
-6.69194
-6.68962
-6.68794
-6.68626
-6.68425
-6.68257
-6.68023
-6.67823
-6.67559
-6.6736
-6.67162
-6.67031
-6.66901
-6.66772
-6.66646
-6.66457
-6.66303
-6.66152
-6.66004
-6.65924
-6.65783
-6.65613
-6.6548
-6.65319
-6.65194
-6.65074
-6.64927
-6.6485
-6.64746
-6.64648
-6.64555
-6.64436
-6.64355
-6.64313
-6.64213
-6.6412
-6.63969
-6.63955
-6.63916
-6.63852
-6.63827
-6.63811
-6.63899
-6.63931
-6.63938
-6.63953
-6.63911
-6.63942
-6.63949
-6.63997
-6.63988
-6.64019
-6.64123
-6.64267
-6.64355
-6.6445
-6.64554
-6.64729
-6.64848
-6.64909
-6.6501
-6.65151
-6.65201
-6.65421
-6.65517
-6.65653
-6.65828
-6.66041
-6.66227
-6.6642
-6.66682
-6.66853
-6.67093
-6.67274
-6.67524
-6.67746
-6.68004
-6.68233
-6.68434
-6.68669
-6.68875
-6.69051
-6.69293
-6.6957
-6.6988
-6.70127
-6.7031
-6.70557
-6.7074
-6.7102
-6.71299
-6.71512
-6.71789
-6.71934
-6.72175
-6.72381
-6.72617
-6.7285
-6.73047
-6.73273
-6.73495
-6.7368
-6.73926
-6.74135
-6.74403
-6.74568
-6.74826
-6.75045
-6.75193
-6.75399
-6.75534
-6.75663
-6.75816
-6.75962
-6.76101
-6.76168
-6.76259
-6.76407
-6.76514
-6.76678
-6.76672
-6.76754
-6.76958
-6.76958
-6.77047
-6.77063
-6.77199
-6.77198
-6.77252
-6.77264
-6.77236
-6.77328
-6.77347
-6.77228
-6.77132
-6.77126
-6.7711
-6.77055
-6.77055
-6.76951
-6.7687
-6.76847
-6.76751
-6.76616
-6.76473
-6.7642
-6.76361
-6.76296
-6.76159
-6.76049
-6.75933
-6.75715
-6.75621
-6.75491
-6.75323
-6.75184
-6.74976
-6.74862
-6.74648
-6.74463
-6.74276
-6.74055
-6.73864
-6.73671
-6.73446
-6.73316
-6.73089
-6.72894
-6.72731
-6.72537
-6.72278
-6.72052
-6.71828
-6.7148
-6.71292
-6.71106
-6.70923
-6.70773
-6.70594
-6.70352
-6.7021
-6.70038
-6.69869
-6.69605
-6.69506
-6.69312
-6.69154
-6.68933
-6.68812
-6.68759
-6.68611
-6.6853
-6.68355
-6.68181
-6.68107
-6.67905
-6.67803
-6.67637
-6.67539
-6.67409
-6.67249
-6.67122
-6.67029
-6.66906
-6.66816
-6.66759
-6.66672
-6.66619
-6.66502
-6.66322
-6.66208
-6.66128
-6.65953
-6.65844
-6.65737
-6.65665
-6.65529
-6.65461
-6.6533
-6.65235
-6.65174
-6.6502
-6.64933
-6.64817
-6.64738
-6.64662
-6.6459
-6.64554
-6.6449
-6.64463
-6.64473
-6.64423
-6.64378
-6.64338
-6.64304
-6.64339
-6.64413
-6.64395
-6.6435
-6.64343
-6.64342
-6.64346
-6.64357
-6.64405
-6.64459
-6.6455
-6.64615
-6.64587
-6.6463
-6.64677
-6.64729
-6.64818
-6.64911
-6.64943
-6.65012
-6.65083
-6.65126
-6.65269
-6.65318
-6.65336
-6.65422
-6.65542
-6.65696
-6.65787
-6.65912
-6.66005
-6.66099
-6.66193
-6.66255
-6.66415
-6.66445
-6.66507
-6.66634
-6.6676
-6.66886
-6.66978
-6.67037
-6.67128
-6.67185
-6.67274
-6.67296
-6.6735
-6.67468
-6.67488
-6.67506
-6.67588
-6.67637
-6.67652
-6.67763
-6.67873
-6.67885
-6.67961
-6.67939
-6.68013
-6.68183
-6.68256
-6.6836
-6.68496
-6.68501
-6.68571
-6.6864
-6.68677
-6.68777
-6.68845
-6.68977
-6.69076
-6.69142
-6.69208
-6.69305
-6.6937
-6.69401
-6.69433
-6.69463
-6.69461
-6.69523
-6.69552
-6.69612
-6.69672
-6.69699
-6.69693
-6.69719
-6.69743
-6.69832
-6.69952
-6.69974
-6.69963
-6.69952
-6.70004
-6.70087
-6.70137
-6.70154
-6.70137
-6.70184
-6.70295
-6.70405
-6.7045
-6.70493
-6.70504
-6.70545
-6.70554
-6.70628
-6.70668
-6.70708
-6.70812
-6.70916
-6.70858
-6.708
-6.70808
-6.70783
-6.70855
-6.70896
-6.70969
-6.70914
-6.70925
-6.71001
-6.71046
-6.7106
-6.71173
-6.7119
-6.71242
-6.71198
-6.71188
-6.71246
-6.71273
-6.71334
-6.71463
-6.71497
-6.71566
-6.71541
-6.71648
-6.7166
-6.71707
-6.71854
-6.71875
-6.71994
-6.72117
-6.72209
-6.72304
-6.72401
-6.72565
-6.72699
-6.72802
-6.73037
-6.73112
-6.7322
-6.73232
-6.73375
-6.73487
-6.73599
-6.73744
-6.73857
-6.73969
-6.74113
-6.74289
-6.74431
-6.74475
-6.74582
-6.74752
-6.74822
-6.74922
-6.74955
-6.7505
-6.75141
-6.75261
-6.75377
-6.75456
-6.75563
-6.75634
-6.75667
-6.75825
-6.75912
-6.75962
-6.76038
-6.76076
-6.7614
-6.76198
-6.76315
-6.76328
-6.76335
-6.76368
-6.76395
-6.76415
-6.76461
-6.76436
-6.76405
-6.76367
-6.76324
-6.76209
-6.76154
-6.76093
-6.76027
-6.75987
-6.75911
-6.75862
-6.75776
-6.75719
-6.75593
-6.75495
-6.75298
-6.75163
-6.75057
-6.74949
-6.74743
-6.74599
-6.7439
-6.74246
-6.74133
-6.74052
-6.74005
-6.73958
-6.73847
-6.73705
-6.73597
-6.73588
-6.73452
-6.73383
-6.73316
-6.73285
-6.73192
-6.73037
-6.72918
-6.72868
-6.72853
-6.72745
-6.72737
-6.72669
-6.72604
-6.72543
-6.72454
-6.72401
-6.72351
-6.72306
-6.72296
-6.72226
-6.72256
-6.72225
-6.7223
-6.72206
-6.7225
-6.72265
-6.72186
-6.72142
-6.72134
-6.72095
-6.72092
-6.72123
-6.72157
-6.72161
-6.72134
-6.72174
-6.72215
-6.72225
-6.72237
-6.72249
-6.72166
-6.72148
-6.72163
-6.72081
-6.72096
-6.72144
-6.72126
-6.7214
-6.72122
-6.72102
-6.72114
-6.7219
-6.72199
-6.72206
-6.72212
-6.72215
-6.72249
-6.72216
-6.72212
-6.72142
-6.72068
-6.72089
-6.72011
-6.72026
-6.7194
-6.71917
-6.71922
-6.71892
-6.7189
-6.71886
-6.71845
-6.71769
-6.71721
-6.71702
-6.71615
-6.71622
-6.7156
-6.71463
-6.71427
-6.71258
-6.71183
-6.71072
-6.7099
-6.70873
-6.70786
-6.70663
-6.70505
-6.7041
-6.70279
-6.70212
-6.70174
-6.7007
-6.70029
-6.69856
-6.69747
-6.69668
-6.69492
-6.69379
-6.69329
-6.69118
-6.69003
-6.68823
-6.68675
-6.68591
-6.68346
-6.68231
-6.68148
-6.68034
-6.67985
-6.67839
-6.67695
-6.67584
-6.67539
-6.67463
-6.67259
-6.6709
-6.66987
-6.66885
-6.66786
-6.66689
-6.66595
-6.66536
-6.66479
-6.66489
-6.66406
-6.66391
-6.66313
-6.66174
-6.66135
-6.66068
-6.66003
-6.65975
-6.6595
-6.66026
-6.65976
-6.65898
-6.65888
-6.6585
-6.65815
-6.65752
-6.65758
-6.65671
-6.65588
-6.65574
-6.65531
-6.65524
-6.65489
-6.65458
-6.65495
-6.65536
-6.65581
-6.65662
-6.65682
-6.6577
-6.65829
-6.65859
-6.65859
-6.65895
-6.65868
-6.6591
-6.65889
-6.65902
-6.66016
-6.66034
-6.66086
-6.66108
-6.66163
-6.66155
-6.66181
-6.66175
-6.66266
-6.66262
-6.66322
-6.66447
-6.66507
-6.66567
-6.66626
-6.66749
-6.66774
-6.66831
-6.66918
-6.66939
-6.67088
-6.67106
-6.67186
-6.67198
-6.67241
-6.67281
-6.67286
-6.67321
-6.67352
-6.67412
-6.67437
-6.67458
-6.67476
-6.67458
-6.67436
-6.6741
-6.67543
-6.67446
-6.67409
-6.67402
-6.6739
-6.67439
-6.67452
-6.6743
-6.67403
-6.67372
-6.67339
-6.67333
-6.67292
-6.67216
-6.67168
-6.67182
-6.67096
-6.66975
-6.66916
-6.66855
-6.66823
-6.66687
-6.66648
-6.66576
-6.66534
-6.66426
-6.66316
-6.66174
-6.6616
-6.66113
-6.66066
-6.6605
-6.66002
-6.65889
-6.65809
-6.65793
-6.65714
-6.65537
-6.65491
-6.65511
-6.65435
-6.65457
-6.65383
-6.65278
-6.65174
-6.65072
-6.65004
-6.64905
-6.64841
-6.64714
-6.64686
-6.64629
-6.64574
-6.64586
-6.64504
-6.6449
-6.64479
-6.64472
-6.6437
-6.64305
-6.64243
-6.6425
-6.64261
-6.64211
-6.64199
-6.6419
-6.64219
-6.64155
-6.64161
-6.64172
-6.64189
-6.64178
-6.64206
-6.6424
-6.64344
-6.64358
-6.64378
-6.64437
-6.6447
-6.64542
-6.64588
-6.64706
-6.64798
-6.64962
-6.65068
-6.65149
-6.65302
-6.65364
-6.65531
-6.65639
-6.65754
-6.65941
-6.66069
-6.66203
-6.66409
-6.6662
-6.66901
-6.67123
-6.67286
-6.67485
-6.67754
-6.67962
-6.68174
-6.68389
-6.68543
-6.68732
-6.68955
-6.69213
-6.69472
-6.69668
-6.69897
-6.70095
-6.70357
-6.70554
-6.70784
-6.71012
-6.71207
-6.71465
-6.71722
-6.71976
-6.72164
-6.72413
-6.7266
-6.72807
-6.73112
-6.73318
-6.73455
-6.73653
-6.73848
-6.74137
-6.74357
-6.74573
-6.74753
-6.74897
-6.75004
-6.75205
-6.75402
-6.75596
-6.75753
-6.75972
-6.76089
-6.76236
-6.76378
-6.76486
-6.76686
-6.76819
-6.76917
-6.77076
-6.77166
-6.77287
-6.77436
-6.7755
-6.77661
-6.77769
-6.77939
-6.78171
-6.78303
-6.78399
-6.78363
-6.78485
-6.78572
-6.78624
-6.78736
-6.78781
-6.78821
-6.78825
-6.78857
-6.78918
-6.79006
-6.79025
-6.79136
-6.79275
-6.79279
-6.79309
-6.79302
-6.79257
-6.7927
-6.79244
-6.79244
-6.7927
-6.79256
-6.79267
-6.79174
-6.79138
-6.79095
-6.78979
-6.78887
-6.78852
-6.78776
-6.78594
-6.78566
-6.78465
-6.78388
-6.78237
-6.7811
-6.77909
-6.77797
-6.77644
-6.77483
-6.77281
-6.77103
-6.77015
-6.76886
-6.76685
-6.76445
-6.76229
-6.75942
-6.75714
-6.75478
-6.7527
-6.75023
-6.74803
-6.74611
-6.74381
-6.7405
-6.73748
-6.73475
-6.73199
-6.72919
-6.72703
-6.72355
-6.72006
-6.71753
-6.715
-6.71215
-6.70865
-6.70581
-6.70298
-6.70018
-6.69739
-6.69528
-6.6919
-6.68921
-6.6859
-6.68361
-6.68072
-6.67788
-6.67477
-6.67301
-6.67066
-6.66838
-6.66519
-6.66337
-6.66194
-6.65994
-6.65801
-6.65552
-6.65343
-6.65175
-6.65015
-6.64831
-6.64687
-6.64553
-6.64492
-6.64342
-6.64331
-6.64297
-6.64206
-6.64125
-6.64085
-6.64021
-6.63998
-6.63822
-6.63946
-6.63949
-6.63862
-6.63946
-6.63908
-6.63845
-6.63887
-6.63935
-6.63926
-6.63924
-6.6396
-6.63906
-6.6389
-6.63912
-6.63874
-6.63907
-6.64009
-6.6405
-6.64129
-6.64211
-6.64264
-6.64386
-6.6451
-6.64637
-6.64702
-6.64802
-6.64871
-6.64974
-6.65014
-6.6525
-6.6539
-6.65465
-6.65574
-6.65684
-6.65697
-6.65839
-6.65917
-6.66092
-6.66299
-6.66442
-6.66616
-6.66758
-6.66802
-6.66878
-6.66987
-6.67062
-6.67202
-6.67277
-6.67384
-6.67458
-6.67532
-6.67638
-6.67745
-6.67884
-6.68088
-6.68227
-6.68367
-6.68443
-6.68585
-6.68695
-6.68806
-6.68918
-6.69032
-6.69148
-6.69298
-6.69384
-6.69538
-6.69661
-6.69787
-6.69916
-6.70079
-6.70245
-6.70381
-6.70521
-6.70663
-6.70841
-6.70957
-6.71109
-6.71297
-6.71488
-6.71682
-6.71848
-6.72017
-6.72157
-6.72365
-6.72511
-6.72693
-6.72878
-6.73131
-6.73354
-6.73483
-6.73712
-6.73879
-6.74112
-6.74348
-6.74522
-6.74762
-6.74906
-6.75117
-6.75297
-6.75511
-6.75726
-6.75942
-6.76158
-6.76407
-6.76657
-6.76874
-6.77091
-6.77243
-6.77459
-6.77706
-6.77985
-6.78231
-6.78476
-6.78686
-6.78895
-6.79069
-6.79273
-6.7941
-6.79608
-6.79739
-6.799
-6.80056
-6.8021
-6.80359
-6.80536
-6.80677
-6.80781
-6.80913
-6.81072
-6.81323
-6.81472
-6.81614
-6.81751
-6.81881
-6.82038
-6.82155
-6.82298
-6.82466
-6.82594
-6.82715
-6.8286
-6.82901
-6.82933
-6.83021
-6.83036
-6.83042
-6.83006
-6.83091
-6.83166
-6.83232
-6.83288
-6.83367
-6.83338
-6.83365
-6.83348
-6.83289
-6.83251
-6.83139
-6.83049
-6.82916
-6.82772
-6.82618
-6.82454
-6.82376
-6.82191
-6.8206
-6.81887
-6.81672
-6.81512
-6.81343
-6.81165
-6.80913
-6.8062
-6.80352
-6.80108
-6.79857
-6.79567
-6.79205
-6.78903
-6.78595
-6.78347
-6.7803
-6.77742
-6.77386
-6.77092
-6.76731
-6.76467
-6.76137
-6.75775
-6.75445
-6.75085
-6.74824
-6.74533
-6.74246
-6.73929
-6.73618
-6.73279
-6.73043
-6.7278
-6.72492
-6.72244
-6.72003
-6.71769
-6.71577
-6.71393
-6.71185
-6.70987
-6.70797
-6.70617
-6.70413
-6.70349
-6.7023
-6.70023
-6.6989
-6.69701
-6.69554
-6.69481
-6.69383
-6.6923
-6.69182
-6.69109
-6.69076
-6.68986
-6.68902
-6.68857
-6.68786
-6.68818
-6.6879
-6.68766
-6.68715
-6.68668
-6.68624
-6.68648
-6.68675
-6.6864
-6.68639
-6.68607
-6.68577
-6.6858
-6.68552
-6.68492
-6.68497
-6.68469
-6.68474
-6.6851
-6.68546
-6.68582
-6.68616
-6.68617
-6.68585
-6.68583
-6.68549
-6.68578
-6.68638
-6.68664
-6.68657
-6.68649
-6.68596
-6.68488
-6.68444
-6.68464
-6.6845
-6.68501
-6.68584
-6.68537
-6.68522
-6.68475
-6.68558
-6.68608
-6.68627
-6.68516
-6.68536
-6.68557
-6.68482
-6.68408
-6.68433
-6.68426
-6.68486
-6.68515
-6.68482
-6.68482
-6.68485
-6.68522
-6.68529
-6.68506
-6.68517
-6.68532
-6.68548
-6.68632
-6.68719
-6.68744
-6.68803
-6.68897
-6.68961
-6.68963
-6.69
-6.69006
-6.69047
-6.69024
-6.69133
-6.69147
-6.69194
-6.69243
-6.69324
-6.69342
-6.69393
-6.69444
-6.69496
-6.69547
-6.69663
-6.69777
-6.69794
-6.69841
-6.69952
-6.69995
-6.70037
-6.70075
-6.70079
-6.70176
-6.7014
-6.70133
-6.70187
-6.70139
-6.70151
-6.70158
-6.7003
-6.70091
-6.70082
-6.70067
-6.70013
-6.6992
-6.69919
-6.6991
-6.69863
-6.69841
-6.69845
-6.69777
-6.69702
-6.69652
-6.69563
-6.69499
-6.69395
-6.6922
-6.69135
-6.69043
-6.6901
-6.68841
-6.68698
-6.68548
-6.68393
-6.68232
-6.68065
-6.67893
-6.67684
-6.67568
-6.6735
-6.6716
-6.66967
-6.6677
-6.6657
-6.664
-6.66195
-6.65956
-6.65748
-6.65538
-6.65263
-6.65053
-6.64908
-6.64666
-6.64457
-6.64282
-6.64045
-6.63809
-6.63608
-6.63411
-6.63217
-6.63059
-6.62775
-6.62561
-6.6232
-6.62116
-6.61982
-6.61822
-6.61668
-6.61489
-6.61316
-6.61118
-6.6096
-6.60809
-6.60699
-6.60598
-6.60569
-6.60517
-6.60408
-6.60374
-6.60413
-6.6043
-6.60423
-6.60394
-6.60374
-6.60461
-6.60461
-6.60503
-6.60489
-6.60583
-6.60622
-6.6067
-6.60728
-6.60828
-6.6084
-6.60927
-6.6099
-6.61063
-6.61242
-6.61268
-6.61432
-6.6154
-6.61657
-6.61815
-6.61981
-6.62187
-6.62336
-6.62492
-6.62688
-6.62858
-6.63068
-6.63186
-6.63376
-6.63637
-6.63805
-6.64011
-6.64287
-6.64535
-6.64819
-6.65107
-6.65398
-6.65628
-6.65893
-6.66224
-6.66493
-6.66764
-6.67003
-6.67211
-6.67516
-6.67756
-6.68061
-6.68299
-6.68602
-6.68837
-6.69103
-6.69367
-6.69563
-6.69853
-6.70075
-6.70325
-6.70636
-6.70844
-6.71048
-6.71247
-6.71506
-6.71726
-6.7194
-6.72147
-6.72381
-6.72576
-6.72764
-6.72945
-6.73151
-6.7335
-6.73542
-6.73695
-6.73807
-6.73847
-6.73945
-6.74003
-6.74053
-6.74161
-6.74294
-6.7442
-6.74539
-6.74586
-6.74691
-6.74789
-6.74881
-6.74966
-6.75013
-6.75054
-6.75057
-6.75054
-6.75014
-6.75065
-6.75048
-6.74993
-6.74966
-6.74968
-6.74902
-6.74929
-6.74856
-6.74845
-6.74832
-6.74817
-6.74799
-6.7478
-6.74792
-6.74771
-6.74781
-6.74758
-6.74801
-6.74811
-6.74756
-6.74735
-6.74715
-6.74728
-6.74808
-6.74824
-6.74843
-6.74896
-6.74919
-6.74945
-6.74974
-6.74972
-6.74942
-6.74914
-6.74955
-6.74967
-6.75047
-6.75033
-6.75023
-6.75049
-6.75079
-6.75177
-6.75214
-6.75223
-6.753
-6.75284
-6.75368
-6.75392
-6.75419
-6.75481
-6.75612
-6.75649
-6.75624
-6.757
-6.75876
-6.75957
-6.76073
-6.7616
-6.76216
-6.76275
-6.76368
-6.7643
-6.76526
-6.76623
-6.76787
-6.76886
-6.76954
-6.77088
-6.77286
-6.77355
-6.77457
-6.7759
-6.77626
-6.77725
-6.77856
-6.7805
-6.78146
-6.78272
-6.78396
-6.78486
-6.78605
-6.78722
-6.78803
-6.78881
-6.78956
-6.79124
-6.79191
-6.79286
-6.79312
-6.79397
-6.79414
-6.79457
-6.79495
-6.79462
-6.79521
-6.79542
-6.79589
-6.79565
-6.79631
-6.79627
-6.79647
-6.79564
-6.79506
-6.79441
-6.79369
-6.79355
-6.793
-6.79173
-6.79136
-6.79026
-6.78876
-6.78783
-6.7865
-6.78607
-6.78458
-6.78334
-6.78202
-6.78062
-6.77914
-6.77727
-6.77564
-6.77426
-6.77345
-6.77224
-6.77064
-6.76865
-6.76593
-6.76412
-6.76128
-6.75869
-6.75604
-6.75332
-6.75055
-6.74805
-6.74582
-6.74386
-6.74088
-6.73785
-6.73477
-6.73166
-6.72916
-6.72629
-6.72372
-6.72143
-6.7188
-6.71614
-6.71314
-6.70914
-6.70675
-6.7037
-6.70128
-6.69854
-6.69481
-6.69174
-6.68899
-6.68559
-6.68221
-6.67851
-6.6745
-6.6718
-6.66815
-6.66517
-6.66092
-6.65799
-6.65574
-6.65287
-6.65036
-6.6482
-6.64544
-6.64272
-6.64004
-6.63676
-6.63385
-6.63131
-6.6285
-6.62541
-6.62334
-6.62133
-6.62003
-6.61749
-6.61533
-6.61356
-6.61184
-6.60986
-6.60794
-6.60641
-6.6043
-6.60225
-6.60059
-6.59899
-6.59746
-6.59535
-6.5933
-6.59197
-6.59039
-6.58886
-6.58806
-6.58635
-6.58502
-6.58474
-6.58387
-6.58339
-6.58233
-6.58166
-6.58008
-6.5792
-6.57807
-6.57765
-6.57761
-6.57666
-6.5761
-6.57559
-6.57611
-6.57571
-6.57537
-6.57605
-6.57582
-6.57629
-6.5768
-6.57704
-6.57732
-6.57797
-6.57867
-6.5794
-6.57986
-6.5797
-6.58024
-6.5808
-6.58141
-6.58205
-6.58239
-6.58309
-6.58349
-6.58457
-6.58535
-6.5855
-6.586
-6.58621
-6.58675
-6.58732
-6.58855
-6.58915
-6.59042
-6.59235
-6.59332
-6.59399
-6.59499
-6.596
-6.59703
-6.59838
-6.59878
-6.60016
-6.60123
-6.60263
-6.60372
-6.60481
-6.60624
-6.60768
-6.60848
-6.60897
-6.61012
-6.61095
-6.6118
-6.61331
-6.61451
-6.61572
-6.61695
-6.61884
