0.8
0.799916
0.799665
0.799248
0.798664
0.797914
0.797
0.79592
0.794677
0.793271
0.791703
0.789973
0.788082
0.786031
0.783822
0.781456
0.778933
0.776256
0.773426
0.770445
0.767314
0.764036
0.760612
0.757043
0.753332
0.749477
0.745484
0.741355
0.737089
0.732688
0.728154
0.723488
0.718693
0.713769
0.708719
0.703545
0.698249
0.692835
0.687303
0.681657
0.675899
0.670032
0.664057
0.65798
0.651803
0.645528
0.639159
0.6327
0.626152
0.619519
0.612805
0.606014
0.599149
0.592214
0.585213
0.57815
0.571029
0.563855
0.556632
0.549364
0.542055
0.534709
0.527332
0.519929
0.512503
0.505059
0.497603
0.49014
0.482673
0.475208
0.46775
0.460304
0.452875
0.445469
0.438089
0.430742
0.423433
0.416167
0.408949
0.401784
0.394677
0.387634
0.380658
0.373757
0.366933
0.360193
0.353541
0.346981
0.34052
0.33416
0.327907
0.321765
0.315738
0.309831
0.304046
0.298389
0.292863
0.287472
0.282218
0.277106
0.272139
0.267319
0.262649
0.258131
0.253769
0.249563
0.245517
0.241632
0.237909
0.234349
0.230955
0.227726
0.224663
0.221767
0.219038
0.216477
0.214083
0.211856
0.209796
0.207901
0.206172
0.204606
0.203202
0.20196
0.200877
0.199951
0.199181
0.198565
0.1981
0.197782
0.197611
0.197583
0.197696
0.197945
0.198329
0.198843
0.199485
0.20025
0.201136
0.202139
0.203255
0.20448
0.20581
0.207242
0.208772
0.210396
0.21211
0.213909
0.21579
0.217749
0.219781
0.221883
0.22405
0.226278
0.228564
0.230903
0.233293
0.235727
0.238204
0.240718
0.243266
0.245844
0.248449
0.251076
0.253722
0.256383
0.259057
0.26174
0.264428
0.267118
0.269807
0.272492
0.275169
0.277837
0.280493
0.283132
0.285754
0.288354
0.290931
0.293482
0.296006
0.298498
0.300958
0.303383
0.305771
0.308121
0.31043
0.312696
0.314919
0.317096
0.319227
0.32131
0.323342
0.325324
0.327253
0.32913
0.330952
0.332719
0.33443
0.336085
0.337682
0.339222
0.340703
0.342127
0.343491
0.344797
0.346043
0.34723
0.348356
0.349423
0.350431
0.351379
0.352267
0.353097
0.353869
0.354581
0.355236
0.355833
0.356372
0.356856
0.357284
0.357657
0.357976
0.35824
0.358452
0.358612
0.35872
0.358777
0.358785
0.358745
0.358657
0.358523
0.358343
0.35812
0.357854
0.357546
0.357198
0.356811
0.356386
0.355925
0.355428
0.354896
0.354333
0.353738
0.353113
0.35246
0.35178
0.351074
0.350344
0.349591
0.348817
0.348023
0.34721
0.346381
0.345536
0.344677
0.343806
0.342925
0.342035
0.341138
0.340234
0.339325
0.338412
0.337498
0.336582
0.335668
0.334756
0.333849
0.332947
0.332052
0.331165
0.330288
0.329423
0.32857
0.327732
0.326911
0.326106
0.325319
0.324552
0.323805
0.323081
0.32238
0.321704
0.321053
0.320429
0.319834
0.319268
0.318733
0.31823
0.31776
0.317324
0.316925
0.316561
0.316235
0.315946
0.315697
0.315487
0.315319
0.315193
0.315109
0.315069
0.315072
0.31512
0.315214
0.315354
0.315541
0.315775
0.316058
0.316389
0.316769
0.317199
0.317679
0.31821
0.318791
0.319424
0.320107
0.32084
0.321625
0.322461
0.323349
0.324288
0.325278
0.32632
0.327412
0.328555
0.329749
0.330991
0.332284
0.333626
0.335017
0.336455
0.337941
0.339475
0.341055
0.342681
0.344352
0.346068
0.347827
0.349629
0.351471
0.353353
0.355274
0.357233
0.359229
0.361259
0.363324
0.365421
0.36755
0.369708
0.371895
0.374108
0.376346
0.378609
0.380894
0.383201
0.385527
0.387871
0.39023
0.392604
0.394992
0.397391
0.399799
0.402215
0.404636
0.40706
0.409487
0.411914
0.414339
0.416761
0.419177
0.421587
0.423988
0.426379
0.428758
0.431123
0.433472
0.435804
0.438118
0.44041
0.44268
0.444926
0.447148
0.449343
0.45151
0.453648
0.455755
0.457828
0.459868
0.461872
0.46384
0.465771
0.467661
0.469512
0.471321
0.473088
0.474811
0.476489
0.478123
0.47971
0.48125
0.482743
0.484186
0.485581
0.486925
0.48822
0.489462
0.490653
0.491792
0.492878
0.493911
0.494889
0.495814
0.496684
0.497499
0.498261
0.498968
0.499621
0.500221
0.500766
0.501256
0.501693
0.502078
0.502409
0.502686
0.502909
0.503079
0.503197
0.503262
0.503277
0.50324
0.503153
0.503017
0.502832
0.502598
0.502317
0.50199
0.501617
0.501198
0.500736
0.500229
0.49968
0.49909
0.498459
0.497789
0.49708
0.496334
0.49555
0.494732
0.493879
0.492994
0.492077
0.49113
0.490153
0.489147
0.488114
0.487056
0.485972
0.484865
0.483736
0.482585
0.481415
0.480225
0.479017
0.477792
0.476551
0.475294
0.474024
0.472743
0.47145
0.470148
0.468837
0.467518
0.466193
0.464863
0.463528
0.46219
0.46085
0.45951
0.458169
0.456828
0.455489
0.454153
0.45282
0.451492
0.450168
0.44885
0.447538
0.446234
0.444938
0.44365
0.442371
0.441101
0.439842
0.438593
0.437356
0.436129
0.434915
0.433712
0.432523
0.431347
0.800219
0.798552
0.796827
0.795047
0.79321
0.791316
0.789366
0.787359
0.785296
0.783177
0.781002
0.778773
0.776491
0.774154
0.771764
0.76932
0.766825
0.764278
0.76168
0.759032
0.756333
0.753584
0.750786
0.747939
0.745045
0.742106
0.739122
0.736094
0.733024
0.729912
0.726758
0.723564
0.720331
0.71706
0.713754
0.710414
0.707042
0.703638
0.700204
0.696742
0.693254
0.68974
0.686203
0.682644
0.679065
0.675468
0.671855
0.668229
0.664592
0.660945
0.65729
0.653631
0.649968
0.646305
0.642643
0.638986
0.635336
0.631695
0.628065
0.624449
0.62085
0.61727
0.613712
0.610179
0.606674
0.603198
0.599755
0.596346
0.592975
0.589645
0.58636
0.583121
0.579932
0.576794
0.57371
0.570682
0.567712
0.564803
0.561958
0.559178
0.556467
0.553826
0.551259
0.548766
0.54635
0.544014
0.541757
0.539584
0.537495
0.535492
0.533577
0.531751
0.530014
0.528369
0.526815
0.525355
0.523987
0.522715
0.521536
0.520453
0.519464
0.518571
0.517773
0.51707
0.516462
0.515948
0.515527
0.515199
0.514963
0.514817
0.514759
0.51479
0.514907
0.515108
0.515392
0.515757
0.516202
0.516724
0.517321
0.51799
0.51873
0.519537
0.520411
0.521348
0.522346
0.5234
0.524508
0.525668
0.526876
0.52813
0.529426
0.530762
0.532134
0.533539
0.534975
0.536439
0.537927
0.539438
0.540967
0.542512
0.544071
0.54564
0.547217
0.5488
0.550386
0.551974
0.55356
0.555142
0.556718
0.558286
0.559844
0.561389
0.562921
0.564438
0.565938
0.56742
0.568881
0.570321
0.571737
0.573129
0.574498
0.57584
0.577156
0.578444
0.579704
0.580935
0.582136
0.583307
0.584448
0.58556
0.586641
0.587691
0.588709
0.589696
0.590652
0.591575
0.592468
0.593329
0.594158
0.594955
0.595721
0.596456
0.59716
0.597833
0.598477
0.59909
0.599674
0.600227
0.60075
0.601246
0.601714
0.602153
0.602565
0.602949
0.603308
0.60364
0.603946
0.604225
0.604479
0.604709
0.604914
0.605095
0.605253
0.605388
0.605501
0.605594
0.605666
0.605717
0.605747
0.605758
0.60575
0.605724
0.60568
0.605619
0.60554
0.605445
0.605334
0.605207
0.605065
0.604907
0.604736
0.604551
0.604353
0.604142
0.60392
0.603686
0.603444
0.603191
0.602928
0.602656
0.602376
0.602088
0.601794
0.601493
0.601186
0.600875
0.60056
0.600242
0.59992
0.599596
0.59927
0.598944
0.598618
0.598293
0.59797
0.597649
0.59733
0.597014
0.5967
0.59639
0.596085
0.595784
0.595489
0.5952
0.594917
0.594641
0.594373
0.594114
0.593864
0.593624
0.593394
0.593175
0.592967
0.59277
0.592585
0.592411
0.592249
0.5921
0.591964
0.591841
0.591731
0.591637
0.591556
0.59149
0.591439
0.591403
0.591382
0.591376
0.591386
0.59141
0.591451
0.591507
0.591578
0.591664
0.591765
0.591882
0.592014
0.59216
0.592322
0.592498
0.59269
0.592896
0.593116
0.593352
0.593603
0.593868
0.594146
0.594437
0.59474
0.595057
0.595386
0.595727
0.596081
0.596446
0.596823
0.597211
0.597609
0.598018
0.598437
0.598867
0.599307
0.599756
0.600215
0.600684
0.601162
0.601649
0.602144
0.602649
0.603161
0.603682
0.604212
0.60475
0.605296
0.60585
0.606412
0.606981
0.607558
0.608143
0.608734
0.609333
0.609939
0.610554
0.611177
0.611807
0.612444
0.613088
0.613738
0.614395
0.615057
0.615725
0.616398
0.617076
0.617759
0.618448
0.619141
0.619838
0.620539
0.621242
0.621949
0.622658
0.623369
0.624081
0.624793
0.625505
0.626216
0.626925
0.627633
0.62834
0.629042
0.62974
0.630433
0.631119
0.631799
0.632471
0.633134
0.633787
0.634429
0.635057
0.635671
0.63627
0.636854
0.63742
0.637969
0.638499
0.639008
0.639495
0.639958
0.640397
0.640811
0.641198
0.641557
0.641888
0.642188
0.642459
0.642698
0.642904
0.643075
0.643211
0.643312
0.643377
0.643403
0.643391
0.64334
0.64325
0.64312
0.642948
0.642734
0.642478
0.642179
0.641837
0.641452
0.641024
0.640553
0.640038
0.639479
0.638877
0.638232
0.637545
0.636815
0.636042
0.635226
0.634369
0.633471
0.632533
0.631555
0.630537
0.62948
0.628386
0.627255
0.626088
0.624885
0.623648
0.622379
0.621079
0.619749
0.61839
0.617004
0.615591
0.614153
0.612692
0.611209
0.609706
0.608185
0.606646
0.605092
0.603523
0.601943
0.600354
0.598756
0.59715
0.595538
0.593922
0.592304
0.590685
0.589066
0.58745
0.585839
0.584235
0.582638
0.581052
0.579476
0.577913
0.576365
0.574832
0.573318
0.571823
0.570349
0.568895
0.567466
0.566061
0.564683
0.563333
0.562011
0.560718
0.559454
0.558223
0.557024
0.555859
0.554727
0.55363
0.552569
0.551545
0.550557
0.549607
0.548696
0.547822
0.546987
0.546191
0.545434
0.544716
0.544037
0.543397
0.542796
0.542235
0.541714
0.541232
0.540789
0.540385
0.540019
0.53969
0.539398
0.539144
0.538926
0.538743
0.538593
0.538479
0.538398
0.538349
0.538331
0.538345
0.799904
0.79988
0.799821
0.799725
0.799591
0.79942
0.79921
0.79896
0.798669
0.798336
0.79796
0.79754
0.797079
0.796574
0.796024
0.795428
0.794786
0.794097
0.79336
0.792575
0.791743
0.790863
0.789932
0.788953
0.787924
0.786847
0.78572
0.784542
0.783314
0.782036
0.780706
0.779326
0.777894
0.776413
0.774882
0.773301
0.771669
0.769987
0.768255
0.766474
0.764643
0.762763
0.760833
0.758853
0.756825
0.754748
0.752622
0.750449
0.74823
0.745964
0.743653
0.741297
0.738895
0.736449
0.73396
0.731428
0.728855
0.72624
0.723585
0.720891
0.718159
0.71539
0.712586
0.709748
0.706877
0.703975
0.701042
0.698081
0.695093
0.692079
0.689042
0.685984
0.682907
0.679813
0.676703
0.673579
0.670443
0.6673
0.66415
0.660995
0.657839
0.654684
0.651532
0.648387
0.645251
0.642127
0.639019
0.635929
0.632861
0.629818
0.626804
0.623822
0.620877
0.61797
0.615107
0.61229
0.609523
0.606809
0.604152
0.601556
0.599023
0.59656
0.594168
0.591851
0.589613
0.587459
0.585391
0.583412
0.581525
0.579734
0.578041
0.57645
0.574964
0.573585
0.572317
0.571161
0.57012
0.569196
0.568391
0.567707
0.567146
0.566708
0.566395
0.566207
0.566147
0.566213
0.566409
0.566733
0.567186
0.567768
0.568478
0.569315
0.57028
0.57137
0.572584
0.573922
0.575381
0.57696
0.578657
0.580471
0.582398
0.584437
0.586585
0.58884
0.591198
0.593657
0.596214
0.598867
0.601611
0.604444
0.607363
0.610364
0.613443
0.616598
0.619824
0.623119
0.626478
0.629899
0.633378
0.636911
0.640496
0.644129
0.647805
0.651522
0.655276
0.659064
0.662882
0.666727
0.670596
0.674486
0.678395
0.682318
0.686252
0.690194
0.694141
0.698091
0.70204
0.705986
0.709925
0.713856
0.717776
0.721682
0.725572
0.729444
0.733295
0.737122
0.740925
0.7447
0.748445
0.752158
0.755838
0.75948
0.763085
0.76665
0.770174
0.773656
0.777094
0.780486
0.78383
0.787126
0.790371
0.793563
0.796702
0.799786
0.802815
0.805787
0.808701
0.811556
0.814351
0.817085
0.819756
0.822364
0.824909
0.827391
0.829808
0.832159
0.834444
0.836662
0.838814
0.840897
0.842913
0.844859
0.846736
0.848544
0.850281
0.851948
0.853543
0.855069
0.856526
0.857912
0.859227
0.860472
0.861647
0.862752
0.863786
0.864749
0.865641
0.866461
0.867211
0.86789
0.868499
0.869037
0.869506
0.869906
0.870239
0.870502
0.870697
0.870823
0.870882
0.870874
0.870799
0.87066
0.870455
0.870185
0.869851
0.869453
0.868994
0.868473
0.867891
0.867247
0.866544
0.865781
0.864961
0.864084
0.863151
0.862164
0.861123
0.860029
0.858884
0.857691
0.856449
0.855158
0.853821
0.852437
0.851011
0.849542
0.848032
0.846483
0.844896
0.843272
0.841614
0.839922
0.838198
0.836444
0.834661
0.832851
0.831017
0.829158
0.827278
0.825378
0.82346
0.821525
0.819575
0.817614
0.815642
0.813661
0.811673
0.809679
0.807683
0.805686
0.803689
0.801693
0.799702
0.797717
0.795739
0.79377
0.791811
0.789864
0.787931
0.786014
0.784114
0.782234
0.780375
0.778539
0.776727
0.774942
0.773186
0.771458
0.769761
0.768096
0.766465
0.764869
0.763311
0.761792
0.760314
0.75888
0.757489
0.756143
0.754844
0.753592
0.752391
0.751242
0.750145
0.749102
0.748113
0.74718
0.746301
0.745477
0.74471
0.744
0.743346
0.742751
0.742213
0.74173
0.741303
0.740929
0.740609
0.74034
0.740123
0.739953
0.739831
0.739754
0.73972
0.739729
0.739779
0.739866
0.739988
0.740143
0.740328
0.740541
0.740778
0.741035
0.741311
0.741603
0.741909
0.742226
0.742551
0.742882
0.743216
0.74355
0.743883
0.744212
0.744535
0.74485
0.745154
0.745447
0.745727
0.745992
0.74624
0.74647
0.746681
0.746873
0.747043
0.747191
0.747317
0.747419
0.747498
0.747554
0.747586
0.747594
0.747576
0.747533
0.747465
0.747372
0.747255
0.747114
0.74695
0.746762
0.746551
0.746318
0.746063
0.745786
0.74549
0.745173
0.744837
0.744481
0.744108
0.743718
0.74331
0.742885
0.742444
0.741987
0.741516
0.741031
0.740533
0.740022
0.739499
0.738964
0.738417
0.737861
0.737297
0.736725
0.736145
0.735559
0.734965
0.734365
0.733759
0.733147
0.73253
0.73191
0.731286
0.730659
0.730029
0.729395
0.728759
0.728121
0.727483
0.726845
0.726207
0.725569
0.724932
0.724296
0.723663
0.723033
0.722406
0.721783
0.721164
0.720552
0.719944
0.719344
0.71875
0.718163
0.717585
0.717015
0.716455
0.715906
0.715368
0.714842
0.714329
0.71383
0.713346
0.712877
0.712423
0.711986
0.711567
0.711164
0.710781
0.710417
0.710072
0.709747
0.709442
0.709157
0.708893
0.708649
0.708426
0.708222
0.70804
0.707878
0.707736
0.707612
0.707507
0.70742
0.707348
0.707292
0.707251
0.707225
0.707212
0.707211
0.707222
0.707242
0.70727
0.707304
0.707344
0.707388
0.707433
0.707477
0.70752
0.70756
0.707596
0.707626
0.799878
0.799755
0.799593
0.799391
0.799147
0.798862
0.798535
0.798165
0.797752
0.797294
0.796794
0.796251
0.795664
0.795035
0.794363
0.793651
0.792898
0.792105
0.791274
0.790404
0.789498
0.788558
0.787585
0.786579
0.785543
0.784479
0.78339
0.782278
0.781144
0.779993
0.778825
0.777643
0.77645
0.775247
0.774038
0.772825
0.771612
0.7704
0.769193
0.767994
0.766805
0.765631
0.764472
0.763333
0.762216
0.761124
0.760061
0.759029
0.758031
0.757071
0.756149
0.755269
0.754431
0.753638
0.752894
0.7522
0.751559
0.750971
0.750439
0.749963
0.749545
0.749186
0.748889
0.748654
0.748482
0.748374
0.74833
0.748349
0.748431
0.748578
0.748789
0.749062
0.749399
0.749798
0.750258
0.750779
0.751358
0.751994
0.752687
0.753434
0.754233
0.755082
0.75598
0.756924
0.757912
0.758942
0.760012
0.761118
0.762259
0.763432
0.764634
0.765862
0.767115
0.768388
0.769681
0.770991
0.772314
0.773648
0.774989
0.776334
0.777682
0.77903
0.780374
0.781714
0.783046
0.784367
0.785676
0.78697
0.788246
0.789503
0.790738
0.791951
0.793138
0.794299
0.795432
0.796537
0.797612
0.798655
0.799666
0.800642
0.801584
0.802492
0.803363
0.804199
0.804996
0.805756
0.806478
0.807162
0.807811
0.808423
0.808999
0.809538
0.81004
0.810506
0.810937
0.811332
0.811692
0.812017
0.812309
0.812567
0.812793
0.81299
0.813156
0.813292
0.8134
0.813481
0.813534
0.813561
0.813563
0.81354
0.813492
0.813422
0.813328
0.813213
0.813077
0.81292
0.812743
0.812548
0.812333
0.812099
0.811845
0.811573
0.811282
0.810973
0.810645
0.810299
0.809935
0.809552
0.80915
0.808729
0.808289
0.807831
0.807354
0.806858
0.806342
0.805806
0.80525
0.804675
0.804079
0.803463
0.802827
0.802171
0.801495
0.800799
0.800082
0.799346
0.798591
0.797815
0.797021
0.796207
0.795375
0.794524
0.793655
0.792769
0.791867
0.79095
0.790017
0.789071
0.788112
0.787141
0.786159
0.785169
0.784171
0.783165
0.782152
0.781134
0.780113
0.77909
0.778065
0.777041
0.776018
0.774998
0.773981
0.772968
0.771962
0.770963
0.769973
0.768995
0.768029
0.767077
0.766139
0.765216
0.76431
0.763422
0.762551
0.761699
0.760868
0.760057
0.759267
0.758501
0.757759
0.757042
0.75635
0.755683
0.755042
0.754427
0.753839
0.753279
0.752747
0.752244
0.751769
0.751325
0.750913
0.750531
0.75018
0.74986
0.749571
0.749313
0.749087
0.748894
0.748733
0.748604
0.748507
0.748442
0.748409
0.748409
0.748441
0.748506
0.748602
0.748731
0.748892
0.749085
0.749309
0.749563
0.749846
0.75016
0.750503
0.750875
0.751276
0.751705
0.752163
0.752649
0.753161
0.753699
0.754262
0.754848
0.755458
0.75609
0.756744
0.75742
0.758116
0.758833
0.759568
0.760321
0.76109
0.761874
0.762675
0.763491
0.764321
0.765163
0.766018
0.766883
0.767759
0.768644
0.769538
0.770441
0.771354
0.772273
0.773198
0.77413
0.775067
0.77601
0.776957
0.777908
0.778862
0.779818
0.780776
0.781736
0.782697
0.783659
0.784622
0.785584
0.786545
0.787506
0.788465
0.789422
0.790376
0.791327
0.792275
0.793218
0.794155
0.795086
0.796011
0.796931
0.797844
0.798749
0.799643
0.800526
0.801399
0.802259
0.803106
0.803939
0.804757
0.80556
0.806347
0.807116
0.807868
0.808601
0.809315
0.810008
0.810679
0.811328
0.811954
0.812556
0.813133
0.813684
0.814211
0.81471
0.815183
0.815626
0.816042
0.816428
0.816785
0.817115
0.817416
0.817688
0.81793
0.818142
0.818326
0.81848
0.818605
0.8187
0.818767
0.818805
0.818814
0.818796
0.818751
0.818681
0.818584
0.818462
0.818317
0.81815
0.817961
0.817751
0.817523
0.817275
0.81701
0.816729
0.816432
0.816123
0.815801
0.815469
0.815128
0.814778
0.814422
0.814061
0.813696
0.813328
0.812958
0.812588
0.812219
0.811852
0.811489
0.811131
0.810779
0.810435
0.8101
0.809774
0.809459
0.809155
0.808863
0.808584
0.80832
0.808071
0.807838
0.807622
0.807424
0.807245
0.807085
0.806944
0.806822
0.806719
0.806637
0.806575
0.806533
0.806511
0.806509
0.806529
0.80657
0.806633
0.806717
0.806822
0.806949
0.807097
0.807267
0.807457
0.807667
0.807899
0.808151
0.808424
0.808717
0.809031
0.809365
0.809718
0.810091
0.810482
0.810892
0.811319
0.811764
0.812225
0.812703
0.813197
0.813707
0.814232
0.814773
0.815329
0.815898
0.816479
0.817073
0.817678
0.818295
0.818922
0.819557
0.820199
0.820847
0.821502
0.822163
0.822827
0.823494
0.824164
0.824835
0.825506
0.826176
0.826846
0.827515
0.828182
0.828846
0.829506
0.830161
0.83081
0.831451
0.832085
0.83271
0.833327
0.833933
0.834529
0.835114
0.835688
0.836249
0.836798
0.837333
0.837855
0.838364
0.838859
0.83934
0.839807
0.840261
0.8407
0.841125
0.841537
0.841934
0.842317
0.842687
0.843043
0.843385
0.843713
0.844027
0.844329
0.844618
0.844895
0.79989
0.800023
0.800157
0.800291
0.800428
0.800567
0.800709
0.800853
0.801001
0.801152
0.801307
0.801465
0.801627
0.801793
0.801964
0.802139
0.802318
0.802503
0.802691
0.802883
0.80308
0.803281
0.803487
0.803697
0.803911
0.804128
0.804348
0.804569
0.804791
0.805014
0.805238
0.805461
0.805686
0.805911
0.806135
0.806356
0.806576
0.806792
0.807004
0.807212
0.807416
0.807614
0.807806
0.807992
0.808171
0.808343
0.808506
0.808662
0.808809
0.808948
0.809078
0.809199
0.80931
0.809411
0.809501
0.80958
0.809648
0.809706
0.809751
0.809783
0.809803
0.80981
0.809804
0.809785
0.809752
0.809706
0.809647
0.809572
0.809484
0.80938
0.809262
0.80913
0.808982
0.808818
0.808639
0.808444
0.808233
0.808005
0.807761
0.807502
0.807227
0.806937
0.80663
0.806306
0.805967
0.805612
0.805239
0.80485
0.804445
0.804023
0.803586
0.803131
0.802659
0.80217
0.801664
0.801143
0.800606
0.800055
0.799488
0.798908
0.798313
0.797706
0.797086
0.796453
0.795809
0.795153
0.794486
0.793808
0.793121
0.792426
0.791722
0.79101
0.790292
0.789569
0.788841
0.788108
0.787372
0.786632
0.785891
0.785147
0.784404
0.783659
0.782916
0.782173
0.781432
0.780692
0.779956
0.779223
0.778494
0.77777
0.77705
0.776336
0.775629
0.774928
0.774233
0.773545
0.772864
0.772189
0.771522
0.770862
0.770211
0.769569
0.768935
0.768309
0.767691
0.767081
0.766481
0.765889
0.765305
0.764729
0.764161
0.763601
0.763048
0.762503
0.761966
0.761437
0.760916
0.760401
0.759893
0.75939
0.758894
0.758405
0.757921
0.757442
0.756968
0.756499
0.756034
0.755573
0.755115
0.754662
0.754212
0.753764
0.753317
0.752872
0.752426
0.751981
0.751536
0.751091
0.750644
0.750196
0.749746
0.749297
0.748846
0.748392
0.747935
0.747473
0.747007
0.746535
0.746058
0.745576
0.745089
0.744596
0.744096
0.74359
0.743078
0.742559
0.742034
0.741502
0.740963
0.740417
0.739863
0.739301
0.738731
0.738153
0.737567
0.736972
0.736369
0.735757
0.735137
0.734509
0.733874
0.73323
0.732578
0.731919
0.731253
0.730579
0.729897
0.72921
0.728517
0.727817
0.727111
0.7264
0.725684
0.724963
0.724237
0.723508
0.722776
0.72204
0.721304
0.720565
0.719825
0.719086
0.718347
0.717608
0.716871
0.716136
0.715404
0.714676
0.713954
0.713236
0.712527
0.711826
0.711136
0.710456
0.709789
0.709137
0.7085
0.70788
0.707277
0.706694
0.706131
0.705589
0.705071
0.704578
0.704112
0.703673
0.703262
0.702883
0.702536
0.702222
0.701944
0.701704
0.7015
0.701335
0.701208
0.701122
0.701075
0.70107
0.701106
0.701184
0.701302
0.701463
0.701664
0.701906
0.702188
0.702509
0.702867
0.703264
0.703696
0.704164
0.704665
0.705198
0.705761
0.706352
0.706968
0.707609
0.708271
0.708953
0.709652
0.710366
0.711092
0.711828
0.712571
0.713319
0.714071
0.714822
0.715572
0.716317
0.717055
0.717784
0.718503
0.719208
0.719897
0.72057
0.721224
0.721858
0.72247
0.723059
0.723623
0.724162
0.724675
0.725161
0.725619
0.726048
0.726447
0.726815
0.727152
0.727458
0.727733
0.727976
0.728188
0.728368
0.728517
0.728635
0.728722
0.728778
0.728806
0.728804
0.728774
0.728717
0.728634
0.728525
0.728392
0.728236
0.728058
0.72786
0.727642
0.727405
0.727152
0.726883
0.726599
0.726302
0.725992
0.725673
0.725344
0.725007
0.724663
0.724313
0.723958
0.723599
0.723238
0.722875
0.722512
0.722149
0.721787
0.721428
0.72107
0.720716
0.720366
0.72002
0.719681
0.719347
0.719021
0.718701
0.718389
0.718085
0.717789
0.717501
0.717221
0.71695
0.716689
0.716436
0.716194
0.715962
0.715741
0.71553
0.715329
0.715139
0.71496
0.714792
0.714636
0.714491
0.71436
0.714242
0.714137
0.714047
0.713971
0.71391
0.713864
0.713835
0.713821
0.713826
0.71385
0.713893
0.713957
0.714043
0.71415
0.71428
0.714434
0.714611
0.714813
0.715041
0.715296
0.715578
0.715888
0.716227
0.716596
0.716995
0.717425
0.717888
0.718382
0.718909
0.71947
0.720063
0.72069
0.721349
0.722041
0.722765
0.723522
0.724312
0.725133
0.725985
0.726867
0.727779
0.728719
0.729686
0.73068
0.731698
0.732741
0.733807
0.734893
0.735999
0.737123
0.738264
0.739419
0.740587
0.741766
0.742955
0.744152
0.745354
0.746562
0.747772
0.748982
0.750191
0.751396
0.752596
0.753787
0.754969
0.75614
0.757297
0.758438
0.759563
0.760669
0.761756
0.76282
0.763862
0.764878
0.765866
0.766825
0.767753
0.768648
0.769511
0.770338
0.771129
0.771882
0.772596
0.77327
0.773902
0.774494
0.775042
0.775547
0.776008
0.776422
0.776791
0.777114
0.777391
0.777621
0.777804
0.77794
0.77803
0.778073
0.778069
0.77802
0.777927
0.777791
0.777611
0.777389
0.777125
0.776822
0.776479
0.776098
0.775682
0.775232
0.774748
0.774233
0.773688
0.773115
0.772518
0.771898
0.771257
0.770078
0.769384
0.768679
0.767963
0.767239
0.766509
0.765776
0.765042
0.76431
0.763584
0.762865
0.762154
0.761455
0.760769
0.760099
0.759448
0.758819
0.758213
0.757631
0.757076
0.756548
0.756049
0.755582
0.75515
0.754753
0.754392
0.754069
0.753785
0.753542
0.753342
0.753185
0.753072
0.753003
0.75298
0.753002
0.753071
0.753189
0.753353
0.753565
0.753824
0.754131
0.754485
0.754886
0.755336
0.755832
0.756373
0.756958
0.757587
0.758257
0.758969
0.75972
0.760512
0.76134
0.762204
0.763102
0.764032
0.764994
0.765985
0.767004
0.768048
0.769114
0.770202
0.771308
0.772431
0.773568
0.774718
0.775878
0.777045
0.778218
0.779394
0.780572
0.781749
0.782923
0.784092
0.785254
0.786407
0.787551
0.788682
0.789798
0.7909
0.791983
0.79305
0.794096
0.795121
0.796123
0.797101
0.798054
0.798981
0.799881
0.800755
0.801601
0.802419
0.803209
0.80397
0.804702
0.805406
0.80608
0.806726
0.807344
0.807932
0.808492
0.809025
0.809531
0.810012
0.810468
0.8109
0.811308
0.811694
0.812059
0.812404
0.812729
0.813038
0.813331
0.813609
0.813874
0.814127
0.814369
0.814603
0.81483
0.81505
0.815267
0.815481
0.815694
0.815907
0.81612
0.816336
0.816556
0.81678
0.817009
0.817245
0.817487
0.817737
0.817997
0.818267
0.818547
0.818839
0.819141
0.819454
0.81978
0.820119
0.820469
0.820831
0.821204
0.821588
0.821983
0.822387
0.822801
0.823225
0.823658
0.824099
0.824546
0.825
0.825459
0.825922
0.826388
0.826856
0.827326
0.827796
0.828265
0.82873
0.82919
0.829645
0.830093
0.830534
0.830966
0.831388
0.831799
0.832199
0.832585
0.832956
0.83331
0.833648
0.833967
0.834268
0.834547
0.834804
0.835039
0.83525
0.835437
0.835599
0.835734
0.835842
0.835925
0.83598
0.836006
0.836001
0.835967
0.835901
0.835805
0.835677
0.835518
0.835328
0.835105
0.834851
0.834564
0.834247
0.833898
0.833516
0.833102
0.832655
0.832177
0.831668
0.831128
0.830556
0.829953
0.829322
0.828662
0.827976
0.827261
0.826519
0.825749
0.824954
0.824133
0.823288
0.82242
0.821531
0.820621
0.81969
0.81874
0.817773
0.816788
0.815786
0.814769
0.813737
0.812691
0.811632
0.810562
0.809481
0.80839
0.807289
0.806181
0.805065
0.803943
0.802816
0.801684
0.80055
0.799412
0.798271
0.797129
0.795984
0.794839
0.793693
0.792548
0.791404
0.790262
0.789122
0.787984
0.786848
0.785714
0.784583
0.783455
0.78233
0.781208
0.780089
0.778973
0.777861
0.776753
0.775648
0.774547
0.77345
0.772356
0.771266
0.77018
0.769097
0.768019
0.766946
0.765876
0.764809
0.763748
0.762692
0.76164
0.760594
0.759552
0.758515
0.757485
0.756459
0.755438
0.754422
0.753412
0.752408
0.751411
0.750421
0.749437
0.748462
0.747494
0.746535
0.745584
0.744642
0.74371
0.742787
0.741875
0.740974
0.740085
0.73921
0.738347
0.737498
0.736664
0.735845
0.735042
0.734254
0.733483
0.732728
0.731992
0.731273
0.730575
0.729896
0.72924
0.728606
0.727994
0.727405
0.72684
0.726299
0.725783
0.725293
0.72483
0.724393
0.723984
0.723601
0.723248
0.722924
0.722628
0.722361
0.722124
0.721917
0.721741
0.721595
0.72148
0.721397
0.721345
0.721325
0.721335
0.721376
0.721447
0.721548
0.72168
0.721842
0.722034
0.722257
0.722508
0.72279
0.723101
0.72344
0.723806
0.724199
0.72462
0.725066
0.725538
0.726034
0.726554
0.727097
0.727663
0.728252
0.72886
0.729487
0.730132
0.730794
0.731472
0.732165
0.732873
0.733593
0.734325
0.735068
0.73582
0.73658
0.737346
0.738118
0.738894
0.739673
0.740454
0.741235
0.742015
0.742794
0.74357
0.744341
0.745107
0.745866
0.746619
0.747363
0.748098
0.748822
0.749535
0.750235
0.750922
0.751595
0.752255
0.752899
0.753529
0.754142
0.75474
0.755321
0.755887
0.756436
0.756969
0.757486
0.757987
0.758472
0.758941
0.759395
0.759835
0.760261
0.760673
0.761071
0.761458
0.761834
0.762199
0.762555
0.762901
0.76324
0.763571
0.763897
0.764219
0.764538
0.764856
0.765173
0.765491
0.76581
0.766132
0.766457
0.766786
0.76712
0.76746
0.767808
0.768164
0.768528
0.768902
0.769285
0.769678
0.770082
0.770497
0.770923
0.771361
0.771812
0.772274
0.772748
0.773233
0.77373
0.774238
0.774758
0.775289
0.77583
0.776381
0.776943
0.777515
0.778094
0.77868
0.779274
0.779873
0.780477
0.781083
0.78169
0.782298
0.782905
0.783512
0.784115
0.784716
0.785312
0.785902
0.786485
0.78706
0.787626
0.788181
0.788723
0.789252
0.789767
0.790268
0.790755
0.791227
0.791683
0.792121
0.792542
0.792943
0.793326
0.79369
0.794034
0.794358
0.794661
0.794944
0.795207
0.795448
0.79567
0.795872
0.796054
0.796217
0.79636
0.796484
0.796589
0.796676
0.796745
0.796798
0.796834
0.796855
0.79686
0.796851
0.796829
0.796793
0.796745
0.796687
0.796617
0.796537
0.796448
0.796065
0.795947
0.795823
0.795693
0.795557
0.795418
0.795276
0.795131
0.794983
0.794834
0.794684
0.794533
0.794382
0.794232
0.794081
0.793931
0.793783
0.793635
0.79349
0.793348
0.79321
0.793073
0.79294
0.79281
0.792683
0.792559
0.792437
0.792318
0.792202
0.792089
0.79198
0.791873
0.791768
0.791667
0.791567
0.791469
0.791373
0.791279
0.791186
0.791095
0.791004
0.790914
0.790824
0.790733
0.790642
0.790552
0.790461
0.790369
0.790276
0.79018
0.790083
0.789984
0.789882
0.789777
0.789668
0.789554
0.789436
0.789314
0.789186
0.789053
0.788914
0.788769
0.788618
0.78846
0.788295
0.788123
0.787942
0.787753
0.787553
0.787343
0.787123
0.786892
0.786649
0.786394
0.786127
0.785847
0.785552
0.785244
0.784921
0.784582
0.784227
0.783857
0.78347
0.783065
0.782642
0.782202
0.781743
0.781265
0.780766
0.780246
0.779704
0.779141
0.778554
0.777944
0.777312
0.776656
0.775976
0.77527
0.77454
0.773784
0.773004
0.772198
0.771368
0.770514
0.769635
0.768732
0.767805
0.766854
0.76588
0.764883
0.763865
0.762826
0.761767
0.760689
0.759593
0.758479
0.757349
0.756204
0.755044
0.75387
0.752684
0.751489
0.750286
0.749075
0.747856
0.746633
0.745405
0.744175
0.742944
0.741714
0.740485
0.739261
0.738044
0.736835
0.735634
0.734444
0.733266
0.732101
0.730951
0.729817
0.728703
0.727609
0.726536
0.725485
0.724457
0.723454
0.722478
0.72153
0.720611
0.719722
0.718865
0.71804
0.717247
0.716489
0.715765
0.715077
0.714426
0.713813
0.713238
0.712702
0.712205
0.711748
0.711331
0.710956
0.710622
0.710328
0.710077
0.709867
0.7097
0.709574
0.709489
0.709444
0.709441
0.709478
0.709556
0.709675
0.709835
0.710035
0.710274
0.710552
0.71087
0.711226
0.711621
0.712052
0.71252
0.713025
0.713565
0.71414
0.714749
0.715391
0.716068
0.716776
0.717516
0.718286
0.719086
0.719914
0.720771
0.721657
0.722568
0.723506
0.724468
0.725454
0.726463
0.727494
0.728545
0.729617
0.730707
0.731814
0.732938
0.734076
0.735228
0.736393
0.73757
0.738757
0.739953
0.741157
0.742367
0.743582
0.744802
0.746024
0.747248
0.748472
0.749695
0.750914
0.75213
0.75334
0.754543
0.75574
0.756927
0.758104
0.759269
0.760421
0.761559
0.762681
0.763788
0.764877
0.765947
0.766998
0.768028
0.769037
0.770023
0.770987
0.771928
0.772844
0.773735
0.774601
0.775442
0.776256
0.777043
0.777804
0.778539
0.779248
0.779929
0.780584
0.781211
0.781811
0.782383
0.782928
0.783445
0.783936
0.7844
0.784839
0.78525
0.785635
0.785994
0.786326
0.786631
0.786911
0.787165
0.787394
0.787597
0.787774
0.787926
0.788053
0.788156
0.788234
0.788287
0.788314
0.788316
0.788292
0.788241
0.788165
0.788063
0.787934
0.787779
0.787596
0.787388
0.787152
0.78689
0.786601
0.786286
0.785944
0.785575
0.785178
0.784755
0.784305
0.783828
0.783323
0.782791
0.782232
0.781645
0.781032
0.780392
0.779727
0.779035
0.778317
0.777573
0.776803
0.77601
0.775192
0.774352
0.773488
0.772603
0.771697
0.770769
0.769823
0.768857
0.767874
0.766874
0.765858
0.764826
0.76378
0.762721
0.761649
0.760566
0.759473
0.758371
0.757263
0.756148
0.755029
0.753907
0.752783
0.751659
0.750537
0.749418
0.748303
0.747194
0.746093
0.744999
0.743916
0.742845
0.741787
0.740744
0.739718
0.73871
0.737723
0.736758
0.735817
0.734901
0.734013
0.733153
0.732324
0.731526
0.730761
0.730031
0.729337
0.72868
0.728061
0.727483
0.726946
0.726452
0.726002
0.725597
0.725239
0.724929
0.724667
0.724454
0.724293
0.724183
0.724124
0.724119
0.724166
0.724266
0.72442
0.724627
0.72489
0.725206
0.725576
0.726
0.726478
0.727009
0.727593
0.72823
0.728918
0.729658
0.730448
0.731288
0.732177
0.733113
0.734097
0.735128
0.736205
0.737326
0.738489
0.739694
0.740938
0.74222
0.743539
0.744892
0.746279
0.747699
0.749149
0.750628
0.752132
0.753661
0.755212
0.756783
0.758372
0.759975
0.761592
0.76322
0.764857
0.766501
0.76815
0.769801
0.771452
0.7731
0.774744
0.776382
0.77801
0.779627
0.781232
0.782822
0.784393
0.785945
0.787475
0.788981
0.790462
0.791914
0.793337
0.794726
0.796082
0.797402
0.798685
0.799928
0.801131
0.802292
0.803409
0.80448
0.805503
0.806479
0.807405
0.80828
0.809103
0.809873
0.810589
0.81125
0.811855
0.812405
0.812897
0.813332
0.813711
0.814031
0.814293
0.814497
0.814641
0.814726
0.814752
0.81472
0.814629
0.814481
0.814276
0.814016
0.8137
0.813328
0.8129
0.812418
0.811882
0.811295
0.810657
0.80997
0.809235
0.808453
0.807628
0.806759
0.805849
0.804899
0.803911
0.802888
0.801832
0.800743
0.799626
0.798482
0.797312
0.796121
0.794909
0.793679
0.792432
0.791171
0.789898
0.788617
0.787327
0.786033
0.784734
0.783434
0.782133
0.780835
0.779541
0.778253
0.776972
0.77424
0.772989
0.771751
0.770525
0.769314
0.768117
0.766937
0.765774
0.764628
0.763499
0.762388
0.761296
0.760221
0.759164
0.758125
0.757103
0.7561
0.755114
0.754144
0.753189
0.752248
0.751322
0.750409
0.74951
0.748624
0.747749
0.746885
0.746031
0.745188
0.744353
0.743529
0.742713
0.741906
0.741109
0.740322
0.739543
0.738774
0.738015
0.737267
0.73653
0.735805
0.735092
0.734392
0.733706
0.733034
0.732379
0.731742
0.731123
0.730524
0.729947
0.729393
0.728862
0.728355
0.727874
0.72742
0.726994
0.726598
0.726233
0.7259
0.725601
0.725335
0.725104
0.724909
0.724751
0.724631
0.724549
0.724503
0.724496
0.724526
0.724594
0.7247
0.724843
0.725022
0.725236
0.725485
0.725768
0.726084
0.72643
0.726805
0.727209
0.72764
0.728095
0.728574
0.729075
0.729596
0.730135
0.730691
0.731263
0.731848
0.732444
0.73305
0.733663
0.734284
0.73491
0.735539
0.73617
0.736802
0.737434
0.738065
0.738693
0.739319
0.73994
0.740556
0.741166
0.74177
0.742367
0.742957
0.74354
0.744116
0.744684
0.745246
0.745801
0.746349
0.746888
0.747421
0.747946
0.748465
0.748976
0.749482
0.749982
0.750475
0.750963
0.751447
0.751925
0.752399
0.752869
0.753334
0.753796
0.754253
0.754708
0.755158
0.755606
0.756051
0.756492
0.756929
0.757364
0.757795
0.758222
0.758645
0.759066
0.759482
0.759895
0.760303
0.760707
0.761107
0.761502
0.761893
0.762278
0.762658
0.763033
0.763402
0.763767
0.764126
0.764479
0.764826
0.765167
0.7655
0.765827
0.766146
0.76646
0.766768
0.76707
0.767367
0.767657
0.767942
0.768222
0.768497
0.768769
0.769038
0.769303
0.769566
0.769828
0.77009
0.770353
0.770617
0.770883
0.771151
0.771421
0.771696
0.771976
0.772263
0.772556
0.772857
0.773167
0.773488
0.773819
0.774162
0.774517
0.774885
0.775267
0.775662
0.776073
0.7765
0.776944
0.777404
0.777882
0.778378
0.778891
0.779423
0.779972
0.780539
0.781122
0.781721
0.782336
0.782967
0.783614
0.784276
0.784952
0.785642
0.786344
0.787056
0.787778
0.788509
0.789246
0.78999
0.790738
0.791488
0.792238
0.792987
0.793732
0.794472
0.795205
0.795929
0.796642
0.797342
0.798027
0.798696
0.799345
0.799975
0.800583
0.801166
0.801722
0.802252
0.802752
0.803222
0.803659
0.804062
0.804429
0.804759
0.805051
0.805303
0.805514
0.805686
0.805817
0.805906
0.805952
0.805955
0.805918
0.805837
0.805713
0.805547
0.805338
0.805088
0.804798
0.804467
0.804098
0.803692
0.803249
0.802772
0.802261
0.80172
0.801148
0.800549
0.799925
0.799278
0.79861
0.797923
0.79722
0.796502
0.795772
0.795032
0.794287
0.793538
0.792786
0.792034
0.791284
0.790538
0.789799
0.789069
0.788349
0.787643
0.786951
0.786275
0.785617
0.784976
0.784356
0.783756
0.78318
0.782627
0.782096
0.78159
0.781109
0.780653
0.780222
0.779816
0.779436
0.779081
0.778752
0.778448
0.778169
0.777915
0.777685
0.77748
0.777297
0.777137
0.776999
0.776882
0.776787
0.776711
0.776653
0.776613
0.776591
0.776584
0.776594
0.776618
0.776655
0.776704
0.776764
0.776832
0.776908
0.776992
0.777083
0.777178
0.777277
0.777379
0.777481
0.777582
0.777681
0.777776
0.777868
0.777955
0.778035
0.778106
0.778166
0.778216
0.778253
0.778277
0.778286
0.77828
0.778257
0.778217
0.778159
0.778084
0.77799
0.777875
0.777739
0.777581
0.777401
0.777199
0.776974
0.776727
0.776456
0.776164
0.775846
0.775505
0.775141
0.774752
0.774341
0.773907
0.773451
0.772972
0.772471
0.771948
0.771405
0.770841
0.770257
0.769655
0.769036
0.768399
0.767746
0.767078
0.766396
0.765702
0.764995
0.764277
0.763548
0.762809
0.762063
0.761309
0.76055
0.759787
0.75902
0.758251
0.757479
0.756708
0.755938
0.75517
0.754404
0.753641
0.752882
0.752128
0.751381
0.750641
0.74991
0.749188
0.748477
0.747778
0.747091
0.746416
0.745756
0.74511
0.744481
0.743869
0.743274
0.742698
0.742142
0.741606
0.74109
0.740595
0.740122
0.739671
0.739242
0.738836
0.738454
0.738096
0.737764
0.737458
0.737177
0.736922
0.736692
0.736488
0.736312
0.736163
0.73604
0.735944
0.735874
0.735831
0.735813
0.735821
0.735854
0.735913
0.735997
0.736105
0.736237
0.736391
0.736567
0.736765
0.736983
0.737221
0.737478
0.737753
0.738044
0.738352
0.738675
0.739012
0.739361
0.739721
0.740091
0.740469
0.740854
0.741246
0.741642
0.742042
0.742444
0.742846
0.743247
0.743645
0.744039
0.744428
0.744812
0.745187
0.745554
0.74591
0.746255
0.746586
0.746904
0.747206
0.747491
0.747759
0.748007
0.748236
0.748444
0.748631
0.748796
0.748938
0.749057
0.749151
0.749221
0.749266
0.749289
0.749286
0.749259
0.749207
0.749129
0.749026
0.748899
0.748746
0.748568
0.748366
0.748139
0.747889
0.747616
0.747321
0.747004
0.746667
0.746309
0.745934
0.74554
0.745129
0.744702
0.743879
0.743406
0.742922
0.742427
0.741922
0.74141
0.740891
0.740368
0.73984
0.739308
0.738773
0.738237
0.7377
0.737163
0.736628
0.736096
0.735569
0.735047
0.734531
0.734022
0.733521
0.733028
0.732543
0.732068
0.731603
0.731149
0.730707
0.730278
0.729863
0.729464
0.729081
0.728715
0.728366
0.728036
0.727727
0.727438
0.72717
0.726926
0.726705
0.726509
0.726339
0.726196
0.726082
0.725997
0.725941
0.725916
0.725923
0.725964
0.726038
0.726148
0.726295
0.726481
0.726705
0.72697
0.727276
0.727626
0.728017
0.728453
0.728933
0.729457
0.730027
0.730643
0.731305
0.732013
0.732767
0.733567
0.734415
0.735309
0.736248
0.737231
0.738259
0.73933
0.740442
0.741596
0.742787
0.744016
0.74528
0.746579
0.747909
0.749268
0.750655
0.752067
0.753502
0.754958
0.756431
0.75792
0.759422
0.760935
0.762457
0.763986
0.765518
0.767051
0.768582
0.77011
0.771633
0.773148
0.774653
0.776147
0.777628
0.779093
0.780541
0.781971
0.783381
0.784771
0.78614
0.787486
0.788809
0.790109
0.791384
0.792636
0.793862
0.795062
0.796237
0.797385
0.798508
0.799606
0.80068
0.801728
0.802752
0.803752
0.804728
0.805681
0.806611
0.807519
0.808405
0.80927
0.810113
0.810935
0.811736
0.812517
0.813277
0.814017
0.814738
0.815438
0.81612
0.816782
0.817423
0.818044
0.818646
0.819226
0.819784
0.820319
0.820829
0.821314
0.821773
0.822204
0.822607
0.82298
0.823321
0.823631
0.823907
0.824148
0.824354
0.824521
0.824649
0.824736
0.824781
0.824781
0.824736
0.824644
0.824504
0.824315
0.824076
0.823786
0.823444
0.823048
0.822597
0.822091
0.821528
0.82091
0.820236
0.819504
0.818714
0.817867
0.816962
0.816
0.814981
0.813905
0.812775
0.81159
0.810353
0.809064
0.807724
0.806335
0.804899
0.803418
0.801893
0.800326
0.798718
0.797071
0.795391
0.793677
0.791932
0.790158
0.78836
0.786538
0.784695
0.782834
0.780958
0.779071
0.777176
0.775275
0.773373
0.771471
0.769572
0.767679
0.765794
0.763921
0.762064
0.760225
0.758407
0.756611
0.75484
0.753098
0.751387
0.749708
0.748065
0.746461
0.744897
0.743375
0.741896
0.740464
0.739081
0.737747
0.736464
0.735234
0.734057
0.732934
0.731867
0.730855
0.7299
0.729002
0.728163
0.727383
0.726662
0.726
0.725398
0.724855
0.724372
0.723946
0.723578
0.723267
0.723013
0.722816
0.722672
0.722582
0.722545
0.722557
0.722619
0.722728
0.722882
0.723082
0.723324
0.723609
0.723933
0.724296
0.724694
0.725126
0.72559
0.726084
0.726605
0.727153
0.727725
0.728319
0.728932
0.729564
0.730213
0.730877
0.731553
0.732241
0.732939
0.733647
0.734362
0.735084
0.73581
0.73654
0.737272
0.738006
0.738741
0.739476
0.74021
0.740943
0.741675
0.742403
0.743131
0.743856
0.744578
0.745298
0.746014
0.746728
0.74744
0.74815
0.748859
0.749569
0.750279
0.75099
0.751702
0.752416
0.753134
0.753856
0.754584
0.755318
0.75606
0.75681
0.757569
0.758339
0.759121
0.759916
0.760724
0.761547
0.762385
0.763241
0.764113
0.765004
0.765914
0.766843
0.767792
0.768763
0.769755
0.770769
0.771804
0.772862
0.773942
0.775045
0.776171
0.777319
0.77849
0.779682
0.780895
0.782128
0.783382
0.784654
0.785946
0.787256
0.788583
0.789925
0.791282
0.792653
0.794038
0.795434
0.796841
0.798258
0.799681
0.801113
0.802552
0.803995
0.80544
0.806887
0.808334
0.80978
0.811224
0.812665
0.814099
0.815528
0.81695
0.818364
0.819768
0.821158
0.822535
0.823895
0.825238
0.826563
0.827869
0.829153
0.830413
0.83165
0.832862
0.834046
0.835201
0.836326
0.837419
0.838479
0.839505
0.840495
0.841445
0.842356
0.843226
0.844052
0.844834
0.845571
0.846259
0.846899
0.847488
0.848025
0.84851
0.848939
0.849311
0.849626
0.849882
0.850077
0.85021
0.85028
0.850287
0.850229
0.850106
0.849916
0.849658
0.849331
0.848936
0.848472
0.847941
0.847339
0.846667
0.845925
0.845114
0.844233
0.843282
0.842264
0.841178
0.840025
0.838807
0.837525
0.836181
0.834777
0.833313
0.831794
0.830221
0.828596
0.826922
0.825203
0.823441
0.821641
0.819805
0.817937
0.81604
0.814119
0.812177
0.810219
0.808247
0.806267
0.804283
0.802299
0.800321
0.798352
0.796396
0.794457
0.792539
0.790646
0.788784
0.786957
0.785167
0.783419
0.781715
0.780058
0.778451
0.776896
0.775397
0.773954
0.772571
0.771246
0.769983
0.768781
0.767642
0.766566
0.765553
0.764603
0.763716
0.762891
0.762126
0.761421
0.760774
0.760183
0.759645
0.75916
0.758726
0.758339
0.757996
0.757697
0.757436
0.757215
0.757029
0.756874
0.756749
0.756649
0.756573
0.756517
0.756481
0.75646
0.756452
0.756457
0.756472
0.756494
0.756522
0.756552
0.756584
0.756616
0.756647
0.756675
0.756699
0.756719
0.756732
0.756739
0.756739
0.756732
0.756716
0.756693
0.756661
0.756622
0.756575
0.75652
0.756024
0.75595
0.755872
0.755787
0.755699
0.755606
0.755511
0.755414
0.755316
0.755217
0.75512
0.755025
0.754932
0.754844
0.754761
0.754685
0.754615
0.754554
0.754502
0.754459
0.754427
0.754406
0.754397
0.754401
0.754417
0.754448
0.754495
0.754557
0.754635
0.754731
0.754843
0.754971
0.755117
0.75528
0.755459
0.755655
0.755867
0.756096
0.756339
0.756596
0.756867
0.757151
0.757447
0.757752
0.758067
0.758389
0.758719
0.759055
0.759395
0.759736
0.760079
0.76042
0.760758
0.761091
0.761417
0.761732
0.762037
0.762329
0.762604
0.762861
0.763099
0.763315
0.763509
0.763677
0.763818
0.76393
0.76401
0.764058
0.76407
0.764045
0.763983
0.763881
0.763738
0.763553
0.763325
0.763053
0.762737
0.762376
0.76197
0.761517
0.761017
0.760469
0.759874
0.759231
0.758541
0.757804
0.757021
0.756195
0.755326
0.754414
0.753459
0.752463
0.751428
0.750354
0.749243
0.748097
0.746919
0.745711
0.744474
0.743211
0.741922
0.74061
0.739278
0.737927
0.736561
0.735183
0.733794
0.732399
0.730999
0.729597
0.728196
0.726799
0.725409
0.724027
0.722658
0.721304
0.719967
0.71865
0.717356
0.716087
0.714845
0.713634
0.712456
0.711313
0.710206
0.70914
0.708114
0.707132
0.706195
0.705307
0.704469
0.703684
0.702951
0.702272
0.70165
0.701086
0.70058
0.700135
0.69975
0.699428
0.699169
0.698973
0.698841
0.698774
0.698771
0.698834
0.698961
0.699154
0.699412
0.699734
0.70012
0.70057
0.701084
0.701661
0.702299
0.703
0.70376
0.704581
0.705461
0.706399
0.707395
0.708445
0.70955
0.710707
0.711916
0.713175
0.714481
0.715833
0.717229
0.718669
0.720149
0.721668
0.723224
0.724815
0.726437
0.728089
0.729768
0.731472
0.733198
0.734945
0.736709
0.738489
0.740282
0.742085
0.743897
0.745713
0.747531
0.749347
0.75116
0.752967
0.754766
0.756554
0.758327
0.760084
0.761822
0.76354
0.765235
0.766902
0.768541
0.77015
0.771725
0.773267
0.774773
0.77624
0.777667
0.779052
0.780393
0.781691
0.782944
0.784151
0.785311
0.786423
0.787487
0.788502
0.789467
0.790384
0.791251
0.792069
0.792838
0.793557
0.794228
0.794852
0.795427
0.795956
0.796439
0.796878
0.797274
0.797628
0.79794
0.798213
0.798447
0.798645
0.798808
0.798937
0.799035
0.799102
0.799141
0.799153
0.799142
0.799108
0.799055
0.798983
0.798895
0.798792
0.798675
0.798548
0.798412
0.798269
0.798122
0.797973
0.797822
0.797673
0.797527
0.797386
0.797251
0.797124
0.797007
0.796902
0.796809
0.796732
0.79667
0.796626
0.7966
0.796592
0.796604
0.796637
0.796692
0.79677
0.796871
0.796996
0.797145
0.797319
0.797518
0.797741
0.797989
0.798262
0.79856
0.798883
0.79923
0.799602
0.799997
0.800415
0.800855
0.801317
0.801801
0.802305
0.802828
0.80337
0.80393
0.804505
0.805097
0.805703
0.806323
0.806954
0.807595
0.808244
0.808902
0.809565
0.810233
0.810907
0.811583
0.81226
0.812937
0.81361
0.814279
0.814942
0.815597
0.816244
0.816881
0.817507
0.818118
0.818715
0.819296
0.819858
0.820401
0.820921
0.821417
0.821888
0.822335
0.822752
0.82314
0.823497
0.82382
0.824109
0.824361
0.824576
0.824754
0.824892
0.824989
0.825044
0.825057
0.825025
0.824948
0.824824
0.824655
0.824438
0.824173
0.823858
0.823494
0.82308
0.822616
0.8221
0.821533
0.820914
0.820243
0.819519
0.818742
0.817914
0.817034
0.816103
0.815119
0.814084
0.812998
0.811861
0.810675
0.80944
0.808157
0.806827
0.80545
0.804028
0.802561
0.801052
0.7995
0.797907
0.796276
0.794608
0.792904
0.791165
0.789394
0.787591
0.785758
0.783898
0.782012
0.780102
0.778169
0.776216
0.774245
0.772257
0.770254
0.768239
0.766213
0.764178
0.762136
0.760088
0.758039
0.755988
0.753939
0.751893
0.749851
0.747817
0.745792
0.743778
0.741777
0.73979
0.737819
0.735866
0.733932
0.732019
0.730129
0.728263
0.726423
0.724609
0.722823
0.721068
0.719343
0.717649
0.715988
0.714361
0.712769
0.711214
0.709696
0.708218
0.706779
0.70538
0.70402
0.702701
0.701423
0.700187
0.698994
0.697843
0.696735
0.69567
0.69465
0.693674
0.692742
0.691855
0.691012
0.690214
0.68946
0.688751
0.688085
0.687464
0.686885
0.68635
0.685858
0.685409
0.685002
0.684638
0.684314
0.684032
0.683791
0.68359
0.683428
0.683305
0.683219
0.683171
0.683159
0.683183
0.683243
0.683337
0.683464
0.683622
0.683811
0.68403
0.684277
0.684553
0.684855
0.685184
0.685538
0.685918
0.68632
0.686745
0.68719
0.687655
0.688139
0.688641
0.68916
0.689695
0.690247
0.690812
0.691392
0.691986
0.692591
0.693209
0.693837
0.694477
0.695127
0.695786
0.696453
0.697128
0.69781
0.698499
0.699196
0.699901
0.700612
0.70133
0.702054
0.702784
0.703522
0.704265
0.705016
0.705774
0.706538
0.707311
0.708092
0.708882
0.709681
0.710489
0.711308
0.712138
