-6.65046
-6.65046
-6.65046
-6.65046
-6.65046
-6.65046
-6.65046
-6.65046
-6.65046
-6.65046
-6.65046
-6.65046
-6.65046
-6.65045
-6.65045
-6.65013
-6.65013
-6.64948
-6.64851
-6.64819
-6.64657
-6.64495
-6.64365
-6.64139
-6.64042
-6.63945
-6.63524
-6.63297
-6.632
-6.62941
-6.62779
-6.62552
-6.62487
-6.62326
-6.62228
-6.62034
-6.61969
-6.61807
-6.61678
-6.61548
-6.61516
-6.61419
-6.61322
-6.61192
-6.60998
-6.60901
-6.60739
-6.60739
-6.60641
-6.60641
-6.60609
-6.60512
-6.60447
-6.60382
-6.6035
-6.60285
-6.6022
-6.60058
-6.59929
-6.59929
-6.59929
-6.59799
-6.59702
-6.59637
-6.5954
-6.59475
-6.59378
-6.59281
-6.59248
-6.59248
-6.59151
-6.59151
-6.59022
-6.59022
-6.58989
-6.58989
-6.58924
-6.58859
-6.58762
-6.58762
-6.58762
-6.58697
-6.58697
-6.58665
-6.586
-6.586
-6.58568
-6.5847
-6.5847
-6.5847
-6.58438
-6.58438
-6.58438
-6.58405
-6.58405
-6.58373
-6.58341
-6.58341
-6.58308
-6.58179
-6.58146
-6.58114
-6.58081
-6.58049
-6.58049
-6.57984
-6.58017
-6.58017
-6.57952
-6.57952
-6.57952
-6.57952
-6.57919
-6.57952
-6.57952
-6.57952
-6.57887
-6.57855
-6.57822
-6.5779
-6.5779
-6.5779
-6.5779
-6.57758
-6.57758
-6.57693
-6.5766
-6.57628
-6.57628
-6.57596
-6.57563
-6.57563
-6.57499
-6.57499
-6.57499
-6.57499
-6.57531
-6.57499
-6.57499
-6.57499
-6.57531
-6.57531
-6.57564
-6.57564
-6.57629
-6.57596
-6.57564
-6.57564
-6.57532
-6.57532
-6.57532
-6.57564
-6.57564
-6.57597
-6.57597
-6.57629
-6.57564
-6.57532
-6.57467
-6.575
-6.575
-6.575
-6.575
-6.575
-6.575
-6.57468
-6.57468
-6.57435
-6.57435
-6.57435
-6.57435
-6.57403
-6.57403
-6.57403
-6.57371
-6.57371
-6.57306
-6.57338
-6.57403
-6.57436
-6.57436
-6.57436
-6.57436
-6.57371
-6.57371
-6.57371
-6.57338
-6.57371
-6.57371
-6.57306
-6.57339
-6.57306
-6.57306
-6.57306
-6.57274
-6.57274
-6.57274
-6.57274
-6.57274
-6.57274
-6.57306
-6.57306
-6.57209
-6.57209
-6.57209
-6.57242
-6.57242
-6.57242
-6.57274
-6.57242
-6.57274
-6.57274
-6.57242
-6.57241
-6.57241
-6.57241
-6.57274
-6.57274
-6.57306
-6.57339
-6.57339
-6.57339
-6.57339
-6.57306
-6.57339
-6.57339
-6.57339
-6.57339
-6.57371
-6.57371
-6.57371
-6.57306
-6.57274
-6.57209
-6.57241
-6.57209
-6.57274
-6.57274
-6.57306
-6.57306
-6.57306
-6.57241
-6.57209
-6.57177
-6.57177
-6.57209
-6.57209
-6.57209
-6.57209
-6.57241
-6.57209
-6.57209
-6.57241
-6.57241
-6.57241
-6.57306
-6.57338
-6.57338
-6.57338
-6.57306
-6.57306
-6.57338
-6.57371
-6.57338
-6.57338
-6.57371
-6.57403
-6.57371
-6.57371
-6.57371
-6.57371
-6.57403
-6.57468
-6.57403
-6.57468
-6.575
-6.57532
-6.57532
-6.575
-6.57532
-6.575
-6.575
-6.575
-6.575
-6.575
-6.57467
-6.57467
-6.57435
-6.57467
-6.57403
-6.57305
-6.57338
-6.5737
-6.57338
-6.5737
-6.5737
-6.5737
-6.57338
-6.57273
-6.57338
-6.57338
-6.57338
-6.57305
-6.57338
-6.57273
-6.57273
-6.57305
-6.57273
-6.57273
-6.57241
-6.57241
-6.57208
-6.57273
-6.57338
-6.57338
-6.57338
-6.57338
-6.5737
-6.57402
-6.57402
-6.57467
-6.575
-6.575
-6.57467
-6.57467
-6.57435
-6.57467
-6.57467
-6.57435
-6.57435
-6.57402
-6.57435
-6.57532
-6.57532
-6.57532
-6.575
-6.57564
-6.57597
-6.57597
-6.57565
-6.57532
-6.57597
-6.57597
-6.57597
-6.57565
-6.57597
-6.57629
-6.57629
-6.57629
-6.57629
-6.57629
-6.57662
-6.57759
-6.57727
-6.57759
-6.57791
-6.57791
-6.57791
-6.57791
-6.57824
-6.57856
-6.57824
-6.57824
-6.57824
-6.57856
-6.57856
-6.57856
-6.57889
-6.57889
-6.57921
-6.57889
-6.57921
-6.57856
-6.57824
-6.57759
-6.57791
-6.57824
-6.57792
-6.57792
-6.57824
-6.57824
-6.57824
-6.57889
-6.57889
-6.57856
-6.57889
-6.57889
-6.57921
-6.57986
-6.57954
-6.57921
-6.57921
-6.57954
-6.58083
-6.58083
-6.58116
-6.5818
-6.58213
-6.5818
-6.58148
-6.5818
-6.58148
-6.58051
-6.58051
-6.58018
-6.58083
-6.58148
-6.58148
-6.58148
-6.58148
-6.58116
-6.58148
-6.5818
-6.58213
-6.58213
-6.58148
-6.58116
-6.58051
-6.57986
-6.58019
-6.58018
-6.58083
-6.58083
-6.58083
-6.58051
-6.58083
-6.58116
-6.58083
-6.58116
-6.58148
-6.58213
-6.58245
-6.58213
-6.58213
-6.58213
-6.5818
-6.58213
-6.5818
-6.58213
-6.58213
-6.5818
-6.58245
-6.58342
-6.58374
-6.58407
-6.58439
-6.58407
-6.58472
-6.58439
-6.58504
-6.58439
-6.58439
-6.58472
-6.58569
-6.58504
-6.58407
-6.58439
-6.58439
-6.58504
-6.58472
-6.58504
-6.58569
-6.58536
-6.58536
-6.58536
-6.58536
-6.58504
-6.58471
-6.58536
-6.58666
-6.58666
-6.58633
-6.58568
-6.58536
-6.58568
-6.58504
-6.58633
-6.58601
-6.58536
-6.58536
-6.58536
-6.58536
-6.58504
-6.58568
-6.58568
-6.58568
-6.58471
-6.58439
-6.58471
-6.58439
-6.58406
-6.58406
-6.58439
-6.58374
-6.58406
-6.58374
-6.58374
-6.58342
-6.58277
-6.58309
-6.02633
-6.026
-6.02536
-6.02503
-6.02471
-6.02471
-6.02374
-6.02439
-6.02471
-6.02536
-6.02503
-6.02406
-6.02374
-6.02342
-6.02277
-6.02244
-6.02212
-6.0218
-6.02083
-6.02018
-6.02018
-6.02018
-6.01953
-6.01953
-6.01985
-6.02147
-6.02212
-6.02212
-6.02212
-6.02309
-6.02309
-6.02309
-6.02309
-6.02341
-6.02309
-6.02374
-6.02341
-6.02277
-6.02277
-6.02309
-6.02309
-6.02277
-6.02212
-6.02179
-6.02179
-6.02147
-6.02115
-6.02018
-6.0205
-6.02017
-6.02017
-6.0205
-6.0205
-6.0205
-6.01953
-6.0192
-6.01953
-6.01985
-6.01985
-6.0205
-6.02017
-6.02017
-6.02017
-6.02017
-6.01952
-6.01952
-6.01952
-6.01952
-6.01855
-6.01887
-6.01855
-6.01725
-6.01758
-6.01693
-6.0166
-6.01628
-6.01563
-6.01563
-6.01596
-6.01628
-6.01693
-6.0166
-6.0166
-6.01725
-6.01725
-6.01725
-6.01725
-6.01725
-6.01693
-6.01693
-6.01628
-6.0166
-6.01628
-6.0166
-6.01628
-6.01628
-6.01595
-6.01628
-6.01628
-6.01628
-6.01628
-6.01563
-6.01531
-6.01563
-6.01531
-6.01531
-6.01563
-6.01563
-6.01563
-6.01628
-6.01628
-6.01628
-6.01595
-6.01595
-6.01563
-6.01628
-6.01563
-6.01563
-6.01531
-6.01563
-6.01563
-6.01596
-6.01563
-6.01563
-6.01531
-6.01531
-6.01596
-6.01563
-6.01564
-6.01596
-6.01596
-6.01596
-6.01531
-6.01531
-6.01531
-6.01531
-6.01531
-6.01531
-6.01499
-6.01499
-6.01499
-6.01499
-6.01467
-6.01434
-6.01532
-6.01532
-6.01564
-6.01532
-6.01499
-6.01532
-6.01499
-6.01467
-6.01467
-6.01467
-6.01402
-6.01435
-6.01402
-6.01402
-6.01402
-6.01402
-6.01435
-6.01467
-6.01467
-6.01467
-6.01499
-6.01499
-6.01532
-6.01532
-6.01499
-6.01596
-6.01629
-6.01661
-6.01694
-6.01726
-6.01758
-6.01823
-6.01823
-6.01791
-6.01726
-6.01758
-6.01791
-6.01726
-6.01694
-6.01694
-6.01694
-6.01694
-6.01661
-6.01661
-6.01532
-6.01532
-6.01467
-6.01499
-6.01435
-6.01467
-6.01532
-6.01532
-6.01532
-6.01499
-6.01467
-6.01499
-6.01499
-6.01532
-6.01532
-6.01532
-6.01564
-6.01499
-6.01499
-6.01564
-6.01532
-6.01532
-6.01564
-6.01564
-6.01499
-6.01499
-6.01532
-6.01564
-6.01596
-6.01564
-6.01532
-6.01532
-6.01499
-6.01564
-6.01564
-6.01629
-6.01629
-6.01596
-6.01661
-6.01693
-6.01693
-6.01693
-6.01661
-6.01693
-6.01726
-6.0179
-6.0179
-6.01661
-6.01693
-6.01661
-6.01693
-6.01693
-6.01628
-6.01661
-6.01629
-6.01661
-6.01693
-6.01693
-6.01726
-6.01758
-6.01758
-6.01726
-6.01758
-6.01726
-6.01726
-6.01726
-6.01758
-6.0179
-6.01855
-6.01855
-6.01855
-6.0192
-6.02017
-6.01985
-6.02017
-6.01985
-6.01985
-6.01985
-6.01985
-6.01952
-6.01985
-6.01985
-6.02017
-6.01985
-6.01985
-6.0192
-6.0192
-6.0192
-6.0192
-6.01952
-6.0192
-6.01985
-6.02017
-6.01985
-6.02049
-6.02114
-6.02017
-6.01952
-6.01952
-6.01984
-6.01952
-6.0192
-6.0192
-6.01952
-6.01952
-6.01855
-6.01823
-6.0179
-6.01823
-6.0192
-6.01952
-6.01985
-6.01985
-6.0192
-6.01952
-6.01855
-6.01855
-6.01823
-6.01823
-6.01952
-6.01952
-6.01952
-6.0192
-6.01952
-6.01952
-6.01887
-6.01887
-6.01887
-6.01887
-6.01855
-6.01887
-6.01855
-6.01855
-6.01823
-6.0179
-6.0179
-6.0179
-6.0179
-6.01726
-6.01726
-6.01758
-6.0179
-6.0179
-6.01823
-6.01887
-6.01887
-6.0192
-6.0192
-6.01887
-6.01887
-6.01887
-6.01855
-6.01887
-6.01823
-6.01823
-6.0179
-6.01823
-6.01823
-6.01823
-6.01855
-6.01887
-6.01855
-6.01823
-6.01823
-6.01823
-6.01758
-6.01758
-6.01726
-6.01661
-6.01596
-6.01531
-6.01564
-6.01596
-6.01531
-6.01467
-6.01467
-6.01531
-6.01531
-6.01531
-6.01499
-6.01499
-6.01531
-6.01564
-6.01596
-6.01564
-6.01467
-6.01467
-6.01532
-6.01532
-6.01532
-6.01532
-6.01564
-6.01596
-6.01564
-6.01564
-6.01532
-6.01499
-6.01467
-6.01467
-6.01467
-6.01467
-6.01467
-6.01467
-6.01467
-6.01435
-6.01467
-6.01532
-6.01532
-6.01532
-6.01532
-6.01499
-6.01532
-6.01499
-6.01434
-6.01434
-6.01467
-6.01434
-6.01467
-6.01434
-6.01499
-6.01531
-6.01564
-6.01629
-6.01661
-6.01726
-6.01758
-6.01758
-6.01726
-6.0179
-6.0179
-6.01758
-6.01726
-6.01726
-6.01693
-6.01758
-6.01726
-6.01725
-6.01693
-6.01596
-6.01564
-6.01564
-6.01628
-6.01628
-6.01661
-6.01693
-6.01661
-6.01596
-6.01531
-6.01628
-6.01596
-6.01628
-6.01628
-6.01628
-6.01693
-6.01693
-6.01725
-6.0179
-6.0179
-6.01855
-6.01758
-6.0179
-6.01822
-6.0179
-6.01725
-6.01725
-6.01757
-6.01725
-6.01725
-6.01725
-6.01757
-6.0166
-6.01596
-6.01628
-6.0166
-6.0166
-6.01693
-6.01693
-6.01725
-6.01725
-6.01725
-6.01725
-6.01725
-6.01725
-6.01725
-6.01693
-6.01628
-6.0166
-6.01628
-6.01693
-6.01757
-6.01757
-6.01725
-6.01725
-6.01725
-6.0179
-6.0179
-6.01757
-6.01725
-6.0179
-6.01887
-6.01855
-6.01855
-6.01919
-6.01919
-6.01887
-6.01887
-6.01887
-6.0179
-6.0179
-6.01758
-6.01758
-6.01822
-5.62574
-5.62509
-5.62509
-5.62541
-5.62509
-5.62541
-5.62444
-5.62444
-5.62444
-5.62477
-5.62477
-5.62444
-5.62347
-5.62347
-5.62347
-5.62315
-5.62379
-5.62347
-5.62347
-5.62412
-5.62347
-5.62347
-5.62347
-5.62379
-5.62379
-5.62347
-5.62315
-5.62282
-5.62282
-5.62217
-5.62185
-5.62185
-5.6225
-5.62282
-5.62315
-5.62315
-5.62282
-5.6225
-5.6225
-5.6225
-5.62282
-5.6225
-5.62315
-5.62315
-5.62315
-5.62347
-5.62347
-5.62412
-5.62379
-5.62412
-5.62444
-5.62444
-5.62477
-5.62444
-5.62477
-5.62444
-5.62412
-5.62412
-5.62412
-5.62412
-5.62509
-5.62444
-5.62412
-5.62347
-5.62315
-5.62347
-5.62347
-5.62347
-5.62347
-5.62412
-5.62314
-5.62282
-5.6225
-5.62217
-5.62217
-5.62217
-5.62282
-5.6225
-5.62249
-5.62249
-5.62314
-5.62282
-5.62249
-5.62217
-5.62282
-5.62282
-5.62282
-5.62185
-5.62152
-5.6212
-5.62152
-5.62152
-5.62152
-5.62087
-5.62055
-5.62087
-5.62087
-5.62087
-5.62087
-5.62087
-5.62055
-5.62087
-5.62055
-5.62055
-5.62022
-5.6199
-5.61989
-5.61989
-5.61957
-5.61925
-5.61925
-5.61957
-5.61925
-5.6186
-5.61924
-5.61892
-5.61827
-5.61827
-5.61795
-5.6173
-5.61795
-5.61762
-5.61762
-5.61795
-5.61795
-5.61762
-5.61795
-5.6186
-5.61892
-5.61892
-5.61957
-5.61957
-5.61957
-5.61924
-5.61892
-5.6186
-5.6186
-5.61827
-5.61892
-5.6186
-5.6186
-5.6186
-5.61925
-5.61892
-5.61892
-5.61892
-5.61957
-5.61989
-5.62022
-5.6199
-5.62022
-5.6199
-5.62022
-5.62054
-5.62022
-5.62022
-5.6199
-5.61957
-5.61957
-5.61925
-5.61958
-5.61958
-5.61958
-5.62022
-5.62055
-5.62055
-5.62055
-5.62055
-5.62055
-5.6212
-5.62152
-5.62185
-5.62217
-5.62282
-5.62282
-5.62282
-5.62249
-5.62249
-5.62249
-5.6225
-5.62282
-5.6225
-5.62217
-5.62217
-5.62217
-5.6225
-5.62314
-5.62314
-5.62315
-5.62347
-5.62379
-5.62347
-5.62315
-5.62379
-5.62379
-5.62347
-5.62347
-5.62347
-5.62379
-5.62412
-5.62412
-5.62412
-5.62477
-5.62509
-5.62574
-5.62606
-5.62606
-5.62574
-5.62541
-5.62541
-5.62541
-5.62606
-5.62638
-5.62736
-5.62768
-5.62768
-5.62703
-5.62735
-5.62703
-5.62606
-5.62606
-5.62606
-5.62606
-5.62541
-5.62574
-5.62574
-5.62606
-5.62509
-5.62476
-5.62444
-5.62444
-5.62412
-5.62476
-5.62476
-5.62476
-5.62476
-5.62476
-5.62476
-5.62476
-5.62509
-5.62541
-5.62541
-5.62606
-5.62606
-5.62606
-5.62574
-5.62606
-5.62638
-5.62671
-5.62671
-5.62735
-5.62735
-5.628
-5.62833
-5.628
-5.62832
-5.62768
-5.62735
-5.62703
-5.62638
-5.62638
-5.62638
-5.62703
-5.62638
-5.62606
-5.62638
-5.62638
-5.62735
-5.62638
-5.6267
-5.6267
-5.62703
-5.62767
-5.62735
-5.62735
-5.6267
-5.62573
-5.62508
-5.62541
-5.62541
-5.62508
-5.62476
-5.62508
-5.62476
-5.62444
-5.62411
-5.62346
-5.62346
-5.62282
-5.62314
-5.62314
-5.62314
-5.62379
-5.62443
-5.62476
-5.62476
-5.62443
-5.62443
-5.62476
-5.62443
-5.62411
-5.62411
-5.62443
-5.62476
-5.62443
-5.62443
-5.62476
-5.62476
-5.62475
-5.62508
-5.62508
-5.62573
-5.62475
-5.62508
-5.6254
-5.62605
-5.62508
-5.62508
-5.62508
-5.62508
-5.62508
-5.62475
-5.6254
-5.6254
-5.6254
-5.62443
-5.62411
-5.62378
-5.62378
-5.62378
-5.62378
-5.62411
-5.62378
-5.62443
-5.62443
-5.62443
-5.62443
-5.62378
-5.62378
-5.62443
-5.62411
-5.62346
-5.62346
-5.62346
-5.62378
-5.62346
-5.62378
-5.62313
-5.62346
-5.62346
-5.62346
-5.62346
-5.62314
-5.62281
-5.62184
-5.62184
-5.62217
-5.62314
-5.62314
-5.62346
-5.62282
-5.62282
-5.62249
-5.62282
-5.62282
-5.62314
-5.62249
-5.62282
-5.62314
-5.62379
-5.62347
-5.62379
-5.62411
-5.62411
-5.62379
-5.62347
-5.62347
-5.62347
-5.62379
-5.62379
-5.62412
-5.62444
-5.62412
-5.62412
-5.62476
-5.62476
-5.62541
-5.62541
-5.62574
-5.62541
-5.62541
-5.62574
-5.62574
-5.62541
-5.62574
-5.62476
-5.62509
-5.62476
-5.62476
-5.62476
-5.62476
-5.62476
-5.62412
-5.62444
-5.62444
-5.62379
-5.62379
-5.62347
-5.62347
-5.62347
-5.62347
-5.62347
-5.62347
-5.62347
-5.62379
-5.62412
-5.62412
-5.62412
-5.62412
-5.62444
-5.62476
-5.62412
-5.62347
-5.62379
-5.62347
-5.62315
-5.62315
-5.62282
-5.62347
-5.62412
-5.62444
-5.62509
-5.62477
-5.62412
-5.62412
-5.62412
-5.62412
-5.62379
-5.62347
-5.62379
-5.62379
-5.62347
-5.62412
-5.62379
-5.62347
-5.62315
-5.62315
-5.62315
-5.62347
-5.6238
-5.62347
-5.62315
-5.62315
-5.62282
-5.6225
-5.6225
-5.62185
-5.62218
-5.62218
-5.62282
-5.6225
-5.62282
-5.62282
-5.62282
-5.62315
-5.62282
-5.62282
-5.6225
-5.62218
-5.62218
-5.6225
-5.6225
-5.62218
-5.62218
-5.62218
-5.6225
-5.62315
-5.6238
-5.62347
-5.62347
-5.62412
-5.62412
-5.62412
-5.62444
-5.62542
-5.62542
-5.62542
-5.62574
-5.62606
-5.62574
-5.62574
-5.62574
-5.62639
-5.62639
-5.62639
-5.62639
-5.62639
-5.62639
-5.62639
-5.62606
-5.48646
-5.48646
-5.48613
-5.48646
-5.48646
-5.48678
-5.48646
-5.48613
-5.48613
-5.48646
-5.48581
-5.48516
-5.48516
-5.48516
-5.48484
-5.48387
-5.48419
-5.48451
-5.48451
-5.48387
-5.48289
-5.48289
-5.48322
-5.48289
-5.48289
-5.48386
-5.48386
-5.48289
-5.48322
-5.48322
-5.48354
-5.48322
-5.48289
-5.48321
-5.48354
-5.48321
-5.48386
-5.48386
-5.48386
-5.48386
-5.48418
-5.48386
-5.48418
-5.48386
-5.48451
-5.48451
-5.48515
-5.48483
-5.48451
-5.48548
-5.4858
-5.4858
-5.4858
-5.48613
-5.48677
-5.4858
-5.48612
-5.4858
-5.4858
-5.4858
-5.48612
-5.48612
-5.48612
-5.48483
-5.48451
-5.48353
-5.48353
-5.48321
-5.48321
-5.48321
-5.48321
-5.48321
-5.48451
-5.48451
-5.48451
-5.48451
-5.48483
-5.48483
-5.48483
-5.48451
-5.48451
-5.48515
-5.48515
-5.48483
-5.48483
-5.48483
-5.48516
-5.48516
-5.48451
-5.48451
-5.48483
-5.48483
-5.48483
-5.48483
-5.48484
-5.48451
-5.48386
-5.48419
-5.48386
-5.48354
-5.48354
-5.48484
-5.48484
-5.48516
-5.48549
-5.48549
-5.48549
-5.48581
-5.48581
-5.48581
-5.48614
-5.48614
-5.48614
-5.48646
-5.48614
-5.48517
-5.48517
-5.48517
-5.48549
-5.48581
-5.48581
-5.48581
-5.48549
-5.48549
-5.48581
-5.48581
-5.48614
-5.48711
-5.48679
-5.48614
-5.48614
-5.48711
-5.48743
-5.48743
-5.48776
-5.48776
-5.48776
-5.48743
-5.48743
-5.48743
-5.48679
-5.48711
-5.48711
-5.48646
-5.48646
-5.48614
-5.48646
-5.48679
-5.48614
-5.48646
-5.48614
-5.48679
-5.48711
-5.48678
-5.48711
-5.48775
-5.48711
-5.48646
-5.48678
-5.48678
-5.48711
-5.48646
-5.48678
-5.48678
-5.48614
-5.48581
-5.48549
-5.48549
-5.48581
-5.48581
-5.48581
-5.48646
-5.48678
-5.48614
-5.48581
-5.48581
-5.48646
-5.48581
-5.48581
-5.48581
-5.48614
-5.48581
-5.48646
-5.48581
-5.48581
-5.48646
-5.48678
-5.48678
-5.48614
-5.48646
-5.48614
-5.48646
-5.48614
-5.48614
-5.48646
-5.48678
-5.48678
-5.48743
-5.48743
-5.48776
-5.48711
-5.48808
-5.4884
-5.48905
-5.4897
-5.49035
-5.49035
-5.49132
-5.49197
-5.49229
-5.49229
-5.49229
-5.49229
-5.49261
-5.49294
-5.49294
-5.49358
-5.49391
-5.49294
-5.49294
-5.49261
-5.49294
-5.49197
-5.49164
-5.49197
-5.49229
-5.49261
-5.49261
-5.49261
-5.49261
-5.49196
-5.49261
-5.49261
-5.49229
-5.49229
-5.49196
-5.49196
-5.49132
-5.49132
-5.49099
-5.49099
-5.49067
-5.49164
-5.49164
-5.49261
-5.49294
-5.49294
-5.49261
-5.49196
-5.49164
-5.49132
-5.49196
-5.49229
-5.49229
-5.49196
-5.49196
-5.49229
-5.49196
-5.49229
-5.49261
-5.49358
-5.49358
-5.49358
-5.49358
-5.49358
-5.49326
-5.49294
-5.49326
-5.49294
-5.49294
-5.49294
-5.49294
-5.49294
-5.49229
-5.49196
-5.49196
-5.49067
-5.49067
-5.49067
-5.49132
-5.49132
-5.49197
-5.49197
-5.49197
-5.49229
-5.49261
-5.49164
-5.49099
-5.49002
-5.4897
-5.48938
-5.48905
-5.48873
-5.48873
-5.48873
-5.48808
-5.48873
-5.48873
-5.48873
-5.48808
-5.48776
-5.48776
-5.48743
-5.48776
-5.48743
-5.48743
-5.48808
-5.48808
-5.48841
-5.48744
-5.48711
-5.48711
-5.48744
-5.48711
-5.48614
-5.48646
-5.48614
-5.48614
-5.48549
-5.48549
-5.48549
-5.48582
-5.48485
-5.48549
-5.48582
-5.48582
-5.48582
-5.48582
-5.48549
-5.48549
-5.48517
-5.48517
-5.48549
-5.48582
-5.48582
-5.48614
-5.48582
-5.48647
-5.48679
-5.48679
-5.48614
-5.48614
-5.48614
-5.48647
-5.48582
-5.48614
-5.48582
-5.48614
-5.48647
-5.48614
-5.48582
-5.48647
-5.48679
-5.48744
-5.48712
-5.48679
-5.48679
-5.48712
-5.48679
-5.48647
-5.48615
-5.4855
-5.48582
-5.48615
-5.48582
-5.48615
-5.48582
-5.4855
-5.48517
-5.48517
-5.48517
-5.4855
-5.48582
-5.48517
-5.4855
-5.48582
-5.48582
-5.4855
-5.48517
-5.48582
-5.48614
-5.48647
-5.48679
-5.48647
-5.48712
-5.48712
-5.48776
-5.48809
-5.48809
-5.48744
-5.48744
-5.48647
-5.48647
-5.48614
-5.48614
-5.48647
-5.48582
-5.48582
-5.48549
-5.48582
-5.48614
-5.48582
-5.48582
-5.48614
-5.48647
-5.48614
-5.48582
-5.48614
-5.48614
-5.48614
-5.4855
-5.48517
-5.4842
-5.48452
-5.48452
-5.48485
-5.48517
-5.48517
-5.48485
-5.48582
-5.48647
-5.48614
-5.48614
-5.48647
-5.48647
-5.48679
-5.48614
-5.4855
-5.48614
-5.48614
-5.48582
-5.4855
-5.4855
-5.4855
-5.4855
-5.48517
-5.48582
-5.48582
-5.48614
-5.48647
-5.48614
-5.48647
-5.48679
-5.48647
-5.48712
-5.48712
-5.48776
-5.48809
-5.48873
-5.48841
-5.48906
-5.48938
-5.48938
-5.48938
-5.48906
-5.48906
-5.48873
-5.48873
-5.48906
-5.48906
-5.48873
-5.48873
-5.48906
-5.48841
-5.48841
-5.48776
-5.48809
-5.48874
-5.48841
-5.48809
-5.48744
-5.48809
-5.48841
-5.48906
-5.48938
-5.48938
-5.48906
-5.48906
-5.48841
-5.48874
-5.48906
-5.48874
-5.48971
-5.48971
-5.48971
-5.48938
-5.48809
-5.48874
-5.48841
-5.48777
-5.48679
-5.48615
-5.48582
-5.48485
-5.48453
-5.48453
-5.48388
-5.48388
-5.48388
-5.48355
-5.55151
-5.55216
-5.55216
-5.55248
-5.55216
-5.55183
-5.55183
-5.55183
-5.55216
-5.55248
-5.55248
-5.55183
-5.55216
-5.55313
-5.5528
-5.55313
-5.55378
-5.55378
-5.55345
-5.55345
-5.55345
-5.55313
-5.55378
-5.55345
-5.55313
-5.55345
-5.55378
-5.55378
-5.55378
-5.5541
-5.55378
-5.55378
-5.55281
-5.55345
-5.55345
-5.55345
-5.55345
-5.55443
-5.55443
-5.55507
-5.5554
-5.5554
-5.55604
-5.55637
-5.55604
-5.55637
-5.55702
-5.55669
-5.55637
-5.55604
-5.55572
-5.55507
-5.5541
-5.55378
-5.55442
-5.55442
-5.5541
-5.55443
-5.5541
-5.55443
-5.55475
-5.55475
-5.55507
-5.55442
-5.55443
-5.55475
-5.55507
-5.55507
-5.5554
-5.5554
-5.5554
-5.5554
-5.5554
-5.55507
-5.5554
-5.5554
-5.5554
-5.5554
-5.5554
-5.55507
-5.55604
-5.55604
-5.55604
-5.55637
-5.55637
-5.55702
-5.55702
-5.55669
-5.55637
-5.55572
-5.55572
-5.55539
-5.55539
-5.55604
-5.55604
-5.55604
-5.55572
-5.55637
-5.55701
-5.55701
-5.55669
-5.55637
-5.55604
-5.55539
-5.55507
-5.55539
-5.55539
-5.55604
-5.55572
-5.55637
-5.55637
-5.55701
-5.55669
-5.55637
-5.55539
-5.55539
-5.55475
-5.55475
-5.55507
-5.55442
-5.55442
-5.5541
-5.55442
-5.55442
-5.5541
-5.55377
-5.5541
-5.55345
-5.55345
-5.55377
-5.55345
-5.5541
-5.55377
-5.5541
-5.55474
-5.55507
-5.55539
-5.55539
-5.55572
-5.55572
-5.55572
-5.55539
-5.55507
-5.55539
-5.55507
-5.55507
-5.55474
-5.55507
-5.55539
-5.55507
-5.55539
-5.55507
-5.55539
-5.55507
-5.55507
-5.55474
-5.55442
-5.55474
-5.55474
-5.55474
-5.55507
-5.55474
-5.55474
-5.55442
-5.55442
-5.55474
-5.55442
-5.5541
-5.55507
-5.55474
-5.55442
-5.5541
-5.55442
-5.5541
-5.5541
-5.5541
-5.55377
-5.55377
-5.5541
-5.55474
-5.55442
-5.55474
-5.55474
-5.55442
-5.55442
-5.55442
-5.55442
-5.55442
-5.55474
-5.55539
-5.55507
-5.55507
-5.55475
-5.55442
-5.55475
-5.55474
-5.55475
-5.55507
-5.55539
-5.55507
-5.55539
-5.55539
-5.55507
-5.55474
-5.55442
-5.5541
-5.55442
-5.55442
-5.55442
-5.55474
-5.55507
-5.55539
-5.55442
-5.55442
-5.55474
-5.55442
-5.55442
-5.55539
-5.55539
-5.55474
-5.55474
-5.55571
-5.55604
-5.55636
-5.55636
-5.55636
-5.55604
-5.55668
-5.55733
-5.55701
-5.55636
-5.55668
-5.55701
-5.55668
-5.55603
-5.55539
-5.55474
-5.55474
-5.55474
-5.55442
-5.55539
-5.55506
-5.55571
-5.55539
-5.55539
-5.55442
-5.55506
-5.55474
-5.55506
-5.55506
-5.55506
-5.55506
-5.55409
-5.55441
-5.55474
-5.55409
-5.55377
-5.55441
-5.55441
-5.55344
-5.55215
-5.55247
-5.55215
-5.55215
-5.55247
-5.55215
-5.55247
-5.55312
-5.55279
-5.55279
-5.55279
-5.55312
-5.55279
-5.55312
-5.55312
-5.55312
-5.55279
-5.55215
-5.55247
-5.55279
-5.55312
-5.55247
-5.55247
-5.55247
-5.55247
-5.55215
-5.55247
-5.55215
-5.55183
-5.5515
-5.5515
-5.55183
-5.5515
-5.55118
-5.5515
-5.55118
-5.55118
-5.55118
-5.55118
-5.55118
-5.55086
-5.55086
-5.55118
-5.55118
-5.55118
-5.55118
-5.55086
-5.55118
-5.55183
-5.55183
-5.55215
-5.55151
-5.55118
-5.55053
-5.55021
-5.55021
-5.55086
-5.55118
-5.55151
-5.55183
-5.55151
-5.55151
-5.55183
-5.55215
-5.55248
-5.5528
-5.55312
-5.55312
-5.55312
-5.55312
-5.55312
-5.55312
-5.55377
-5.55377
-5.5541
-5.5541
-5.55377
-5.55474
-5.55507
-5.55507
-5.55474
-5.55539
-5.55539
-5.55539
-5.55507
-5.55507
-5.55604
-5.55604
-5.55571
-5.55539
-5.55507
-5.55474
-5.55507
-5.55474
-5.55507
-5.55442
-5.55474
-5.55442
-5.55442
-5.55409
-5.55377
-5.55442
-5.55442
-5.55474
-5.55442
-5.55409
-5.55442
-5.55442
-5.55377
-5.55377
-5.55409
-5.55409
-5.55345
-5.55409
-5.55409
-5.55442
-5.55474
-5.55507
-5.55507
-5.55474
-5.55539
-5.55571
-5.55571
-5.55571
-5.55571
-5.55571
-5.55539
-5.55571
-5.55539
-5.55539
-5.55539
-5.55571
-5.55571
-5.55539
-5.55636
-5.55668
-5.55604
-5.55571
-5.55539
-5.55571
-5.55571
-5.55604
-5.55604
-5.55539
-5.55539
-5.55506
-5.55539
-5.55506
-5.55442
-5.55474
-5.55442
-5.55409
-5.55377
-5.55345
-5.55345
-5.55345
-5.55377
-5.55377
-5.55377
-5.55312
-5.55312
-5.55409
-5.55377
-5.55377
-5.55377
-5.55345
-5.55377
-5.55377
-5.55377
-5.55377
-5.55345
-5.5528
-5.55312
-5.55345
-5.55345
-5.55313
-5.5528
-5.55313
-5.55313
-5.55345
-5.55377
-5.55345
-5.5541
-5.55377
-5.55345
-5.55313
-5.55313
-5.55345
-5.55345
-5.55345
-5.55345
-5.55378
-5.55442
-5.55507
-5.55507
-5.55507
-5.55507
-5.55475
-5.55507
-5.5554
-5.55572
-5.55637
-5.55702
-5.55702
-5.55766
-5.55766
-5.55799
-5.55734
-5.55669
-5.55605
-5.5554
-5.55572
-5.5554
-5.55605
-5.55605
-5.55637
-5.55605
-5.55637
-5.5554
-5.55572
-5.55572
-5.55572
-5.55605
-5.55605
-5.55605
-5.55637
-5.55637
-5.55669
-5.55637
-5.55572
-5.55572
-5.5554
-5.55507
-5.55507
-5.55507
-5.55475
-5.5554
-5.5554
-5.55572
-5.55572
-5.55708
-5.55676
-5.55644
-5.55611
-5.55579
-5.55546
-5.55514
-5.55449
-5.55514
-5.55546
-5.55546
-5.55514
-5.55449
-5.55449
-5.55384
-5.55384
-5.55352
-5.5532
-5.55352
-5.5532
-5.5532
-5.5532
-5.55319
-5.55287
-5.55255
-5.55287
-5.55319
-5.55287
-5.55222
-5.55222
-5.55158
-5.5519
-5.5519
-5.5519
-5.55222
-5.55352
-5.55352
-5.55352
-5.55352
-5.55319
-5.55449
-5.55449
-5.55449
-5.55384
-5.55384
-5.55384
-5.55352
-5.55352
-5.55352
-5.55352
-5.55319
-5.55352
-5.5532
-5.55384
-5.55384
-5.55384
-5.55384
-5.55417
-5.55417
-5.55417
-5.55449
-5.55384
-5.55385
-5.55385
-5.55449
-5.55449
-5.55449
-5.55449
-5.55482
-5.55514
-5.55482
-5.55547
-5.55482
-5.55514
-5.55514
-5.55547
-5.55547
-5.55547
-5.55514
-5.55514
-5.55449
-5.55352
-5.55352
-5.55417
-5.55417
-5.5545
-5.5545
-5.55482
-5.55482
-5.55547
-5.55612
-5.55547
-5.55579
-5.55547
-5.55612
-5.55644
-5.55644
-5.55644
-5.55644
-5.55644
-5.55741
-5.55773
-5.55838
-5.55903
-5.55935
-5.56
-5.55968
-5.56032
-5.56065
-5.56065
-5.56065
-5.56097
-5.56129
-5.56065
-5.56097
-5.56097
-5.56129
-5.56129
-5.56162
-5.56291
-5.56291
-5.56388
-5.56356
-5.56388
-5.56421
-5.56421
-5.56356
-5.56356
-5.56388
-5.56356
-5.56324
-5.56388
-5.56388
-5.56324
-5.56291
-5.56291
-5.56291
-5.56291
-5.56291
-5.56162
-5.56129
-5.56097
-5.56129
-5.56097
-5.56097
-5.56065
-5.56065
-5.56064
-5.56097
-5.56065
-5.56032
-5.56
-5.56
-5.56
-5.55935
-5.55903
-5.55903
-5.55903
-5.55903
-5.55903
-5.55903
-5.55871
-5.55871
-5.55871
-5.55871
-5.55871
-5.55871
-5.55935
-5.55935
-5.55968
-5.56
-5.55935
-5.55935
-5.55903
-5.55903
-5.55871
-5.55903
-5.55968
-5.55935
-5.55935
-5.55968
-5.56
-5.56
-5.55903
-5.55871
-5.55871
-5.55871
-5.55935
-5.56
-5.55968
-5.56
-5.56
-5.56
-5.56065
-5.5613
-5.56065
-5.55968
-5.55968
-5.55968
-5.55968
-5.56033
-5.56065
-5.56
-5.56
-5.56065
-5.5613
-5.56259
-5.56259
-5.56259
-5.56162
-5.56162
-5.56227
-5.56259
-5.56227
-5.56194
-5.56097
-5.56097
-5.56065
-5.56097
-5.56065
-5.56032
-5.56032
-5.55968
-5.55968
-5.55968
-5.55935
-5.5587
-5.55903
-5.55903
-5.55935
-5.55903
-5.5587
-5.5587
-5.55806
-5.55773
-5.55805
-5.55741
-5.55741
-5.55773
-5.55805
-5.55838
-5.5587
-5.55806
-5.5587
-5.5587
-5.55838
-5.55773
-5.55773
-5.55741
-5.55805
-5.5587
-5.5587
-5.5587
-5.5587
-5.5587
-5.5587
-5.55838
-5.55806
-5.55806
-5.55838
-5.55838
-5.55806
-5.55773
-5.55741
-5.55708
-5.55708
-5.55676
-5.55644
-5.55741
-5.55773
-5.55741
-5.55773
-5.55741
-5.55773
-5.55806
-5.55806
-5.55773
-5.55741
-5.55708
-5.55741
-5.55709
-5.55676
-5.55773
-5.55838
-5.5587
-5.55903
-5.5587
-5.55806
-5.55773
-5.55709
-5.55741
-5.55741
-5.55709
-5.55773
-5.55773
-5.55708
-5.55644
-5.55547
-5.55482
-5.55449
-5.55482
-5.55482
-5.55482
-5.55547
-5.55547
-5.5545
-5.55417
-5.55417
-5.5532
-5.55288
-5.5532
-5.55288
-5.5532
-5.55288
-5.55352
-5.55352
-5.55352
-5.55352
-5.55385
-5.55417
-5.55449
-5.55449
-5.55417
-5.55385
-5.55352
-5.55352
-5.55288
-5.55288
-5.5532
-5.55288
-5.55255
-5.55255
-5.55255
-5.55255
-5.5519
-5.5519
-5.55158
-5.5519
-5.55126
-5.5519
-5.55223
-5.55288
-5.5532
-5.55352
-5.55352
-5.55352
-5.55385
-5.55385
-5.55385
-5.55385
-5.55288
-5.55288
-5.55288
-5.55288
-5.5532
-5.5532
-5.5532
-5.55385
-5.55385
-5.55417
-5.55547
-5.55547
-5.55514
-5.5545
-5.5545
-5.55417
-5.55353
-5.55353
-5.55353
-5.55353
-5.55385
-5.55417
-5.55385
-5.55353
-5.55385
-5.5532
-5.55256
-5.55191
-5.55256
-5.55256
-5.55256
-5.55223
-5.55223
-5.55288
-5.55288
-5.5532
-5.5532
-5.5532
-5.5532
-5.55288
-5.5532
-5.55288
-5.55288
-5.55288
-5.55288
-5.55288
-5.55255
-5.55191
-5.55191
-5.55158
-5.55158
-5.55223
-5.55223
-5.55255
-5.55255
-5.55255
-5.55255
-5.55288
-5.55288
-5.5532
-5.55288
-5.55288
-5.5532
-5.55385
-5.55449
-5.55482
-5.55449
-5.55385
-5.55385
-5.55417
-5.55546
-5.55547
-5.55547
-5.55579
-5.55547
-5.55547
-5.55514
-5.55449
-5.55449
-5.55482
-5.55546
-5.55514
-5.55546
-5.55546
-5.55546
-5.55482
-5.55514
-5.55449
-5.55417
-5.55352
-5.55352
-5.55385
-5.55385
-5.55385
-5.55385
-5.55385
-5.55417
-5.55384
-5.55384
-5.55384
-5.55352
-5.55417
-5.55449
-5.55385
-5.5532
-5.55287
-5.55255
-5.55223
-5.55223
-5.55255
-5.55255
-5.55223
-5.5519
-5.5519
-5.55126
-5.55126
-5.55158
-5.55158
-5.55223
-5.55158
-5.55158
-5.55158
-5.55158
-5.55158
-5.55126
-5.55126
-5.55093
-5.55093
-5.55158
-5.55191
-5.55255
-5.5519
-5.55158
-5.55126
-5.55158
-5.55158
-5.5519
-5.55288
-5.55223
-5.55223
-5.55255
-5.55255
-5.55255
-5.55288
-5.55287
-5.55255
-5.55255
-5.55255
-5.55158
-5.55158
-5.55249
-5.55217
-5.55184
-5.55249
-5.55249
-5.55314
-5.55346
-5.55346
-5.55314
-5.55281
-5.55249
-5.55217
-5.55217
-5.55217
-5.55217
-5.55249
-5.55281
-5.55346
-5.55411
-5.5554
-5.55573
-5.55605
-5.5554
-5.5554
-5.55573
-5.5554
-5.55573
-5.55605
-5.55573
-5.55573
-5.5554
-5.55573
-5.55605
-5.55573
-5.5554
-5.55573
-5.5567
-5.55735
-5.55702
-5.5567
-5.5567
-5.55767
-5.55767
-5.55734
-5.55735
-5.55799
-5.55734
-5.55734
-5.55799
-5.55832
-5.55734
-5.55702
-5.5567
-5.5567
-5.55702
-5.55735
-5.55702
-5.5567
-5.55735
-5.55767
-5.55767
-5.55799
-5.55767
-5.55702
-5.5567
-5.5567
-5.55735
-5.55735
-5.55702
-5.55702
-5.55702
-5.5567
-5.5567
-5.55637
-5.55637
-5.55605
-5.55508
-5.55508
-5.55475
-5.55443
-5.55378
-5.55378
-5.55378
-5.55411
-5.55314
-5.55346
-5.55249
-5.55184
-5.55119
-5.55119
-5.55217
-5.55184
-5.55184
-5.55152
-5.55217
-5.55152
-5.55152
-5.55152
-5.55184
-5.5512
-5.55087
-5.5512
-5.5512
-5.55152
-5.55184
-5.55152
-5.55152
-5.55152
-5.5512
-5.55152
-5.5512
-5.55087
-5.55152
-5.55055
-5.55087
-5.55055
-5.55055
-5.55022
-5.55022
-5.55055
-5.55087
-5.55152
-5.55087
-5.55087
-5.55055
-5.55055
-5.55055
-5.55055
-5.55055
-5.55087
-5.55055
-5.55216
-5.55249
-5.55216
-5.55216
-5.55216
-5.55281
-5.55281
-5.55249
-5.55184
-5.55152
-5.55184
-5.55184
-5.55152
-5.55152
-5.55119
-5.55151
-5.55216
-5.55281
-5.55281
-5.55281
-5.55249
-5.55249
-5.55216
-5.55249
-5.55281
-5.55281
-5.55313
-5.55281
-5.55313
-5.55346
-5.55378
-5.55443
-5.55443
-5.5541
-5.5541
-5.55313
-5.55184
-5.55216
-5.55216
-5.55216
-5.55216
-5.55249
-5.55216
-5.55216
-5.55249
-5.55216
-5.55216
-5.55152
-5.55054
-5.55054
-5.55022
-5.55054
-5.55054
-5.55087
-5.55119
-5.55087
-5.55087
-5.55119
-5.55216
-5.55249
-5.55281
-5.55281
-5.55281
-5.55281
-5.55313
-5.55281
-5.55281
-5.55281
-5.55249
-5.55216
-5.55248
-5.55249
-5.55281
-5.55313
-5.55378
-5.5541
-5.55346
-5.55346
-5.55346
-5.55281
-5.55346
-5.55346
-5.55346
-5.55378
-5.55378
-5.55378
-5.55281
-5.55249
-5.55281
-5.55249
-5.55281
-5.55313
-5.55216
-5.55249
-5.55281
-5.55281
-5.55378
-5.55411
-5.55443
-5.55475
-5.55508
-5.5554
-5.5554
-5.55508
-5.55508
-5.55508
-5.55508
-5.55475
-5.55475
-5.55443
-5.55443
-5.55411
-5.55378
-5.55378
-5.55378
-5.55378
-5.55378
-5.55346
-5.55346
-5.55378
-5.55411
-5.55346
-5.55346
-5.55346
-5.55281
-5.55249
-5.55281
-5.55346
-5.55378
-5.55443
-5.55475
-5.55475
-5.55508
-5.55573
-5.55573
-5.55573
-5.55605
-5.55637
-5.55573
-5.55572
-5.55572
-5.5554
-5.5554
-5.55605
-5.55572
-5.5554
-5.55605
-5.55637
-5.55702
-5.55734
-5.55734
-5.55702
-5.55734
-5.55734
-5.55734
-5.55702
-5.55734
-5.5567
-5.5567
-5.55799
-5.55734
-5.55702
-5.55637
-5.55702
-5.5567
-5.55637
-5.5567
-5.5567
-5.55702
-5.55735
-5.55702
-5.55767
-5.55702
-5.55702
-5.55702
-5.55702
-5.55702
-5.5567
-5.55573
-5.5554
-5.55605
-5.5554
-5.55508
-5.5554
-5.55508
-5.55378
-5.55411
-5.55443
-5.55475
-5.5554
-5.5554
-5.5554
-5.55573
-5.55637
-5.55605
-5.5554
-5.55605
-5.5554
-5.5554
-5.5554
-5.55508
-5.55508
-5.55443
-5.55411
-5.55313
-5.55281
-5.55249
-5.55281
-5.55313
-5.55346
-5.55378
-5.55346
-5.55346
-5.55346
-5.55346
-5.5541
-5.5541
-5.55378
-5.55378
-5.55346
-5.55346
-5.55346
-5.55313
-5.55346
-5.55346
-5.55346
-5.55346
-5.55313
-5.55313
-5.55346
-5.55313
-5.55281
-5.55184
-5.55216
-5.55216
-5.55184
-5.55184
-5.55184
-5.55281
-5.55313
-5.55313
-5.55313
-5.55248
-5.55248
-5.55216
-5.55216
-5.55151
-5.55119
-5.55151
-5.55216
-5.55216
-5.55216
-5.55216
-5.55281
-5.55281
-5.55216
-5.55184
-5.55184
-5.55086
-5.55151
-5.55087
-5.55054
-5.55054
-5.55087
-5.55087
-5.55087
-5.55152
-5.55119
-5.55152
-5.55119
-5.55152
-5.55152
-5.55184
-5.55184
-5.55152
-5.55152
-5.55119
-5.55055
-5.55055
-5.55087
-5.55152
-5.55152
-5.55087
-5.55087
-5.55022
-5.55055
-5.55087
-5.55055
-5.55087
-5.5499
-5.5499
-5.54958
-5.54958
-5.54958
-5.54926
-5.54926
-5.54926
-5.54893
-5.54926
-5.54926
-5.54991
-5.54958
-5.55023
-5.55055
-5.55023
-5.55055
-5.55023
-5.54991
-5.54991
-5.54991
-5.54991
-5.54926
-5.54893
-5.54926
-5.54926
-5.54991
-5.54894
-5.54894
-5.55023
-5.54958
-5.54991
-5.54958
-5.55055
-5.55023
-5.55056
-5.55056
-5.55023
-5.5512
-5.55153
-5.55056
-5.54991
-5.55023
-5.55056
-5.55055
-5.5512
-5.55088
-5.55088
-5.55153
-5.55153
-5.5512
-5.55088
-5.55152
-5.55217
-5.55282
-5.55282
-5.55314
-5.55347
-5.55282
-5.55347
-5.55379
-5.55379
-5.55411
-5.55379
-5.55444
-5.55411
-5.55411
-5.55411
-5.55379
-5.55379
-5.55379
-5.55347
-5.55411
-5.55379
-5.55379
-5.55411
-5.55411
-5.55346
-5.55314
-5.55282
-5.55344
-5.55344
-5.55344
-5.55344
-5.55376
-5.55376
-5.55311
-5.55344
-5.55344
-5.55344
-5.55247
-5.55311
-5.55279
-5.55279
-5.55214
-5.55247
-5.55344
-5.55344
-5.55409
-5.55376
-5.55344
-5.55409
-5.55344
-5.55376
-5.55344
-5.55376
-5.55376
-5.55344
-5.55344
-5.55376
-5.55376
-5.55409
-5.55474
-5.55506
-5.55571
-5.55571
-5.55506
-5.55506
-5.55538
-5.55473
-5.55473
-5.55473
-5.55506
-5.55473
-5.55506
-5.55473
-5.55473
-5.55506
-5.55441
-5.55441
-5.55409
-5.55409
-5.55409
-5.55409
-5.55441
-5.55441
-5.55473
-5.55538
-5.55538
-5.55538
-5.55538
-5.55538
-5.55603
-5.557
-5.557
-5.55667
-5.55667
-5.55667
-5.55667
-5.55668
-5.557
-5.55732
-5.55797
-5.5583
-5.55765
-5.55765
-5.55765
-5.55765
-5.55797
-5.5583
-5.55797
-5.55797
-5.55797
-5.55765
-5.5583
-5.55797
-5.55733
-5.55733
-5.55765
-5.5583
-5.5583
-5.55862
-5.55862
-5.55862
-5.55862
-5.5583
-5.55895
-5.5583
-5.55798
-5.5583
-5.55862
-5.55895
-5.55895
-5.55862
-5.55862
-5.5583
-5.5583
-5.55765
-5.55733
-5.55765
-5.55701
-5.55636
-5.55636
-5.55604
-5.55539
-5.55571
-5.55604
-5.55539
-5.55539
-5.55442
-5.55442
-5.55539
-5.55539
-5.55571
-5.55636
-5.55571
-5.55571
-5.55571
-5.55539
-5.55571
-5.55571
-5.55636
-5.55668
-5.55668
-5.55668
-5.55701
-5.55701
-5.55668
-5.55636
-5.55603
-5.55539
-5.55539
-5.55506
-5.55506
-5.55506
-5.55474
-5.55409
-5.55377
-5.55345
-5.55377
-5.55442
-5.55409
-5.55345
-5.5528
-5.5528
-5.55312
-5.55312
-5.5528
-5.55215
-5.55215
-5.5528
-5.55345
-5.55345
-5.55345
-5.55312
-5.55312
-5.5528
-5.55312
-5.55312
-5.55312
-5.55377
-5.55442
-5.55344
-5.55247
-5.55215
-5.5515
-5.55183
-5.55183
-5.55215
-5.55118
-5.55085
-5.55118
-5.55118
-5.55085
-5.5515
-5.55118
-5.55118
-5.5502
-5.54956
-5.54956
-5.54923
-5.54923
-5.54988
-5.54956
-5.54956
-5.54859
-5.54891
-5.54826
-5.54794
-5.54859
-5.54794
-5.54826
-5.54859
-5.54859
-5.54859
-5.54859
-5.54923
-5.54956
-5.54956
-5.55085
-5.55053
-5.55053
-5.54956
-5.54988
-5.54988
-5.54988
-5.55021
-5.55021
-5.55021
-5.55053
-5.55118
-5.5515
-5.55086
-5.55086
-5.5515
-5.55118
-5.55118
-5.55053
-5.55053
-5.55053
-5.55086
-5.55118
-5.55118
-5.55151
-5.55151
-5.55118
-5.55215
-5.55248
-5.55248
-5.5528
-5.5528
-5.55313
-5.55345
-5.55442
-5.55442
-5.55442
-5.55475
-5.55507
-5.55539
-5.55604
-5.55604
-5.55604
-5.55604
-5.55604
-5.55539
-5.55539
-5.55539
-5.55539
-5.55571
-5.55571
-5.55604
-5.55604
-5.55636
-5.55604
-5.55604
-5.55507
-5.55474
-5.55474
-5.55474
-5.55377
-5.55345
-5.55247
-5.55215
-5.55215
-5.55247
-5.55312
-5.55377
-5.55377
-5.55344
-5.55344
-5.55441
-5.55409
-5.55441
-5.55474
-5.55539
-5.55538
-5.55474
-5.55441
-5.55474
-5.55539
-5.55506
-5.55571
-5.55571
-5.55571
-5.55571
-5.55538
-5.55539
-5.55539
-5.55539
-5.55571
-5.55538
-5.55603
-5.55603
-5.55636
-5.55636
-5.557
-5.55733
-5.55668
-5.55636
-5.55636
-5.55603
-5.55603
-5.55636
-5.55668
-5.55668
-5.55636
-5.55668
-5.557
-5.557
-5.557
-5.557
-5.55603
-5.55571
-5.55571
-5.55474
-5.55474
-5.55506
-5.55474
-5.55474
-5.55441
-5.55409
-5.55409
-5.55474
-5.55474
-5.55474
-5.55474
-5.55474
-5.55506
-5.55474
-5.55474
-5.55409
-5.55344
-5.55377
-5.55312
-5.55344
-5.5528
-5.5528
-5.55312
-5.55312
-5.55344
-5.55377
-5.55377
-5.55344
-5.55344
-5.55377
-5.55344
-5.55409
-5.55409
-5.55377
-5.55409
-5.55312
-5.55312
-5.5528
-5.5528
-5.55247
-5.55247
-5.55215
-5.5515
-5.5515
-5.55118
-5.5515
-5.55215
-5.55215
-5.55279
-5.55215
-5.55215
-5.55247
-5.55182
-5.55182
-5.55247
-5.5515
-5.5515
-5.55085
-5.55053
-5.55085
-5.54955
-5.54955
-5.54988
-5.54988
-5.55053
-5.5502
-5.54988
-5.54988
-5.55053
-5.55085
-5.54988
-5.54923
-5.54923
-5.54923
-5.54923
-5.54923
-5.54923
-5.54955
-5.54988
-5.55085
-5.55085
-5.5515
-5.5515
-5.55085
-5.55117
-5.55117
-5.55117
-5.55149
-5.55182
-5.55311
-5.55311
-5.55279
-5.55311
-5.55311
-5.55311
-5.55279
-5.55311
-5.55247
-5.55182
-5.55182
-5.5515
-5.5515
-5.55117
-5.55085
-5.55117
-5.55149
-5.55182
-5.55247
-5.55247
-5.55311
-5.55344
-5.55344
-5.55311
-5.55311
-5.55247
-5.55247
-5.55182
-5.5515
-5.55214
-5.55182
-5.55182
-5.5515
-5.5515
-5.55085
-5.55053
-5.54988
-5.5502
-5.54955
-5.54955
-5.5502
-5.5502
-5.5502
-5.5502
-5.55085
-5.55053
-5.55053
-5.55085
-5.55053
-5.5515
-5.55118
-5.5515
-5.55118
-5.55118
-5.55118
-5.55085
-5.55085
-5.55085
-5.55118
-5.55118
-5.55118
-5.55118
-5.55085
-5.55053
-5.5502
-5.5515
-5.55053
-5.5502
-5.5502
-5.5502
-5.55085
-5.55118
-5.55118
-5.55118
-5.55118
-5.55118
-5.5515
-5.5515
-5.55118
-5.55118
-5.55182
-5.5515
-5.55085
-5.55085
-5.55085
-5.55118
-5.55105
-5.55137
-5.55137
-5.5517
-5.55137
-5.55105
-5.5504
-5.55105
-5.55137
-5.5517
-5.55234
-5.55267
-5.55234
-5.55234
-5.55299
-5.55299
-5.55202
-5.55234
-5.55332
-5.55331
-5.55429
-5.55429
-5.55396
-5.55364
-5.55331
-5.55331
-5.55299
-5.55299
-5.55234
-5.55267
-5.55267
-5.55267
-5.55331
-5.55299
-5.55331
-5.55364
-5.55396
-5.55331
-5.55299
-5.55267
-5.55299
-5.55331
-5.55299
-5.55299
-5.55299
-5.55331
-5.55267
-5.55267
-5.55267
-5.55267
-5.55234
-5.55234
-5.55234
-5.55299
-5.55267
-5.55234
-5.55234
-5.55202
-5.55202
-5.55169
-5.55202
-5.55202
-5.55266
-5.55266
-5.55234
-5.55267
-5.55202
-5.55234
-5.55202
-5.55169
-5.55202
-5.55169
-5.55137
-5.55169
-5.55202
-5.55299
-5.55331
-5.55299
-5.55299
-5.55364
-5.55364
-5.55364
-5.55364
-5.55299
-5.55267
-5.55267
-5.55299
-5.55332
-5.55299
-5.55299
-5.55267
-5.55299
-5.55267
-5.55267
-5.55267
-5.55235
-5.55267
-5.553
-5.55332
-5.553
-5.55332
-5.55364
-5.553
-5.55397
-5.55397
-5.55332
-5.55332
-5.55332
-5.55429
-5.55461
-5.55494
-5.55494
-5.55461
-5.55397
-5.55429
-5.55462
-5.55494
-5.55494
-5.55559
-5.55526
-5.55526
-5.55526
-5.55494
-5.55559
-5.55559
-5.55526
-5.55559
-5.55526
-5.55526
-5.55559
-5.55559
-5.55559
-5.55559
-5.55624
-5.55753
-5.55785
-5.55786
-5.55656
-5.55689
-5.55689
-5.55656
-5.55689
-5.55656
-5.55624
-5.55559
-5.55527
-5.55527
-5.55559
-5.55527
-5.55591
-5.55689
-5.55656
-5.55656
-5.55624
-5.55559
-5.55559
-5.55527
-5.55527
-5.55559
-5.55559
-5.55592
-5.55527
-5.55527
-5.55527
-5.55462
-5.5543
-5.55462
-5.55462
-5.55365
-5.5543
-5.5543
-5.55462
-5.5543
-5.5543
-5.55365
-5.55397
-5.55397
-5.55397
-5.55365
-5.55365
-5.55462
-5.55527
-5.55527
-5.55494
-5.55494
-5.5543
-5.5543
-5.5543
-5.55462
-5.55462
-5.55494
-5.55559
-5.55591
-5.55527
-5.55494
-5.55494
-5.55494
-5.55494
-5.55559
-5.55494
-5.55429
-5.55462
-5.55494
-5.55494
-5.55429
-5.55429
-5.55429
-5.55429
-5.55429
-5.55494
-5.55429
-5.55429
-5.55364
-5.55397
-5.55364
-5.55332
-5.55267
-5.55332
-5.55332
-5.55332
-5.55235
-5.55267
-5.55332
-5.55332
-5.55332
-5.55267
-5.55235
-5.55235
-5.55235
-5.55202
-5.55202
-5.55202
-5.55267
-5.55235
-5.55332
-5.55397
-5.55397
-5.55397
-5.55429
-5.55429
-5.55461
-5.55332
-5.55494
-5.55526
-5.55461
-5.55559
-5.55526
-5.55461
-5.55494
-5.55526
-5.55494
-5.55462
-5.55462
-5.55364
-5.553
-5.55267
-5.5517
-5.55138
-5.5517
-5.55138
-5.55138
-5.55138
-5.55106
-5.55138
-5.5517
-5.55203
-5.5517
-5.5517
-5.55138
-5.55138
-5.55073
-5.55203
-5.55235
-5.55203
-5.55203
-5.55203
-5.55106
-5.55138
-5.55106
-5.5517
-5.55268
-5.553
-5.55365
-5.55397
-5.55332
-5.553
-5.553
-5.55268
-5.553
-5.55268
-5.55268
-5.55235
-5.55203
-5.55203
-5.55203
-5.55235
-5.55332
-5.55365
-5.55397
-5.55365
-5.55397
-5.55397
-5.55397
-5.55397
-5.55397
-5.55397
-5.55429
-5.55397
-5.55429
-5.55429
-5.55429
-5.55429
-5.55462
-5.55494
-5.55494
-5.55494
-5.55494
-5.55526
-5.55494
-5.55494
-5.55526
-5.55559
-5.55591
-5.55591
-5.55591
-5.55559
-5.55591
-5.55559
-5.55559
-5.55559
-5.55623
-5.55656
-5.55591
-5.55624
-5.55591
-5.55624
-5.55656
-5.55624
-5.55656
-5.55591
-5.55591
-5.55559
-5.55559
-5.55559
-5.55559
-5.55559
-5.55591
-5.55624
-5.55624
-5.55624
-5.55559
-5.55559
-5.55591
-5.55656
-5.55689
-5.55721
-5.55721
-5.55721
-5.55689
-5.55689
-5.55624
-5.55624
-5.55559
-5.55527
-5.55494
-5.55462
-5.5543
-5.5543
-5.55397
-5.55332
-5.553
-5.553
-5.55397
-5.55397
-5.55397
-5.55397
-5.55397
-5.5543
-5.5543
-5.55462
-5.55527
-5.55559
-5.55592
-5.55656
-5.55624
-5.55592
-5.55624
-5.55592
-5.55559
-5.55495
-5.55559
-5.55624
-5.55689
-5.55754
-5.55851
-5.55851
-5.55916
-5.55948
-5.55948
-5.55981
-5.55948
-5.55948
-5.55916
-5.55884
-5.55851
-5.55819
-5.55884
-5.55851
-5.55884
-5.55883
-5.55851
-5.55883
-5.55916
-5.55948
-5.55916
-5.55851
-5.55819
-5.55819
-5.55819
-5.55786
-5.55689
-5.55657
-5.55624
-5.55657
-5.55624
-5.55624
-5.55559
-5.55559
-5.55494
-5.55527
-5.55494
-5.5543
-5.55397
-5.55333
-5.55365
-5.55365
-5.55365
-5.55332
-5.553
-5.55235
-5.55267
-5.55267
-5.55235
-5.55235
-5.55235
-5.55235
-5.55267
-5.553
-5.553
-5.553
-5.553
-5.553
-5.55267
-5.55364
-5.55397
-5.55332
-5.55332
-5.55267
-5.55235
-5.55267
-5.55267
-5.55203
-5.55235
-5.55235
-5.55267
-5.55235
-5.55203
-5.55203
-5.55171
-5.55235
-5.55235
-5.55235
-5.55203
-5.55171
-5.55138
-5.55171
-5.55203
-5.55171
-5.55171
-5.55138
-5.55106
-5.55106
-5.55074
-5.55009
-5.55009
-5.54977
-5.54977
-5.55009
-5.55041
-5.55074
-5.55106
-5.55106
-5.55074
-5.55074
-5.55041
-5.55074
-5.55138
-5.55171
-5.55171
-5.55171
-5.55193
-5.55095
-5.55063
-5.55095
-5.55095
-5.5516
-5.55257
-5.55225
-5.55225
-5.55193
-5.5529
-5.55354
-5.55387
-5.5529
-5.55322
-5.55354
-5.5529
-5.55225
-5.55257
-5.55257
-5.55322
-5.55354
-5.55322
-5.55322
-5.55322
-5.55354
-5.55354
-5.55322
-5.55322
-5.55322
-5.55322
-5.55387
-5.55452
-5.55452
-5.55484
-5.55549
-5.55581
-5.55549
-5.55549
-5.55516
-5.55516
-5.55452
-5.55516
-5.55484
-5.55484
-5.55484
-5.55516
-5.55484
-5.55484
-5.55484
-5.55484
-5.55484
-5.55549
-5.55614
-5.55581
-5.55581
-5.55646
-5.55646
-5.55646
-5.55646
-5.55614
-5.55679
-5.55614
-5.55582
-5.55614
-5.55549
-5.55549
-5.55549
-5.5542
-5.55485
-5.55485
-5.55485
-5.55452
-5.55387
-5.5542
-5.55452
-5.55452
-5.55485
-5.55549
-5.55549
-5.55549
-5.55582
-5.55582
-5.55614
-5.55614
-5.55549
-5.55582
-5.55614
-5.55711
-5.55679
-5.55679
-5.55679
-5.55679
-5.55679
-5.55679
-5.55679
-5.55646
-5.55711
-5.55679
-5.55679
-5.55679
-5.55679
-5.55679
-5.55711
-5.55711
-5.55678
-5.55678
-5.55678
-5.55614
-5.55614
-5.55678
-5.55646
-5.55646
-5.55678
-5.55646
-5.55613
-5.55613
-5.55613
-5.55613
-5.55646
-5.55549
-5.55516
-5.55451
-5.55419
-5.55451
-5.55451
-5.55451
-5.55419
-5.55386
-5.55322
-5.55289
-5.55257
-5.55257
-5.55257
-5.55321
-5.55354
-5.55321
-5.55354
-5.55451
-5.55516
-5.55548
-5.55548
-5.55548
-5.55645
-5.55645
-5.55678
-5.55645
-5.5571
-5.5571
-5.5571
-5.5571
-5.55742
-5.55678
-5.55678
-5.55645
-5.55613
-5.55678
-5.5558
-5.55613
-5.5558
-5.55548
-5.55548
-5.55548
-5.55581
-5.55548
-5.55516
-5.55516
-5.55483
-5.55483
-5.55386
-5.55354
-5.55386
-5.55322
-5.55289
-5.55322
-5.55322
-5.55354
-5.55386
-5.55419
-5.55386
-5.55386
-5.55451
-5.55451
-5.55451
-5.55419
-5.55354
-5.55386
-5.55354
-5.55387
-5.55354
-5.55387
-5.55354
-5.55354
-5.55354
-5.55289
-5.55322
-5.5529
-5.5529
-5.55354
-5.55322
-5.5529
-5.55257
-5.5529
-5.5529
-5.5529
-5.5529
-5.55322
-5.55322
-5.55322
-5.55322
-5.55355
-5.55387
-5.55419
-5.55419
-5.55387
-5.5529
-5.55257
-5.55193
-5.55128
-5.55128
-5.5516
-5.55192
-5.55225
-5.55192
-5.55225
-5.55257
-5.5529
-5.55322
-5.55322
-5.55322
-5.5529
-5.55257
-5.55192
-5.55225
-5.55192
-5.55128
-5.55095
-5.55095
-5.5503
-5.55063
-5.54998
-5.54998
-5.54998
-5.54998
-5.54998
-5.54998
-5.5503
-5.5503
-5.55063
-5.55063
-5.55127
-5.5516
-5.55127
-5.55127
-5.55127
-5.5516
-5.55257
-5.55289
-5.55321
-5.55386
-5.55419
-5.55451
-5.55483
-5.55483
-5.55451
-5.55419
-5.55451
-5.55451
-5.55516
-5.55484
-5.55451
-5.55451
-5.55451
-5.55516
-5.55516
-5.55484
-5.55516
-5.55451
-5.55484
-5.55451
-5.55419
-5.55419
-5.55484
-5.55451
-5.55354
-5.55354
-5.55451
-5.55451
-5.55484
-5.55484
-5.55451
-5.55419
-5.55419
-5.55387
-5.55387
-5.55387
-5.55451
-5.55451
-5.55419
-5.55452
-5.55549
-5.55516
-5.55516
-5.55549
-5.55484
-5.55484
-5.55516
-5.55614
-5.55614
-5.55646
-5.55678
-5.55678
-5.55711
-5.55743
-5.55743
-5.55743
-5.55743
-5.5584
-5.5584
-5.55873
-5.5584
-5.55873
-5.55841
-5.55841
-5.55841
-5.55776
-5.55808
-5.55808
-5.55841
-5.55808
-5.55873
-5.55873
-5.55905
-5.55841
-5.55808
-5.55776
-5.55743
-5.55776
-5.55776
-5.55711
-5.55744
-5.55711
-5.55646
-5.55646
-5.55614
-5.55679
-5.55646
-5.55646
-5.55646
-5.55646
-5.55646
-5.55614
-5.55614
-5.55646
-5.55744
-5.55808
-5.55841
-5.55841
-5.55776
-5.55808
-5.55743
-5.55711
-5.55679
-5.55646
-5.55614
-5.55614
-5.55646
-5.55711
-5.55679
-5.55646
-5.55614
-5.55581
-5.55614
-5.55614
-5.55646
-5.55711
-5.55743
-5.55776
-5.55776
-5.55678
-5.55743
-5.55743
-5.55808
-5.5584
-5.55775
-5.55775
-5.55808
-5.55775
-5.55743
-5.55678
-5.55581
-5.55613
-5.55549
-5.55549
-5.55419
-5.55419
-5.55484
-5.55484
-5.55516
-5.55581
-5.55581
-5.55581
-5.55581
-5.55516
-5.55484
-5.55484
-5.55451
-5.55387
-5.55419
-5.55451
-5.55549
-5.55516
-5.55516
-5.55549
-5.55581
-5.55581
-5.55581
-5.55613
-5.55581
-5.55549
-5.55548
-5.55548
-5.55549
-5.55484
-5.55419
-5.55419
-5.55387
-5.55354
-5.55387
-5.55322
-5.5529
-5.55354
-5.55354
-5.55387
-5.55354
-5.55354
-5.55257
-5.55225
-5.5516
-5.5516
-5.55193
-5.55128
-5.55096
-5.55063
-5.55128
-5.55096
-5.55063
-5.55128
-5.55096
-5.55128
-5.5516
-5.5516
-5.5516
-5.55193
-5.55225
-5.55258
-5.55258
-5.55193
-5.55193
-5.55193
-5.55193
-5.55193
-5.5516
-5.5516
-5.55128
-5.55161
-5.55161
-5.55096
-5.55063
-5.54999
-5.54966
-5.54934
-5.54966
-5.54934
-5.54966
-5.55063
-5.55063
-5.55031
-5.55031
-5.55031
-5.55031
-5.55063
-5.54999
-5.55031
-5.55031
-5.55063
-5.55063
-5.55064
-5.55096
-5.55128
-5.55096
-5.55031
-5.55031
-5.54999
-5.54967
-5.54999
-5.54999
-5.54999
-5.54999
-5.55064
