1.2
1.19987
1.1995
1.19887
1.198
1.19687
1.1955
1.19388
1.19202
1.18991
1.18755
1.18496
1.18212
1.17905
1.17573
1.17218
1.1684
1.16438
1.16014
1.15567
1.15097
1.14605
1.14092
1.13556
1.13
1.12422
1.11823
1.11203
1.10563
1.09903
1.09223
1.08523
1.07804
1.07065
1.06308
1.05532
1.04737
1.03925
1.03095
1.02249
1.01385
1.00505
0.996086
0.98697
0.977704
0.968292
0.958739
0.94905
0.939228
0.929279
0.919208
0.90902
0.898723
0.88832
0.877819
0.867225
0.856543
0.845782
0.834948
0.824046
0.813082
0.802064
0.790999
0.779893
0.768754
0.757589
0.746405
0.735209
0.724009
0.712812
0.701625
0.690456
0.679313
0.668203
0.657134
0.646114
0.63515
0.62425
0.613423
0.602676
0.592016
0.58145
0.570988
0.560635
0.5504
0.540289
0.530311
0.520472
0.51078
0.50124
0.491861
0.482648
0.473607
0.464746
0.45607
0.447584
0.439295
0.431208
0.423327
0.415659
0.408208
0.400978
0.393973
0.387197
0.380653
0.374345
0.368276
0.362448
0.356863
0.351524
0.346432
0.341588
0.336994
0.332651
0.328558
0.324716
0.321125
0.317784
0.314694
0.311852
0.309258
0.306908
0.304803
0.30294
0.301315
0.299927
0.298772
0.297848
0.297149
0.296674
0.296417
0.296375
0.296543
0.296918
0.297493
0.298265
0.299227
0.300376
0.301705
0.303209
0.304882
0.30672
0.308715
0.310863
0.313158
0.315594
0.318164
0.320863
0.323685
0.326623
0.329671
0.332824
0.336075
0.339417
0.342846
0.346355
0.349939
0.353591
0.357306
0.361077
0.364899
0.368767
0.372673
0.376614
0.380583
0.384575
0.388586
0.392609
0.396642
0.400677
0.40471
0.408737
0.412754
0.416756
0.420739
0.424698
0.42863
0.432531
0.436396
0.440224
0.444009
0.447747
0.451437
0.455074
0.458656
0.462181
0.465644
0.469045
0.472379
0.475645
0.478841
0.481964
0.485013
0.487986
0.49088
0.493695
0.496428
0.499079
0.501646
0.504127
0.506523
0.508832
0.511055
0.51319
0.515237
0.517195
0.519065
0.520845
0.522535
0.524135
0.525646
0.527068
0.528401
0.529646
0.530803
0.531872
0.532854
0.533749
0.534558
0.535284
0.535926
0.536486
0.536964
0.537361
0.537678
0.537917
0.538079
0.538166
0.538178
0.538117
0.537985
0.537784
0.537515
0.53718
0.536781
0.536319
0.535797
0.535217
0.53458
0.533887
0.533141
0.532344
0.531499
0.530606
0.52967
0.52869
0.52767
0.526612
0.525516
0.524387
0.523225
0.522034
0.520815
0.519571
0.518303
0.517015
0.515709
0.514387
0.513053
0.511706
0.51035
0.508987
0.507618
0.506246
0.504873
0.503502
0.502135
0.500774
0.499421
0.498078
0.496748
0.495432
0.494134
0.492855
0.491598
0.490366
0.489158
0.487978
0.486827
0.485708
0.484621
0.48357
0.482556
0.48158
0.480644
0.479751
0.478902
0.478099
0.477344
0.47664
0.475987
0.475387
0.474842
0.474352
0.47392
0.473545
0.473231
0.472979
0.472789
0.472664
0.472603
0.472608
0.47268
0.472821
0.473031
0.473311
0.473663
0.474087
0.474583
0.475153
0.475799
0.476519
0.477315
0.478187
0.479136
0.48016
0.48126
0.482438
0.483692
0.485023
0.486432
0.487917
0.48948
0.491119
0.492833
0.494623
0.496487
0.498426
0.500439
0.502525
0.504683
0.506912
0.509213
0.511583
0.514022
0.516528
0.519102
0.521741
0.524443
0.527206
0.530029
0.53291
0.535849
0.538843
0.541889
0.544986
0.548132
0.551325
0.554563
0.557842
0.561162
0.564519
0.567913
0.571341
0.574801
0.578291
0.581806
0.585346
0.588907
0.592487
0.596086
0.599699
0.603322
0.606953
0.61059
0.61423
0.617871
0.621509
0.625142
0.628766
0.63238
0.635982
0.639569
0.643137
0.646684
0.650208
0.653707
0.657177
0.660615
0.66402
0.66739
0.670721
0.674014
0.677265
0.680472
0.683632
0.686742
0.689802
0.692809
0.695761
0.698656
0.701492
0.704267
0.706981
0.709631
0.712216
0.714734
0.717184
0.719564
0.721875
0.724114
0.72628
0.728371
0.730388
0.732329
0.734193
0.73598
0.737688
0.739317
0.740866
0.742334
0.74372
0.745026
0.746249
0.747391
0.748452
0.749432
0.750331
0.751149
0.751884
0.75254
0.753117
0.753613
0.754028
0.754363
0.754619
0.754795
0.754893
0.754915
0.75486
0.75473
0.754525
0.754248
0.753898
0.753476
0.752985
0.752425
0.751797
0.751104
0.750344
0.74952
0.748635
0.747689
0.746684
0.74562
0.744501
0.743326
0.742098
0.740819
0.73949
0.738116
0.736695
0.735229
0.73372
0.732171
0.730583
0.728959
0.727298
0.725604
0.723878
0.722122
0.720337
0.718526
0.716688
0.714826
0.712941
0.711037
0.709114
0.707175
0.705222
0.703256
0.701278
0.69929
0.697294
0.695292
0.693285
0.691276
0.689265
0.687253
0.685242
0.683234
0.681229
0.67923
0.677237
0.675252
0.673275
0.671307
0.669352
0.667407
0.665475
0.663556
0.661652
0.659763
0.65789
0.656033
0.654194
0.652372
0.650569
0.648785
0.647021
1.20033
1.19783
1.19524
1.19257
1.18982
1.18697
1.18405
1.18104
1.17794
1.17477
1.1715
1.16816
1.16474
1.16123
1.15765
1.15398
1.15024
1.14642
1.14252
1.13855
1.1345
1.13038
1.12618
1.12191
1.11757
1.11316
1.10868
1.10414
1.09954
1.09487
1.09014
1.08535
1.0805
1.07559
1.07063
1.06562
1.06056
1.05546
1.05031
1.04511
1.03988
1.03461
1.0293
1.02397
1.0186
1.0132
1.00778
1.00234
0.996887
0.991417
0.985936
0.980446
0.974952
0.969457
0.963965
0.958479
0.953004
0.947542
0.942098
0.936674
0.931276
0.925905
0.920569
0.915269
0.91001
0.904797
0.899632
0.894519
0.889462
0.884468
0.87954
0.874682
0.869899
0.865192
0.860565
0.856023
0.851568
0.847205
0.842937
0.838767
0.8347
0.83074
0.826888
0.823149
0.819526
0.81602
0.812636
0.809376
0.806242
0.803238
0.800365
0.797626
0.795022
0.792553
0.790223
0.788032
0.785981
0.784072
0.782304
0.780679
0.779196
0.777856
0.77666
0.775606
0.774693
0.773922
0.773291
0.772799
0.772444
0.772225
0.772139
0.772185
0.77236
0.772662
0.773088
0.773636
0.774303
0.775086
0.775981
0.776985
0.778094
0.779306
0.780617
0.782023
0.783519
0.7851
0.786763
0.788502
0.790314
0.792195
0.794139
0.796143
0.798201
0.800309
0.802463
0.804658
0.806891
0.809157
0.811451
0.813769
0.816106
0.818459
0.820825
0.823199
0.825579
0.827961
0.83034
0.832713
0.835077
0.837429
0.839766
0.842084
0.844382
0.846658
0.848908
0.85113
0.853322
0.855481
0.857605
0.859694
0.861746
0.863761
0.865734
0.867666
0.869555
0.871402
0.873204
0.874961
0.876673
0.878339
0.879961
0.881537
0.883064
0.884545
0.885978
0.887363
0.888702
0.889993
0.891237
0.892433
0.893582
0.894684
0.89574
0.89675
0.897715
0.898636
0.89951
0.90034
0.901126
0.901869
0.902571
0.90323
0.903847
0.904424
0.904962
0.905461
0.905919
0.906338
0.906719
0.907063
0.907371
0.907643
0.90788
0.908082
0.908252
0.908392
0.908499
0.908575
0.908621
0.908637
0.908625
0.908586
0.908521
0.908428
0.90831
0.908168
0.908002
0.907811
0.907597
0.907361
0.907104
0.906826
0.906529
0.906213
0.905879
0.90553
0.905165
0.904786
0.904391
0.903983
0.903564
0.903133
0.902691
0.90224
0.90178
0.901312
0.90084
0.900363
0.89988
0.899393
0.898904
0.898416
0.897927
0.89744
0.896956
0.896474
0.895996
0.895521
0.89505
0.894585
0.894127
0.893676
0.893234
0.8928
0.892375
0.891961
0.891559
0.891171
0.890797
0.890436
0.890091
0.889763
0.88945
0.889155
0.888877
0.888616
0.888374
0.88815
0.887946
0.887761
0.887597
0.887455
0.887334
0.887235
0.887159
0.887105
0.887074
0.887065
0.887078
0.887116
0.887177
0.88726
0.887367
0.887496
0.887648
0.887823
0.888021
0.888241
0.888483
0.888747
0.889034
0.889344
0.889674
0.890028
0.890405
0.890802
0.891219
0.891655
0.89211
0.892585
0.893079
0.893591
0.894122
0.89467
0.895235
0.895816
0.896413
0.897026
0.897656
0.8983
0.89896
0.899634
0.900322
0.901025
0.901743
0.902473
0.903217
0.903973
0.904742
0.905523
0.906318
0.907125
0.907944
0.908775
0.909617
0.910472
0.911338
0.912214
0.913102
0.914
0.914909
0.915831
0.916765
0.91771
0.918666
0.919632
0.920607
0.921592
0.922586
0.923587
0.924597
0.925614
0.926639
0.927672
0.928712
0.929758
0.930808
0.931863
0.932923
0.933987
0.935054
0.936122
0.93719
0.938258
0.939323
0.940387
0.94145
0.942509
0.943563
0.94461
0.945649
0.946679
0.947699
0.948707
0.949702
0.950681
0.951643
0.952585
0.953506
0.954405
0.95528
0.956131
0.956954
0.957748
0.958511
0.959242
0.959937
0.960596
0.961216
0.961797
0.962336
0.962832
0.963283
0.963688
0.964047
0.964355
0.964613
0.964817
0.964968
0.965065
0.965105
0.965087
0.965011
0.964875
0.96468
0.964422
0.964102
0.963717
0.963269
0.962756
0.962178
0.961536
0.96083
0.960058
0.959219
0.958316
0.957348
0.956317
0.955222
0.954062
0.952839
0.951553
0.950206
0.948799
0.947332
0.945805
0.94422
0.942579
0.940882
0.939131
0.937327
0.935472
0.933569
0.931619
0.929624
0.927585
0.925506
0.923387
0.92123
0.919038
0.916814
0.91456
0.912277
0.909969
0.907638
0.905285
0.902915
0.900531
0.898133
0.895725
0.893307
0.890883
0.888456
0.886027
0.883599
0.881176
0.878759
0.876352
0.873958
0.871577
0.869214
0.86687
0.864547
0.862248
0.859977
0.857735
0.855523
0.853343
0.851198
0.849092
0.847025
0.845
0.843016
0.841076
0.839182
0.837334
0.835536
0.833788
0.832091
0.830445
0.828854
0.827317
0.825836
0.824411
0.823043
0.821733
0.820481
0.819287
0.818151
0.817074
0.816056
0.815095
0.814194
0.813353
0.81257
0.811847
0.811183
0.810577
0.810028
0.809535
0.809098
0.808716
0.808389
0.808114
0.80789
0.807718
0.807596
0.807523
0.807497
0.807518
1.19986
1.19982
1.19973
1.19959
1.19939
1.19913
1.19882
1.19844
1.198
1.1975
1.19694
1.19631
1.19562
1.19486
1.19404
1.19314
1.19218
1.19114
1.19004
1.18886
1.18761
1.18629
1.1849
1.18343
1.18189
1.18027
1.17858
1.17681
1.17497
1.17305
1.17106
1.16899
1.16684
1.16462
1.16232
1.15995
1.1575
1.15498
1.15238
1.14971
1.14696
1.14414
1.14125
1.13828
1.13524
1.13212
1.12893
1.12567
1.12234
1.11895
1.11548
1.11194
1.10834
1.10467
1.10094
1.09714
1.09328
1.08936
1.08538
1.08134
1.07724
1.07309
1.06888
1.06462
1.06032
1.05596
1.05156
1.04712
1.04264
1.03812
1.03356
1.02898
1.02436
1.01972
1.01505
1.01037
1.00567
1.00095
0.996224
0.991493
0.986759
0.982026
0.977299
0.972581
0.967877
0.963191
0.958528
0.953893
0.949291
0.944727
0.940206
0.935733
0.931315
0.926956
0.922661
0.918436
0.914284
0.910213
0.906228
0.902333
0.898535
0.894839
0.891252
0.887776
0.88442
0.881188
0.878086
0.875118
0.872288
0.869601
0.867062
0.864676
0.862446
0.860378
0.858475
0.856741
0.85518
0.853794
0.852587
0.851561
0.850719
0.850062
0.849592
0.849311
0.84922
0.84932
0.849613
0.8501
0.850779
0.851652
0.852717
0.853973
0.85542
0.857055
0.858876
0.860882
0.863071
0.86544
0.867986
0.870707
0.873598
0.876655
0.879877
0.883259
0.886797
0.890486
0.894321
0.8983
0.902417
0.906666
0.911044
0.915545
0.920164
0.924896
0.929736
0.934678
0.939717
0.944849
0.950067
0.955367
0.960744
0.966193
0.971707
0.977282
0.982914
0.988596
0.994323
1.00009
1.00589
1.01173
1.01759
1.02348
1.02938
1.03529
1.04121
1.04714
1.05306
1.05898
1.06489
1.07078
1.07666
1.08252
1.08836
1.09417
1.09994
1.10568
1.11139
1.11705
1.12267
1.12824
1.13376
1.13922
1.14463
1.14998
1.15526
1.16048
1.16564
1.17073
1.17574
1.18069
1.18556
1.19034
1.19505
1.19968
1.20422
1.20868
1.21305
1.21733
1.22153
1.22563
1.22963
1.23355
1.23736
1.24109
1.24471
1.24824
1.25167
1.25499
1.25822
1.26135
1.26437
1.26729
1.2701
1.27282
1.27542
1.27792
1.28031
1.2826
1.28479
1.28687
1.28884
1.29071
1.29247
1.29413
1.29568
1.29712
1.29846
1.29969
1.30082
1.30184
1.30275
1.30356
1.30426
1.30486
1.30536
1.30575
1.30605
1.30623
1.30632
1.30631
1.3062
1.30599
1.30568
1.30528
1.30478
1.30418
1.30349
1.30271
1.30184
1.30087
1.29982
1.29867
1.29744
1.29613
1.29473
1.29325
1.29168
1.29004
1.28833
1.28654
1.28467
1.28274
1.28073
1.27866
1.27652
1.27431
1.27205
1.26972
1.26734
1.26491
1.26242
1.25988
1.2573
1.25467
1.25199
1.24928
1.24652
1.24374
1.24092
1.23807
1.23519
1.23229
1.22936
1.22642
1.22346
1.22049
1.21751
1.21452
1.21152
1.20853
1.20553
1.20254
1.19955
1.19657
1.19361
1.19065
1.18772
1.1848
1.1819
1.17902
1.17617
1.17335
1.17056
1.16781
1.16509
1.16241
1.15978
1.15719
1.15464
1.15214
1.1497
1.1473
1.14497
1.14269
1.14047
1.13832
1.13623
1.13421
1.13227
1.13039
1.12859
1.12686
1.12522
1.12365
1.12217
1.12077
1.11945
1.11822
1.11707
1.116
1.11502
1.11413
1.11332
1.1126
1.11195
1.11139
1.11091
1.11051
1.11018
1.10993
1.10975
1.10963
1.10958
1.10959
1.10967
1.1098
1.10998
1.11021
1.11049
1.11081
1.11117
1.11155
1.11197
1.1124
1.11286
1.11334
1.11383
1.11432
1.11482
1.11533
1.11582
1.11632
1.1168
1.11727
1.11773
1.11817
1.11859
1.11899
1.11936
1.11971
1.12002
1.12031
1.12056
1.12079
1.12097
1.12113
1.12125
1.12133
1.12138
1.12139
1.12136
1.1213
1.1212
1.12106
1.12088
1.12067
1.12042
1.12014
1.11983
1.11948
1.11909
1.11868
1.11823
1.11776
1.11726
1.11672
1.11616
1.11558
1.11497
1.11433
1.11367
1.11298
1.11227
1.11155
1.1108
1.11003
1.10925
1.10845
1.10763
1.10679
1.10595
1.10509
1.10422
1.10334
1.10245
1.10155
1.10064
1.09972
1.0988
1.09786
1.09693
1.09599
1.09504
1.09409
1.09314
1.09218
1.09122
1.09027
1.08931
1.08835
1.0874
1.08644
1.0855
1.08455
1.08361
1.08267
1.08175
1.08083
1.07992
1.07902
1.07812
1.07725
1.07638
1.07552
1.07468
1.07386
1.07305
1.07226
1.07149
1.07074
1.07002
1.06932
1.06864
1.06798
1.06735
1.06675
1.06617
1.06563
1.06511
1.06462
1.06416
1.06374
1.06334
1.06297
1.06264
1.06233
1.06206
1.06182
1.0616
1.06142
1.06126
1.06113
1.06102
1.06094
1.06088
1.06084
1.06082
1.06082
1.06083
1.06086
1.06091
1.06096
1.06102
1.06108
1.06115
1.06122
1.06128
1.06134
1.06139
1.06144
1.19982
1.19963
1.19939
1.19909
1.19872
1.19829
1.1978
1.19725
1.19663
1.19594
1.19519
1.19438
1.1935
1.19255
1.19155
1.19048
1.18935
1.18816
1.18691
1.18561
1.18425
1.18284
1.18138
1.17987
1.17831
1.17672
1.17509
1.17342
1.17172
1.16999
1.16824
1.16646
1.16467
1.16287
1.16106
1.15924
1.15742
1.1556
1.15379
1.15199
1.15021
1.14845
1.14671
1.145
1.14332
1.14169
1.14009
1.13854
1.13705
1.13561
1.13422
1.1329
1.13165
1.13046
1.12934
1.1283
1.12734
1.12646
1.12566
1.12494
1.12432
1.12378
1.12333
1.12298
1.12272
1.12256
1.12249
1.12252
1.12265
1.12287
1.12318
1.12359
1.1241
1.1247
1.12539
1.12617
1.12704
1.12799
1.12903
1.13015
1.13135
1.13262
1.13397
1.13539
1.13687
1.13841
1.14002
1.14168
1.14339
1.14515
1.14695
1.14879
1.15067
1.15258
1.15452
1.15649
1.15847
1.16047
1.16248
1.1645
1.16652
1.16854
1.17056
1.17257
1.17457
1.17655
1.17851
1.18045
1.18237
1.18425
1.18611
1.18793
1.18971
1.19145
1.19315
1.19481
1.19642
1.19798
1.1995
1.20096
1.20238
1.20374
1.20505
1.2063
1.20749
1.20863
1.20972
1.21074
1.21172
1.21263
1.2135
1.21431
1.21506
1.21576
1.21641
1.217
1.21754
1.21803
1.21846
1.21885
1.21919
1.21948
1.21973
1.21994
1.2201
1.22022
1.2203
1.22034
1.22034
1.22031
1.22024
1.22013
1.21999
1.21982
1.21961
1.21938
1.21912
1.21882
1.2185
1.21815
1.21777
1.21736
1.21692
1.21646
1.21597
1.21545
1.2149
1.21433
1.21372
1.21309
1.21243
1.21175
1.21103
1.21029
1.20951
1.20871
1.20788
1.20701
1.20612
1.20519
1.20424
1.20326
1.20224
1.2012
1.20012
1.19902
1.19789
1.19672
1.19553
1.19431
1.19306
1.19179
1.19048
1.18915
1.1878
1.18642
1.18503
1.18361
1.18217
1.18071
1.17924
1.17775
1.17626
1.17475
1.17323
1.1717
1.17017
1.16863
1.1671
1.16556
1.16403
1.1625
1.16097
1.15945
1.15794
1.15644
1.15496
1.15349
1.15204
1.15061
1.14921
1.14782
1.14647
1.14513
1.14383
1.14255
1.1413
1.14009
1.1389
1.13775
1.13664
1.13556
1.13453
1.13352
1.13256
1.13164
1.13076
1.12992
1.12912
1.12837
1.12765
1.12699
1.12637
1.1258
1.12527
1.12479
1.12436
1.12397
1.12363
1.12334
1.1231
1.12291
1.12276
1.12266
1.12261
1.12261
1.12266
1.12276
1.1229
1.1231
1.12334
1.12363
1.12396
1.12434
1.12477
1.12524
1.12575
1.12631
1.12691
1.12756
1.12824
1.12897
1.12974
1.13055
1.13139
1.13227
1.13319
1.13414
1.13512
1.13613
1.13717
1.13825
1.13935
1.14048
1.14163
1.14281
1.14401
1.14524
1.14648
1.14774
1.14903
1.15032
1.15164
1.15297
1.15431
1.15566
1.15703
1.15841
1.1598
1.1612
1.1626
1.16401
1.16544
1.16686
1.16829
1.16973
1.17116
1.1726
1.17405
1.17549
1.17693
1.17838
1.17982
1.18126
1.1827
1.18413
1.18556
1.18699
1.18841
1.18983
1.19123
1.19263
1.19402
1.1954
1.19677
1.19812
1.19946
1.20079
1.2021
1.20339
1.20466
1.20591
1.20714
1.20834
1.20952
1.21067
1.2118
1.2129
1.21397
1.21501
1.21602
1.21699
1.21793
1.21883
1.2197
1.22053
1.22132
1.22207
1.22277
1.22344
1.22406
1.22464
1.22518
1.22567
1.22612
1.22653
1.22689
1.22721
1.22749
1.22772
1.22791
1.22805
1.22815
1.22821
1.22822
1.22819
1.22813
1.22802
1.22788
1.22769
1.22748
1.22722
1.22694
1.22663
1.22628
1.22591
1.22551
1.22509
1.22465
1.22418
1.2237
1.2232
1.22269
1.22217
1.22163
1.22109
1.22054
1.21999
1.21944
1.21888
1.21833
1.21778
1.21723
1.2167
1.21617
1.21565
1.21515
1.21466
1.21419
1.21373
1.21329
1.21288
1.21248
1.21211
1.21176
1.21143
1.21114
1.21087
1.21063
1.21042
1.21023
1.21008
1.20995
1.20986
1.2098
1.20977
1.20976
1.20979
1.20985
1.20995
1.21008
1.21023
1.21042
1.21065
1.2109
1.21119
1.2115
1.21185
1.21223
1.21264
1.21307
1.21355
1.21405
1.21458
1.21514
1.21572
1.21634
1.21698
1.21765
1.21834
1.21905
1.2198
1.22056
1.22135
1.22216
1.22299
1.22385
1.22472
1.22561
1.22652
1.22744
1.22838
1.22934
1.2303
1.23127
1.23225
1.23324
1.23424
1.23524
1.23625
1.23725
1.23826
1.23926
1.24027
1.24127
1.24227
1.24327
1.24426
1.24524
1.24621
1.24718
1.24813
1.24907
1.24999
1.2509
1.25179
1.25267
1.25353
1.25437
1.2552
1.256
1.25678
1.25755
1.25829
1.25901
1.25971
1.26039
1.26105
1.26169
1.26231
1.2629
1.26348
1.26403
1.26456
1.26508
1.26557
1.26604
1.26649
1.26693
1.26734
1.19984
1.20003
1.20023
1.20044
1.20064
1.20085
1.20106
1.20128
1.2015
1.20173
1.20196
1.2022
1.20244
1.20269
1.20295
1.20321
1.20348
1.20375
1.20404
1.20432
1.20462
1.20492
1.20523
1.20555
1.20587
1.20619
1.20652
1.20685
1.20719
1.20752
1.20786
1.20819
1.20853
1.20887
1.2092
1.20953
1.20986
1.21019
1.21051
1.21082
1.21112
1.21142
1.21171
1.21199
1.21226
1.21251
1.21276
1.21299
1.21321
1.21342
1.21362
1.2138
1.21396
1.21412
1.21425
1.21437
1.21447
1.21456
1.21463
1.21468
1.2147
1.21472
1.21471
1.21468
1.21463
1.21456
1.21447
1.21436
1.21423
1.21407
1.21389
1.21369
1.21347
1.21323
1.21296
1.21267
1.21235
1.21201
1.21164
1.21125
1.21084
1.21041
1.20994
1.20946
1.20895
1.20842
1.20786
1.20728
1.20667
1.20604
1.20538
1.2047
1.20399
1.20325
1.2025
1.20171
1.20091
1.20008
1.19923
1.19836
1.19747
1.19656
1.19563
1.19468
1.19371
1.19273
1.19173
1.19071
1.18968
1.18864
1.18758
1.18652
1.18544
1.18435
1.18326
1.18216
1.18106
1.17995
1.17884
1.17772
1.17661
1.17549
1.17437
1.17326
1.17215
1.17104
1.16993
1.16883
1.16774
1.16665
1.16558
1.1645
1.16344
1.16239
1.16135
1.16032
1.1593
1.15828
1.15728
1.15629
1.15532
1.15435
1.1534
1.15246
1.15154
1.15062
1.14972
1.14883
1.14796
1.14709
1.14624
1.1454
1.14457
1.14376
1.14295
1.14216
1.14137
1.1406
1.13984
1.13909
1.13834
1.13761
1.13688
1.13616
1.13545
1.13475
1.13405
1.13336
1.13267
1.13199
1.13132
1.13065
1.12998
1.12931
1.12864
1.12797
1.1273
1.12664
1.12597
1.12529
1.12462
1.12395
1.12327
1.12259
1.1219
1.12121
1.12051
1.1198
1.11909
1.11836
1.11763
1.11689
1.11614
1.11538
1.11462
1.11384
1.11305
1.11225
1.11144
1.11063
1.10979
1.10895
1.1081
1.10723
1.10635
1.10546
1.10455
1.10364
1.10271
1.10176
1.10081
1.09984
1.09887
1.09788
1.09688
1.09587
1.09485
1.09381
1.09277
1.09173
1.09067
1.0896
1.08853
1.08744
1.08636
1.08526
1.08416
1.08306
1.08196
1.08085
1.07974
1.07863
1.07752
1.07641
1.07531
1.0742
1.07311
1.07201
1.07093
1.06985
1.06879
1.06774
1.0667
1.06568
1.06468
1.06371
1.06275
1.06182
1.06092
1.06004
1.0592
1.05838
1.05761
1.05687
1.05617
1.05551
1.05489
1.05432
1.0538
1.05333
1.05292
1.05256
1.05225
1.052
1.05181
1.05168
1.05161
1.05161
1.05166
1.05178
1.05195
1.05219
1.0525
1.05286
1.05328
1.05376
1.0543
1.0549
1.05554
1.05625
1.057
1.0578
1.05864
1.05953
1.06045
1.06141
1.06241
1.06343
1.06448
1.06555
1.06664
1.06774
1.06886
1.06998
1.07111
1.07223
1.07336
1.07448
1.07558
1.07668
1.07775
1.07881
1.07985
1.08085
1.08184
1.08279
1.08371
1.08459
1.08543
1.08624
1.08701
1.08774
1.08843
1.08907
1.08967
1.09022
1.09073
1.09119
1.0916
1.09196
1.09228
1.09255
1.09278
1.09295
1.09308
1.09317
1.09321
1.09321
1.09316
1.09308
1.09295
1.09279
1.09259
1.09235
1.09209
1.09179
1.09146
1.09111
1.09073
1.09032
1.0899
1.08945
1.08899
1.08851
1.08802
1.08751
1.08699
1.08647
1.08594
1.0854
1.08486
1.08431
1.08377
1.08322
1.08268
1.08214
1.08161
1.08107
1.08055
1.08003
1.07952
1.07902
1.07853
1.07805
1.07758
1.07713
1.07668
1.07625
1.07583
1.07543
1.07503
1.07465
1.07429
1.07394
1.07361
1.0733
1.07299
1.07271
1.07244
1.07219
1.07195
1.07174
1.07154
1.07136
1.07121
1.07107
1.07096
1.07086
1.0708
1.07075
1.07073
1.07074
1.07077
1.07084
1.07094
1.07106
1.07123
1.07142
1.07165
1.07192
1.07222
1.07256
1.07294
1.07337
1.07383
1.07434
1.07489
1.07549
1.07614
1.07683
1.07757
1.07836
1.0792
1.0801
1.08104
1.08202
1.08306
1.08415
1.08528
1.08647
1.0877
1.08898
1.0903
1.09167
1.09308
1.09453
1.09602
1.09755
1.09911
1.10071
1.10234
1.104
1.10568
1.1074
1.10913
1.11088
1.11265
1.11443
1.11623
1.11803
1.11984
1.12166
1.12347
1.12529
1.12709
1.12889
1.13068
1.13245
1.13421
1.13595
1.13766
1.13934
1.141
1.14263
1.14423
1.14579
1.14732
1.1488
1.15024
1.15163
1.15297
1.15427
1.15551
1.15669
1.15782
1.15889
1.1599
1.16085
1.16174
1.16256
1.16332
1.16401
1.16463
1.16519
1.16567
1.16609
1.16643
1.16671
1.16691
1.16704
1.16711
1.1671
1.16703
1.16689
1.16669
1.16642
1.16608
1.16569
1.16523
1.16472
1.16415
1.16352
1.16285
1.16212
1.16135
1.16053
1.15967
1.15878
1.15785
1.15689
1.15512
1.15408
1.15302
1.15194
1.15086
1.14976
1.14866
1.14756
1.14647
1.14538
1.1443
1.14323
1.14218
1.14115
1.14015
1.13917
1.13823
1.13732
1.13645
1.13561
1.13482
1.13407
1.13337
1.13272
1.13213
1.13159
1.1311
1.13068
1.13031
1.13001
1.12978
1.12961
1.1295
1.12947
1.1295
1.12961
1.12978
1.13003
1.13035
1.13074
1.1312
1.13173
1.13233
1.133
1.13375
1.13456
1.13544
1.13638
1.13739
1.13845
1.13958
1.14077
1.14201
1.14331
1.14465
1.14605
1.14749
1.14898
1.15051
1.15207
1.15367
1.1553
1.15696
1.15865
1.16035
1.16208
1.16382
1.16557
1.16733
1.16909
1.17086
1.17262
1.17438
1.17614
1.17788
1.17961
1.18133
1.18302
1.1847
1.18635
1.18798
1.18957
1.19114
1.19268
1.19418
1.19565
1.19708
1.19847
1.19982
1.20113
1.2024
1.20363
1.20481
1.20595
1.20705
1.20811
1.20912
1.21009
1.21102
1.2119
1.21274
1.21354
1.2143
1.21502
1.2157
1.21635
1.21696
1.21754
1.21809
1.21861
1.21909
1.21956
1.22
1.22041
1.22081
1.22119
1.22155
1.2219
1.22224
1.22258
1.2229
1.22322
1.22354
1.22386
1.22418
1.2245
1.22483
1.22517
1.22551
1.22587
1.22623
1.22661
1.227
1.2274
1.22782
1.22826
1.22871
1.22918
1.22967
1.23018
1.2307
1.23125
1.23181
1.23238
1.23297
1.23358
1.2342
1.23484
1.23549
1.23615
1.23682
1.2375
1.23819
1.23888
1.23958
1.24028
1.24099
1.24169
1.2424
1.2431
1.24379
1.24447
1.24514
1.2458
1.24645
1.24708
1.2477
1.2483
1.24888
1.24943
1.24997
1.25047
1.25095
1.2514
1.25182
1.25221
1.25256
1.25288
1.25316
1.2534
1.2536
1.25376
1.25389
1.25397
1.25401
1.254
1.25395
1.25385
1.25371
1.25352
1.25328
1.25299
1.25266
1.25228
1.25185
1.25137
1.25085
1.25027
1.24965
1.24898
1.24827
1.2475
1.24669
1.24583
1.24493
1.24398
1.24299
1.24196
1.24089
1.23978
1.23862
1.23743
1.2362
1.23493
1.23363
1.2323
1.23093
1.22953
1.22811
1.22666
1.22518
1.22368
1.22215
1.22061
1.21904
1.21745
1.21584
1.21422
1.21258
1.21093
1.20927
1.2076
1.20591
1.20422
1.20253
1.20082
1.19912
1.19741
1.19569
1.19398
1.19226
1.19054
1.18882
1.18711
1.18539
1.18368
1.18198
1.18027
1.17857
1.17687
1.17518
1.1735
1.17181
1.17013
1.16846
1.16679
1.16513
1.16347
1.16182
1.16017
1.15853
1.1569
1.15527
1.15365
1.15203
1.15042
1.14881
1.14721
1.14562
1.14404
1.14246
1.14089
1.13933
1.13777
1.13623
1.13469
1.13316
1.13163
1.13012
1.12861
1.12712
1.12563
1.12416
1.12269
1.12124
1.1198
1.11838
1.11696
1.11556
1.11418
1.11281
1.11146
1.11013
1.10881
1.10752
1.10625
1.105
1.10377
1.10256
1.10138
1.10022
1.09909
1.09799
1.09691
1.09586
1.09484
1.09386
1.09291
1.09199
1.09111
1.09026
1.08945
1.08867
1.08794
1.08724
1.08659
1.08598
1.0854
1.08487
1.08439
1.08394
1.08354
1.08319
1.08288
1.08261
1.08239
1.08222
1.0821
1.08202
1.08199
1.082
1.08206
1.08217
1.08232
1.08252
1.08276
1.08305
1.08338
1.08376
1.08418
1.08465
1.08516
1.08571
1.0863
1.08693
1.0876
1.08831
1.08905
1.08983
1.09065
1.0915
1.09238
1.09329
1.09423
1.0952
1.09619
1.09721
1.09825
1.09931
1.10039
1.10149
1.1026
1.10373
1.10487
1.10602
1.10718
1.10834
1.10951
1.11068
1.11185
1.11302
1.11419
1.11535
1.11651
1.11766
1.1188
1.11993
1.12104
1.12215
1.12323
1.1243
1.12535
1.12638
1.12739
1.12838
1.12935
1.13029
1.13121
1.13211
1.13298
1.13383
1.13465
1.13545
1.13623
1.13698
1.13771
1.13841
1.13909
1.13975
1.14039
1.14101
1.14161
1.14219
1.14275
1.1433
1.14383
1.14435
1.14486
1.14536
1.14585
1.14633
1.14681
1.14728
1.14776
1.14824
1.14872
1.1492
1.14968
1.15018
1.15068
1.15119
1.15171
1.15225
1.15279
1.15335
1.15393
1.15452
1.15512
1.15575
1.15638
1.15704
1.15772
1.15841
1.15912
1.15985
1.16059
1.16136
1.16214
1.16293
1.16374
1.16457
1.16541
1.16627
1.16714
1.16802
1.16891
1.16981
1.17071
1.17162
1.17253
1.17345
1.17436
1.17527
1.17617
1.17707
1.17797
1.17885
1.17973
1.18059
1.18144
1.18227
1.18308
1.18388
1.18465
1.1854
1.18613
1.18684
1.18752
1.18818
1.18881
1.18941
1.18999
1.19054
1.19105
1.19154
1.19199
1.19242
1.19281
1.19317
1.1935
1.19381
1.19408
1.19433
1.19454
1.19473
1.19488
1.19501
1.19512
1.1952
1.19525
1.19528
1.19529
1.19528
1.19524
1.19519
1.19512
1.19503
1.19493
1.19481
1.19467
1.1941
1.19392
1.19373
1.19354
1.19334
1.19313
1.19291
1.1927
1.19247
1.19225
1.19203
1.1918
1.19157
1.19135
1.19112
1.1909
1.19067
1.19045
1.19024
1.19002
1.18981
1.18961
1.18941
1.18922
1.18902
1.18884
1.18866
1.18848
1.1883
1.18813
1.18797
1.18781
1.18765
1.1875
1.18735
1.1872
1.18706
1.18692
1.18678
1.18664
1.18651
1.18637
1.18624
1.1861
1.18596
1.18583
1.18569
1.18555
1.18541
1.18527
1.18512
1.18498
1.18482
1.18467
1.1845
1.18433
1.18415
1.18397
1.18378
1.18358
1.18337
1.18315
1.18293
1.18269
1.18244
1.18218
1.18191
1.18163
1.18133
1.18101
1.18068
1.18034
1.17997
1.17959
1.17919
1.17877
1.17833
1.17787
1.17738
1.17687
1.17634
1.17579
1.1752
1.1746
1.17396
1.1733
1.17261
1.1719
1.17115
1.17037
1.16956
1.16871
1.16783
1.16692
1.16597
1.16498
1.16396
1.16291
1.16181
1.16068
1.15951
1.1583
1.15705
1.15577
1.15445
1.1531
1.15171
1.15028
1.14882
1.14732
1.1458
1.14424
1.14265
1.14103
1.13939
1.13772
1.13602
1.13431
1.13257
1.13081
1.12903
1.12723
1.12543
1.12361
1.12178
1.11995
1.11811
1.11626
1.11442
1.11257
1.11073
1.10889
1.10707
1.10525
1.10345
1.10167
1.0999
1.09815
1.09643
1.09473
1.09305
1.09141
1.0898
1.08823
1.08669
1.08518
1.08372
1.08229
1.08092
1.07958
1.0783
1.07706
1.07587
1.07473
1.07365
1.07262
1.07164
1.07072
1.06986
1.06905
1.06831
1.06762
1.067
1.06643
1.06593
1.06549
1.06511
1.0648
1.06455
1.06436
1.06423
1.06417
1.06416
1.06422
1.06433
1.06451
1.06475
1.06505
1.06541
1.06583
1.0663
1.06684
1.06743
1.06808
1.06878
1.06954
1.07035
1.07121
1.07212
1.07309
1.0741
1.07516
1.07627
1.07743
1.07863
1.07987
1.08116
1.08248
1.08385
1.08526
1.0867
1.08818
1.08969
1.09124
1.09282
1.09442
1.09606
1.09772
1.09941
1.10111
1.10284
1.10459
1.10635
1.10813
1.10993
1.11174
1.11355
1.11537
1.1172
1.11904
1.12087
1.12271
1.12454
1.12637
1.12819
1.13001
1.13182
1.13361
1.13539
1.13716
1.1389
1.14063
1.14234
1.14402
1.14568
1.14732
1.14892
1.1505
1.15204
1.15355
1.15503
1.15648
1.15789
1.15927
1.1606
1.1619
1.16316
1.16438
1.16556
1.16671
1.16781
1.16887
1.16989
1.17088
1.17182
1.17272
1.17357
1.17439
1.17517
1.1759
1.1766
1.17726
1.17788
1.17845
1.17899
1.17949
1.17995
1.18037
1.18075
1.18109
1.1814
1.18166
1.18189
1.18208
1.18223
1.18235
1.18243
1.18247
1.18247
1.18244
1.18236
1.18225
1.18209
1.1819
1.18167
1.18139
1.18108
1.18073
1.18033
1.1799
1.17943
1.17892
1.17836
1.17777
1.17713
1.17646
1.17574
1.17498
1.17419
1.17335
1.17247
1.17155
1.17059
1.16959
1.16855
1.16748
1.16636
1.16521
1.16401
1.16279
1.16153
1.16023
1.1589
1.15754
1.15615
1.15473
1.15329
1.15181
1.15031
1.14879
1.14724
1.14567
1.14408
1.14247
1.14085
1.13921
1.13756
1.13589
1.13422
1.13254
1.13086
1.12918
1.12749
1.12581
1.12413
1.12245
1.12079
1.11914
1.1175
1.11587
1.11427
1.11268
1.11112
1.10958
1.10807
1.10658
1.10514
1.10372
1.10235
1.10102
1.09973
1.09849
1.09729
1.09614
1.09505
1.094
1.09302
1.09209
1.09122
1.09042
1.08968
1.089
1.0884
1.08786
1.08739
1.087
1.08668
1.08644
1.08627
1.08619
1.08618
1.08625
1.0864
1.08663
1.08694
1.08733
1.08781
1.08836
1.089
1.08972
1.09051
1.09139
1.09234
1.09338
1.09449
1.09567
1.09693
1.09826
1.09967
1.10115
1.10269
1.10431
1.10599
1.10773
1.10954
1.11141
1.11333
1.11531
1.11734
1.11942
1.12155
1.12372
1.12594
1.1282
1.13049
1.13282
1.13518
1.13756
1.13996
1.14239
1.14483
1.14729
1.14975
1.15222
1.1547
1.15718
1.15965
1.16212
1.16457
1.16701
1.16944
1.17185
1.17423
1.17659
1.17892
1.18121
1.18347
1.18569
1.18787
1.19
1.19209
1.19412
1.1961
1.19803
1.19989
1.2017
1.20344
1.20511
1.20672
1.20825
1.20972
1.21111
1.21242
1.21366
1.21481
1.21588
1.21687
1.21778
1.21861
1.21934
1.22
1.22057
1.22105
1.22144
1.22174
1.22196
1.22209
1.22213
1.22208
1.22194
1.22172
1.22141
1.22102
1.22055
1.21999
1.21935
1.21863
1.21782
1.21694
1.21599
1.21495
1.21385
1.21268
1.21144
1.21014
1.20877
1.20735
1.20587
1.20433
1.20275
1.20112
1.19944
1.19772
1.19597
1.19418
1.19236
1.19052
1.18865
1.18676
1.18485
1.18292
1.18099
1.17905
1.1771
1.17515
1.1732
1.17125
1.16931
1.16738
1.16546
1.16136
1.15948
1.15763
1.15579
1.15397
1.15218
1.15041
1.14866
1.14694
1.14525
1.14358
1.14194
1.14033
1.13875
1.13719
1.13566
1.13415
1.13267
1.13122
1.12978
1.12837
1.12698
1.12561
1.12427
1.12294
1.12162
1.12033
1.11905
1.11778
1.11653
1.11529
1.11407
1.11286
1.11166
1.11048
1.10932
1.10816
1.10702
1.1059
1.1048
1.10371
1.10264
1.10159
1.10056
1.09955
1.09857
1.09761
1.09668
1.09579
1.09492
1.09409
1.09329
1.09253
1.09181
1.09113
1.09049
1.0899
1.08935
1.08885
1.0884
1.088
1.08766
1.08736
1.08713
1.08695
1.08682
1.08675
1.08674
1.08679
1.08689
1.08705
1.08726
1.08753
1.08785
1.08823
1.08865
1.08913
1.08964
1.09021
1.09081
1.09146
1.09214
1.09286
1.09361
1.09439
1.0952
1.09604
1.09689
1.09777
1.09867
1.09957
1.1005
1.10143
1.10236
1.10331
1.10426
1.1052
1.10615
1.1071
1.10804
1.10898
1.10991
1.11083
1.11175
1.11265
1.11355
1.11444
1.11531
1.11617
1.11703
1.11787
1.1187
1.11952
1.12033
1.12113
1.12192
1.1227
1.12346
1.12422
1.12497
1.12571
1.12644
1.12717
1.12789
1.1286
1.1293
1.13
1.13069
1.13138
1.13206
1.13274
1.13341
1.13408
1.13474
1.13539
1.13605
1.13669
1.13733
1.13797
1.1386
1.13922
1.13984
1.14045
1.14106
1.14166
1.14225
1.14284
1.14342
1.14399
1.14455
1.1451
1.14565
1.14619
1.14672
1.14724
1.14775
1.14825
1.14874
1.14922
1.14969
1.15015
1.15061
1.15105
1.15149
1.15191
1.15233
1.15275
1.15315
1.15356
1.15395
1.15435
1.15474
1.15514
1.15553
1.15593
1.15632
1.15673
1.15713
1.15754
1.15796
1.15839
1.15883
1.15929
1.15975
1.16023
1.16073
1.16124
1.16177
1.16233
1.1629
1.16349
1.16411
1.16475
1.16542
1.16611
1.16682
1.16757
1.16834
1.16914
1.16996
1.17081
1.17168
1.17258
1.1735
1.17445
1.17542
1.17641
1.17743
1.17846
1.17952
1.18058
1.18167
1.18276
1.18387
1.18498
1.18611
1.18723
1.18836
1.18948
1.1906
1.19171
1.19281
1.19389
1.19496
1.19601
1.19704
1.19804
1.19902
1.19996
1.20087
1.20175
1.20258
1.20338
1.20413
1.20483
1.20549
1.20609
1.20664
1.20714
1.20758
1.20795
1.20827
1.20853
1.20873
1.20886
1.20893
1.20893
1.20888
1.20876
1.20857
1.20832
1.20801
1.20763
1.2072
1.2067
1.20615
1.20554
1.20487
1.20416
1.20339
1.20258
1.20172
1.20082
1.19989
1.19892
1.19791
1.19689
1.19583
1.19475
1.19366
1.19255
1.19143
1.19031
1.18918
1.18805
1.18693
1.18581
1.1847
1.1836
1.18252
1.18146
1.18043
1.17941
1.17842
1.17746
1.17653
1.17563
1.17477
1.17394
1.17314
1.17239
1.17166
1.17098
1.17033
1.16972
1.16915
1.16862
1.16813
1.16767
1.16725
1.16687
1.16653
1.16622
1.16595
1.16571
1.1655
1.16532
1.16518
1.16507
1.16498
1.16492
1.16489
1.16488
1.16489
1.16493
1.16498
1.16506
1.16515
1.16525
1.16536
1.16549
1.16562
1.16577
1.16592
1.16607
1.16622
1.16637
1.16652
1.16666
1.1668
1.16693
1.16705
1.16716
1.16725
1.16732
1.16738
1.16742
1.16743
1.16742
1.16739
1.16733
1.16724
1.16713
1.16698
1.16681
1.16661
1.16637
1.1661
1.1658
1.16546
1.16509
1.16468
1.16425
1.16377
1.16326
1.16271
1.16213
1.16151
1.16086
1.16018
1.15946
1.15871
1.15792
1.15711
1.15626
1.15539
1.15448
1.15355
1.1526
1.15162
1.15062
1.14959
1.14855
1.14749
1.14642
1.14532
1.14421
1.14309
1.14196
1.14082
1.13968
1.13853
1.13738
1.13622
1.13506
1.13391
1.13276
1.13161
1.13046
1.12932
1.12819
1.12707
1.12596
1.12486
1.12378
1.12272
1.12167
1.12064
1.11962
1.11863
1.11766
1.11672
1.1158
1.11491
1.11405
1.11321
1.11241
1.11164
1.11089
1.11018
1.10951
1.10886
1.10825
1.10768
1.10714
1.10665
1.10619
1.10577
1.10538
1.10504
1.10473
1.10447
1.10424
1.10406
1.10392
1.10381
1.10375
1.10372
1.10373
1.10378
1.10387
1.104
1.10416
1.10436
1.10459
1.10485
1.10515
1.10547
1.10583
1.10622
1.10663
1.10707
1.10753
1.10801
1.10852
1.10904
1.10958
1.11014
1.1107
1.11128
1.11187
1.11246
1.11306
1.11367
1.11427
1.11487
1.11547
1.11606
1.11664
1.11722
1.11778
1.11833
1.11887
1.11938
1.11988
1.12036
1.12081
1.12124
1.12164
1.12201
1.12235
1.12267
1.12295
1.12319
1.12341
1.12358
1.12373
1.12383
1.1239
1.12393
1.12393
1.12389
1.12381
1.12369
1.12354
1.12335
1.12312
1.12285
1.12255
1.12221
1.12183
1.12142
1.12098
1.12051
1.12
1.11946
1.1189
1.11831
1.11769
1.11705
1.11582
1.11511
1.11438
1.11364
1.11288
1.11211
1.11134
1.11055
1.10976
1.10896
1.10816
1.10736
1.10655
1.10575
1.10494
1.10414
1.10335
1.10257
1.1018
1.10103
1.10028
1.09954
1.09881
1.0981
1.0974
1.09672
1.09606
1.09542
1.09479
1.0942
1.09362
1.09307
1.09255
1.09205
1.09159
1.09116
1.09076
1.09039
1.09006
1.08976
1.08951
1.08929
1.08912
1.089
1.08891
1.08887
1.08888
1.08895
1.08906
1.08922
1.08944
1.08972
1.09006
1.09045
1.09091
1.09144
1.09203
1.09268
1.0934
1.09419
1.09504
1.09596
1.09696
1.09802
1.09915
1.10035
1.10162
1.10296
1.10437
1.10585
1.10739
1.10899
1.11066
1.11239
1.11418
1.11602
1.11792
1.11987
1.12186
1.1239
1.12598
1.1281
1.13025
1.13244
1.13465
1.13688
1.13913
1.1414
1.14369
1.14598
1.14828
1.15058
1.15287
1.15517
1.15745
1.15972
1.16198
1.16422
1.16644
1.16864
1.17081
1.17296
1.17507
1.17716
1.17921
1.18123
1.18321
1.18516
1.18708
1.18895
1.19079
1.19259
1.19435
1.19608
1.19776
1.19941
1.20102
1.20259
1.20413
1.20563
1.20709
1.20852
1.20992
1.21128
1.21261
1.2139
1.21517
1.2164
1.2176
1.21877
1.21991
1.22103
1.22211
1.22316
1.22418
1.22517
1.22613
1.22707
1.22797
1.22884
1.22968
1.23048
1.23124
1.23197
1.23266
1.23331
1.23391
1.23447
1.23498
1.23545
1.23586
1.23622
1.23653
1.23678
1.23697
1.2371
1.23717
1.23717
1.2371
1.23697
1.23676
1.23647
1.23611
1.23568
1.23517
1.23457
1.2339
1.23314
1.23229
1.23137
1.23035
1.22926
1.22807
1.2268
1.22544
1.224
1.22247
1.22086
1.21916
1.21739
1.21553
1.2136
1.21159
1.2095
1.20735
1.20513
1.20284
1.20049
1.19808
1.19561
1.19309
1.19052
1.1879
1.18524
1.18254
1.17981
1.17704
1.17425
1.17144
1.16861
1.16576
1.16291
1.16006
1.15721
1.15436
1.15152
1.14869
1.14588
1.1431
1.14034
1.13761
1.13492
1.13226
1.12965
1.12708
1.12456
1.1221
1.11969
1.11735
1.11506
1.11284
1.1107
1.10862
1.10662
1.1047
1.10285
1.10109
1.0994
1.0978
1.09628
1.09485
1.0935
1.09225
1.09107
1.08999
1.089
1.0881
1.08728
1.08656
1.08592
1.08537
1.0849
1.08452
1.08422
1.08401
1.08387
1.08382
1.08384
1.08393
1.08409
1.08432
1.08462
1.08499
1.08541
1.0859
1.08644
1.08704
1.08769
1.08839
1.08913
1.08991
1.09073
1.09159
1.09248
1.0934
1.09435
1.09532
1.09632
1.09733
1.09836
1.09941
1.10047
1.10154
1.10263
1.10372
1.10481
1.10591
1.10701
1.10811
1.10921
1.11032
1.11141
1.11251
1.11361
1.1147
1.11578
1.11687
1.11795
1.11902
1.12009
1.12116
1.12222
1.12329
1.12435
1.12542
1.12648
1.12755
1.12862
1.1297
1.13078
1.13188
1.13298
1.13409
1.13521
1.13635
1.13751
1.13868
1.13987
1.14109
1.14232
1.14358
1.14486
1.14617
1.14751
1.14887
1.15026
1.15169
1.15314
1.15463
1.15615
1.15771
1.15929
1.16091
1.16257
1.16426
1.16598
1.16773
1.16952
1.17134
1.17319
1.17507
1.17698
1.17892
1.18088
1.18287
1.18489
1.18692
1.18898
1.19106
1.19315
1.19526
1.19739
1.19952
1.20167
1.20383
1.20599
1.20816
1.21033
1.2125
1.21467
1.21684
1.219
1.22115
1.22329
1.22542
1.22755
1.22965
1.23174
1.2338
1.23584
1.23786
1.23984
1.2418
1.24373
1.24562
1.24748
1.24929
1.25107
1.2528
1.25449
1.25613
1.25772
1.25926
1.26074
1.26217
1.26353
1.26484
1.26608
1.26725
1.26836
1.26939
1.27035
1.27123
1.27204
1.27276
1.27341
1.27397
1.27444
1.27482
1.27511
1.27531
1.27542
1.27543
1.27534
1.27516
1.27487
1.27449
1.274
1.2734
1.27271
1.27191
1.27101
1.27
1.26889
1.26767
1.26635
1.26492
1.2634
1.26177
1.26004
1.25821
1.25629
1.25427
1.25216
1.24997
1.24769
1.24533
1.24289
1.24038
1.2378
1.23516
1.23246
1.22971
1.22691
1.22406
1.22118
1.21827
1.21533
1.21237
1.2094
1.20642
1.20345
1.20048
1.19753
1.19459
1.19169
1.18881
1.18597
1.18318
1.18044
1.17775
1.17513
1.17257
1.17009
1.16768
1.16534
1.16309
1.16093
1.15886
1.15687
1.15497
1.15317
1.15146
1.14985
1.14833
1.14691
1.14557
1.14434
1.14319
1.14213
1.14116
1.14027
1.13947
1.13874
1.13809
1.13751
1.13699
1.13654
1.13615
1.13582
1.13554
1.13531
1.13512
1.13497
1.13486
1.13478
1.13472
1.13469
1.13468
1.13469
1.13471
1.13474
1.13478
1.13483
1.13488
1.13492
1.13497
1.13501
1.13505
1.13508
1.1351
1.13511
1.13511
1.1351
1.13507
1.13504
1.13499
1.13493
1.13486
1.13478
1.13404
1.13393
1.13381
1.13368
1.13355
1.13341
1.13327
1.13312
1.13297
1.13283
1.13268
1.13254
1.1324
1.13227
1.13214
1.13203
1.13192
1.13183
1.13175
1.13169
1.13164
1.13161
1.1316
1.1316
1.13163
1.13167
1.13174
1.13184
1.13195
1.1321
1.13226
1.13246
1.13268
1.13292
1.13319
1.13348
1.1338
1.13414
1.13451
1.13489
1.1353
1.13573
1.13617
1.13663
1.1371
1.13758
1.13808
1.13858
1.13909
1.1396
1.14012
1.14063
1.14114
1.14164
1.14212
1.1426
1.14306
1.14349
1.14391
1.14429
1.14465
1.14497
1.14526
1.14551
1.14573
1.14589
1.14602
1.14609
1.1461
1.14607
1.14597
1.14582
1.14561
1.14533
1.14499
1.14458
1.1441
1.14356
1.14296
1.14228
1.14153
1.1407
1.13981
1.13885
1.13781
1.13671
1.13553
1.13429
1.13299
1.13162
1.13019
1.12869
1.12714
1.12553
1.12386
1.12215
1.12038
1.11857
1.11671
1.11482
1.11288
1.11091
1.10892
1.10689
1.10484
1.10277
1.10069
1.0986
1.0965
1.0944
1.09229
1.0902
1.08811
1.08604
1.08399
1.08196
1.07995
1.07797
1.07603
1.07413
1.07227
1.07045
1.06868
1.06697
1.06531
1.06371
1.06217
1.0607
1.05929
1.05796
1.0567
1.05553
1.05443
1.05341
1.05248
1.05163
1.05087
1.0502
1.04963
1.04914
1.04875
1.04846
1.04826
1.04816
1.04816
1.04825
1.04844
1.04873
1.04912
1.0496
1.05018
1.05086
1.05163
1.05249
1.05345
1.0545
1.05564
1.05687
1.05819
1.0596
1.06109
1.06267
1.06432
1.06606
1.06787
1.06976
1.07172
1.07375
1.07584
1.078
1.08022
1.0825
1.08484
1.08722
1.08966
1.09213
1.09465
1.09721
1.0998
1.10242
1.10506
1.10773
1.11042
1.11313
1.11585
1.11857
1.1213
1.12402
1.12674
1.12945
1.13215
1.13483
1.13749
1.14013
1.14273
1.14531
1.14785
1.15035
1.15281
1.15522
1.15759
1.1599
1.16216
1.16436
1.1665
1.16858
1.17059
1.17254
1.17442
1.17623
1.17797
1.17963
1.18123
1.18275
1.1842
1.18558
1.18688
1.1881
1.18926
1.19034
1.19134
1.19228
1.19314
1.19393
1.19466
1.19532
1.19591
1.19644
1.19691
1.19732
1.19767
1.19797
1.19821
1.19841
1.19855
1.19865
1.19871
1.19873
1.19871
1.19866
1.19858
1.19847
1.19834
1.19819
1.19801
1.19782
1.19762
1.1974
1.19718
1.19696
1.19673
1.19651
1.19629
1.19608
1.19588
1.19569
1.19551
1.19535
1.19521
1.1951
1.19501
1.19494
1.1949
1.19489
1.19491
1.19496
1.19504
1.19515
1.19531
1.19549
1.19572
1.19598
1.19628
1.19661
1.19698
1.19739
1.19784
1.19832
1.19885
1.1994
1.19999
1.20062
1.20128
1.20198
1.2027
1.20346
1.20424
1.20506
1.20589
1.20676
1.20765
1.20856
1.20948
1.21043
1.21139
1.21237
1.21335
1.21435
1.21535
1.21636
1.21737
1.21839
1.21941
1.22042
1.22142
1.22241
1.2234
1.22437
1.22532
1.22626
1.22718
1.22807
1.22894
1.22979
1.2306
1.23138
1.23213
1.23283
1.2335
1.23413
1.23471
1.23525
1.23573
1.23616
1.23654
1.23686
1.23713
1.23734
1.23748
1.23757
1.23758
1.23754
1.23742
1.23724
1.23698
1.23666
1.23626
1.23579
1.23524
1.23462
1.23392
1.23315
1.2323
1.23137
1.23036
1.22928
1.22811
1.22687
1.22555
1.22415
1.22268
1.22113
1.2195
1.21779
1.21601
1.21416
1.21224
1.21024
1.20817
1.20604
1.20384
1.20158
1.19925
1.19686
1.19441
1.19191
1.18936
1.18675
1.18409
1.18139
1.17864
1.17585
1.17302
1.17015
1.16725
1.16432
1.16137
1.15839
1.15538
1.15236
1.14932
1.14627
1.1432
1.14013
1.13706
1.13398
1.13091
1.12784
1.12478
1.12172
1.11869
1.11567
1.11266
1.10968
1.10673
1.1038
1.1009
1.09803
1.09519
1.09239
1.08963
1.08691
1.08423
1.0816
1.07901
1.07647
1.07398
1.07154
1.06915
1.06682
1.06454
1.06233
1.06017
1.05807
1.05603
1.05405
1.05213
1.05028
1.04849
1.04676
1.0451
1.04351
1.04197
1.04051
1.03911
1.03778
1.03652
1.03532
1.03419
1.03313
1.03213
1.0312
1.03033
1.02953
1.02879
1.02811
1.0275
1.02696
1.02647
1.02605
1.02569
1.02538
1.02514
1.02496
1.02483
1.02476
1.02474
1.02478
1.02486
1.02501
1.0252
1.02543
1.02572
1.02604
1.02642
1.02683
1.02728
1.02778
1.02831
1.02888
1.02948
1.03012
1.03078
1.03148
1.03221
1.03296
1.03374
1.03454
1.03537
1.03622
1.03709
1.03798
1.03889
1.03981
1.04076
1.04172
1.04269
1.04368
1.04468
1.04569
1.04671
1.04775
1.04879
1.04985
1.05092
1.05199
1.05308
1.05418
1.05528
1.0564
1.05752
1.05866
1.05981
1.06097
1.06214
1.06332
1.06452
1.06573
1.06696
1.06821
