0.165366   0.0645151   0.305502
-0.352319   -0.285016   0.316535
0.0256243   -0.0272788   -0.416176
-0.394695   -0.131735   -0.310813
-0.123253   -0.071666   0.465842
0.442291   0.139055   0.469607
-0.023712   0.372344   0.470236
-0.137819   0.403228   -0.0634207
-0.156774   0.0657725   0.176763
0.139193   0.0219538   -0.166787
-0.00430271   -0.119719   -0.231764
-0.490331   0.397012   0.0976264
-0.202816   -0.186779   -0.22665
-0.348501   0.484918   0.204941
0.342097   -0.424889   -0.232802
-0.434892   -0.0818381   0.323905
-0.0594142   0.0506996   -0.00258178
-0.25161   0.0875294   -0.0507953
-0.161754   -0.118355   0.0141158
0.270942   -0.221348   0.472302
-0.269257   0.306321   0.499204
-0.495204   -0.313795   0.0319566
0.228655   -0.133529   -0.326339
0.275892   0.387129   -0.180112
0.440291   0.167642   0.0891081
-0.0844768   0.272462   0.291196
-0.340369   -0.100902   -0.131416
0.251783   -0.018496   0.456977
-0.0158642   0.116894   0.401747
-0.31289   0.0527586   -0.318044
0.0601111   0.391143   -0.125364
-0.128859   0.121801   -0.438438
-0.267315   -0.490907   0.0390932
-0.326118   0.283385   0.0339521
0.158225   0.272493   0.259293
0.400688   -0.259083   -0.353756
-0.0790171   0.395804   -0.333718
0.00295065   -0.313235   0.337663
0.115513   0.387054   -0.366444
0.00551149   -0.0481001   0.232964
-0.0647391   0.23491   -0.152635
-0.232168   0.453981   0.365571
-0.278784   0.469257   -0.356531
0.119731   -0.048018   0.0403498
0.326041   0.267855   -0.385915
0.356414   0.48699   -0.454343
0.419976   -0.084281   -0.448329
-0.492745   -0.437551   -0.376324
0.18601   -0.422224   0.0714543
-0.444822   0.238637   0.244464
-0.444877   0.202067   -0.155821
0.310917   0.303378   0.0355726
-0.361581   -0.21777   -0.480164
0.00792371   -0.204318   0.0119702
0.0748319   0.366568   0.0840435
-0.15194   -0.190486   0.26923
0.0457646   0.1947   -0.435253
0.296769   0.465102   0.188174
-0.255985   0.286009   0.218826
0.226365   0.17633   0.44936
0.454969   0.0243067   -0.258853
-0.219964   0.253533   -0.302568
0.419228   -0.352763   0.423261
-0.103518   0.454452   0.134341
0.251559   0.116294   0.133458
0.126898   -0.391386   -0.293257
-0.37207   0.448094   -0.141867
-0.108375   0.0469751   -0.218258
0.215651   0.413541   0.43528
0.284467   0.0728282   -0.330389
0.345161   0.267928   0.306668
0.126218   0.186196   -0.0333238
-0.34313   -0.425171   0.490915
0.064325   -0.124055   0.404314
-0.122246   0.240662   0.0664679
-0.23366   -0.370168   -0.123436
0.210351   -0.314766   0.305143
0.0440494   0.133955   0.145776
0.380799   -0.465877   -0.0146207
0.371904   -0.156035   -0.18784
-0.285095   -0.291869   0.0960964
0.302708   -0.218605   0.0537677
-0.120699   -0.443992   -0.486413
-0.473292   0.0192292   -0.0277407
-0.0948808   -0.372435   -0.275465
-0.357214   0.103087   0.128402
-0.445415   -0.273335   -0.157688
-0.175727   -0.265336   0.451472
0.346256   0.20392   -0.168293
0.317399   -0.00549702   -0.059462
-0.435522   0.22395   -0.366579
-0.36634   0.035354   0.481709
0.191439   -0.264946   -0.117814
-0.238702   0.14931   0.383495
-0.425116   -0.142523   0.133736
0.18249   -0.387305   0.494284
0.259211   -0.0983537   0.233756
-0.177703   -0.384107   0.249511
0.0155581   -0.258558   -0.45229
0.155772   0.207251   -0.246353
0.44286   -0.216337   0.265043
-0.308641   -0.34243   -0.334458
0.0171326   -0.391622   -0.0977022
-0.482747   0.354075   0.499002
0.419297   0.0332146   0.265282
0.0536077   0.460458   0.304224
-0.0961261   -0.353047   0.0638719
0.480198   0.425519   0.29659
