0.7	0.5	-0.288742	0.00182135
0.7	0.51	-0.31519	0.00188282
0.7	0.52	-0.332506	0.00162368
0.7	0.53	-0.349075	0.00150386
0.7	0.54	-0.365057	0.00139137
0.7	0.55	-0.375846	0.00106315
0.7	0.56	-0.384116	0.00106068
0.7	0.57	-0.393616	0.00100812
0.7	0.58	-0.399125	0.000881684
0.7	0.59	-0.403491	0.000813553
0.7	0.6	-0.406879	0.000847003
0.7	0.61	-0.409353	0.000857428
0.7	0.62	-0.409035	0.000822533
0.7	0.63	-0.40925	0.00080428
0.7	0.64	-0.408527	0.000853688
0.7	0.65	-0.406934	0.000899027
0.7	0.66	-0.404864	0.000912328
0.7	0.67	-0.401932	0.000956908
0.7	0.68	-0.397972	0.0010863
0.7	0.69	-0.395142	0.00123619
0.7	0.7	-0.389875	0.00132289
0.7	0.71	-0.385591	0.00119175
0.7	0.72	-0.378896	0.00145188
0.7	0.73	-0.373195	0.00133162
0.7	0.74	-0.366986	0.0014626
0.71	0.5	-0.293826	0.00208863
0.71	0.51	-0.317305	0.00164505
0.71	0.52	-0.338732	0.00173176
0.71	0.53	-0.356471	0.00136061
0.71	0.54	-0.369506	0.00131584
0.71	0.55	-0.380911	0.00132051
0.71	0.56	-0.390582	0.00101101
0.71	0.57	-0.399077	0.00091449
0.71	0.58	-0.404497	0.000911225
0.71	0.59	-0.409735	0.000855129
0.71	0.6	-0.412786	0.000798977
0.71	0.61	-0.414879	0.000823141
0.71	0.62	-0.415586	0.000728787
0.71	0.63	-0.415553	0.000766392
0.71	0.64	-0.414424	0.000854933
0.71	0.65	-0.412689	0.000854371
0.71	0.66	-0.410172	0.000934909
0.71	0.67	-0.40631	0.000977463
0.71	0.68	-0.403794	0.00103477
0.71	0.69	-0.397402	0.001312
0.71	0.7	-0.393076	0.00124222
0.71	0.71	-0.386507	0.00140228
0.71	0.72	-0.381276	0.00160598
0.71	0.73	-0.37677	0.00149139
0.71	0.74	-0.369641	0.00153622
0.72	0.5	-0.295451	0.00200893
0.72	0.51	-0.319307	0.00187597
0.72	0.52	-0.339492	0.00162157
0.72	0.53	-0.360813	0.00140909
0.72	0.54	-0.374351	0.00113963
0.72	0.55	-0.386837	0.00123827
0.72	0.56	-0.397277	0.00102777
0.72	0.57	-0.405225	0.000945671
0.72	0.58	-0.410208	0.000933644
0.72	0.59	-0.415683	0.00084367
0.72	0.6	-0.41838	0.000823162
0.72	0.61	-0.420126	0.000819992
0.72	0.62	-0.421358	0.000803481
0.72	0.63	-0.420387	0.00070277
0.72	0.64	-0.420084	0.000837986
0.72	0.65	-0.41802	0.000843469
0.72	0.66	-0.415745	0.000972091
0.72	0.67	-0.41232	0.00107562
0.72	0.68	-0.4064	0.00120977
0.72	0.69	-0.402075	0.00108061
0.72	0.7	-0.397563	0.00135348
0.72	0.71	-0.391318	0.0013903
0.72	0.72	-0.384545	0.00164609
0.72	0.73	-0.378171	0.00151316
0.72	0.74	-0.371681	0.0015332
0.73	0.5	-0.295307	0.00200312
0.73	0.51	-0.321885	0.00160696
0.73	0.52	-0.343153	0.00171839
0.73	0.53	-0.362735	0.00147199
0.73	0.54	-0.377781	0.00134255
0.73	0.55	-0.391749	0.00121419
0.73	0.56	-0.401497	0.000843216
0.73	0.57	-0.409809	0.00100823
0.73	0.58	-0.417241	0.000878658
0.73	0.59	-0.421093	0.000803838
0.73	0.6	-0.424254	0.000687949
0.73	0.61	-0.426476	0.000705024
0.73	0.62	-0.426162	0.000735633
0.73	0.63	-0.426935	0.000714882
0.73	0.64	-0.424501	0.000732102
0.73	0.65	-0.422009	0.000841197
0.73	0.66	-0.419055	0.000865256
0.73	0.67	-0.415663	0.00105171
0.73	0.68	-0.410863	0.00118967
0.73	0.69	-0.405597	0.00134233
0.73	0.7	-0.40187	0.00125418
0.73	0.71	-0.39422	0.00129521
0.73	0.72	-0.3857	0.00151954
0.73	0.73	-0.379703	0.00169157
0.73	0.74	-0.373985	0.00179798
0.74	0.5	-0.294171	0.00206556
0.74	0.51	-0.322261	0.00172941
0.74	0.52	-0.345846	0.00154097
0.74	0.53	-0.366046	0.00150668
0.74	0.54	-0.383175	0.00115665
0.74	0.55	-0.396449	0.00115587
0.74	0.56	-0.40599	0.00100536
0.74	0.57	-0.415202	0.00090533
0.74	0.58	-0.421408	0.000715711
0.74	0.59	-0.426188	0.000819813
0.74	0.6	-0.429318	0.000642957
0.74	0.61	-0.43047	0.000703188
0.74	0.62	-0.431413	0.000674729
0.74	0.63	-0.430201	0.000816742
0.74	0.64	-0.42835	0.000923743
0.74	0.65	-0.426326	0.000901128
0.74	0.66	-0.423196	0.00110079
0.74	0.67	-0.419153	0.0010595
0.74	0.68	-0.41379	0.0012246
0.74	0.69	-0.408435	0.00122314
0.74	0.7	-0.403159	0.00144903
0.74	0.71	-0.395599	0.00145516
0.74	0.72	-0.38909	0.00145314
0.74	0.73	-0.381798	0.00172941
0.74	0.74	-0.373164	0.00180103
0.75	0.5	-0.295571	0.00206038
0.75	0.51	-0.321206	0.0018679
0.75	0.52	-0.345575	0.00150658
0.75	0.53	-0.366553	0.00143076
0.75	0.54	-0.383634	0.00130053
0.75	0.55	-0.398272	0.00108563
0.75	0.56	-0.409807	0.000920266
0.75	0.57	-0.418066	0.000878604
0.75	0.58	-0.424202	0.000830807
0.75	0.59	-0.43024	0.000750075
0.75	0.6	-0.434317	0.000633634
0.75	0.61	-0.434844	0.000708615
0.75	0.62	-0.434406	0.000777498
0.75	0.63	-0.433294	0.000809364
0.75	0.64	-0.431556	0.000858842
0.75	0.65	-0.429301	0.000882362
0.75	0.66	-0.425521	0.000967902
0.75	0.67	-0.420182	0.00114949
0.75	0.68	-0.416416	0.00122867
0.75	0.69	-0.41172	0.00127279
0.75	0.7	-0.404541	0.00132157
0.75	0.71	-0.398673	0.00149361
0.75	0.72	-0.389859	0.00149967
0.75	0.73	-0.382521	0.00163542
0.75	0.74	-0.37308	0.00187081
0.76	0.5	-0.294588	0.00215091
0.76	0.51	-0.323098	0.00190786
0.76	0.52	-0.348482	0.00165115
0.76	0.53	-0.368817	0.00151253
0.76	0.54	-0.384791	0.00130573
0.76	0.55	-0.399877	0.00130519
0.76	0.56	-0.411643	0.00118094
0.76	0.57	-0.420874	0.000985923
0.76	0.58	-0.427997	0.000874792
0.76	0.59	-0.432552	0.000888564
0.76	0.6	-0.436604	0.00070869
0.76	0.61	-0.438069	0.00066151
0.76	0.62	-0.437977	0.000777179
0.76	0.63	-0.436391	0.000818594
0.76	0.64	-0.43393	0.000985605
0.76	0.65	-0.432433	0.00086204
0.76	0.66	-0.429341	0.000892617
0.76	0.67	-0.4233	0.00114045
0.76	0.68	-0.418447	0.00118272
0.76	0.69	-0.412535	0.00142565
0.76	0.7	-0.40565	0.00138137
0.76	0.71	-0.39677	0.00143359
0.76	0.72	-0.391239	0.00161294
0.76	0.73	-0.381487	0.00174121
0.76	0.74	-0.372556	0.00186242
0.77	0.5	-0.294677	0.00203445
0.77	0.51	-0.324038	0.00173625
0.77	0.52	-0.348801	0.00169966
0.77	0.53	-0.367652	0.00159097
0.77	0.54	-0.388052	0.0012558
0.77	0.55	-0.401547	0.00121675
0.77	0.56	-0.414292	0.00101677
0.77	0.57	-0.422792	0.00093842
0.77	0.58	-0.430324	0.000840857
0.77	0.59	-0.436556	0.00074824
0.77	0.6	-0.43899	0.000789224
0.77	0.61	-0.440219	0.000703553
0.77	0.62	-0.441057	0.000818805
0.77	0.63	-0.438904	0.000831799
0.77	0.64	-0.437494	0.000877539
0.77	0.65	-0.43285	0.00101461
0.77	0.66	-0.428895	0.00116776
0.77	0.67	-0.425256	0.00122411
0.77	0.68	-0.419993	0.00111759
0.77	0.69	-0.415164	0.00132377
0.77	0.7	-0.40768	0.00147233
0.77	0.71	-0.399194	0.00168844
0.77	0.72	-0.389844	0.00162423
0.77	0.73	-0.382739	0.00182859
0.77	0.74	-0.371631	0.00212384
0.78	0.5	-0.294633	0.00193836
0.78	0.51	-0.321596	0.00170315
0.78	0.52	-0.346312	0.00177906
0.78	0.53	-0.369875	0.0014167
0.78	0.54	-0.387366	0.00127254
0.78	0.55	-0.403285	0.00123271
0.78	0.56	-0.414641	0.00113319
0.78	0.57	-0.424828	0.000931168
0.78	0.58	-0.431626	0.000886651
0.78	0.59	-0.436403	0.00074518
0.78	0.6	-0.440132	0.00087078
0.78	0.61	-0.441988	0.00084759
0.78	0.62	-0.442448	0.000764986
0.78	0.63	-0.440941	0.000846536
0.78	0.64	-0.439253	0.000941612
0.78	0.65	-0.435924	0.000972638
0.78	0.66	-0.430719	0.00114251
0.78	0.67	-0.426507	0.00121724
0.78	0.68	-0.419463	0.0012827
0.78	0.69	-0.413018	0.00142163
0.78	0.7	-0.406222	0.00145894
0.78	0.71	-0.399141	0.00160697
0.78	0.72	-0.388962	0.00176202
0.78	0.73	-0.382268	0.00181889
0.78	0.74	-0.369955	0.00229038
0.79	0.5	-0.293176	0.00170086
0.79	0.51	-0.322495	0.00186272
0.79	0.52	-0.347206	0.00174829
0.79	0.53	-0.371204	0.00142594
0.79	0.54	-0.387904	0.00135406
0.79	0.55	-0.403881	0.00123961
0.79	0.56	-0.415451	0.00110819
0.79	0.57	-0.425137	0.000985732
0.79	0.58	-0.432303	0.000863231
0.79	0.59	-0.438973	0.000817193
0.79	0.6	-0.440674	0.0006567
0.79	0.61	-0.442935	0.000734022
0.79	0.62	-0.443482	0.0007105
0.79	0.63	-0.442851	0.000927427
0.79	0.64	-0.440887	0.00104715
0.79	0.65	-0.436526	0.00102527
0.79	0.66	-0.431124	0.00120574
0.79	0.67	-0.426723	0.00140121
0.79	0.68	-0.420294	0.00134083
0.79	0.69	-0.412248	0.00141772
0.79	0.7	-0.404535	0.00158127
0.79	0.71	-0.399294	0.00167262
0.79	0.72	-0.38912	0.00169974
0.79	0.73	-0.378233	0.00203246
0.79	0.74	-0.368624	0.00221345
0.8	0.5	-0.290852	0.00206396
0.8	0.51	-0.321186	0.00176426
0.8	0.52	-0.346839	0.00171947
0.8	0.53	-0.367747	0.00163831
0.8	0.54	-0.387071	0.0014476
0.8	0.55	-0.404301	0.00123375
0.8	0.56	-0.415536	0.00106812
0.8	0.57	-0.426014	0.000930998
0.8	0.58	-0.432495	0.000827592
0.8	0.59	-0.438332	0.000806437
0.8	0.6	-0.442851	0.000787093
0.8	0.61	-0.44409	0.00077967
0.8	0.62	-0.443203	0.000764818
0.8	0.63	-0.442346	0.000786652
0.8	0.64	-0.44015	0.000910764
0.8	0.65	-0.436512	0.00112144
0.8	0.66	-0.430405	0.00131324
0.8	0.67	-0.426818	0.00120889
0.8	0.68	-0.41902	0.00145938
0.8	0.69	-0.41212	0.00158029
0.8	0.7	-0.40452	0.00151516
0.8	0.71	-0.395512	0.00171532
0.8	0.72	-0.385326	0.00196279
0.8	0.73	-0.375309	0.00193928
0.8	0.74	-0.36449	0.00217982
0.81	0.5	-0.286212	0.00215174
0.81	0.51	-0.316355	0.00193609
0.81	0.52	-0.346046	0.00173321
0.81	0.53	-0.368563	0.00152351
0.81	0.54	-0.388083	0.00137972
0.81	0.55	-0.40155	0.00127502
0.81	0.56	-0.416279	0.000965955
0.81	0.57	-0.425077	0.00102656
0.81	0.58	-0.432925	0.000831917
0.81	0.59	-0.438174	0.000755372
0.81	0.6	-0.44156	0.000791355
0.81	0.61	-0.443803	0.00084256
0.81	0.62	-0.444075	0.000862288
0.81	0.63	-0.442985	0.000867555
0.81	0.64	-0.440799	0.000932796
0.81	0.65	-0.436208	0.00111684
0.81	0.66	-0.431457	0.00115507
0.81	0.67	-0.424097	0.001247
0.81	0.68	-0.41703	0.00141483
0.81	0.69	-0.409859	0.0015088
0.81	0.7	-0.402162	0.00163673
0.81	0.71	-0.392869	0.00179508
0.81	0.72	-0.383874	0.00178781
0.81	0.73	-0.370356	0.00201114
0.81	0.74	-0.360328	0.00224079
0.82	0.5	-0.283112	0.00208344
0.82	0.51	-0.312234	0.00185852
0.82	0.52	-0.338864	0.00171986
0.82	0.53	-0.363734	0.00158223
0.82	0.54	-0.382845	0.00149937
0.82	0.55	-0.399443	0.00110456
0.82	0.56	-0.413014	0.00111321
0.82	0.57	-0.42338	0.00100774
0.82	0.58	-0.430496	0.000947783
0.82	0.59	-0.438122	0.000842995
0.82	0.6	-0.44055	0.000761062
0.82	0.61	-0.442032	0.000769024
0.82	0.62	-0.443559	0.000868776
0.82	0.63	-0.442142	0.000778849
0.82	0.64	-0.437946	0.0010685
0.82	0.65	-0.433874	0.0011191
0.82	0.66	-0.428272	0.00132688
0.82	0.67	-0.420916	0.00129104
0.82	0.68	-0.416138	0.00137735
0.82	0.69	-0.408744	0.00170922
0.82	0.7	-0.397149	0.00160966
0.82	0.71	-0.390104	0.00195958
0.82	0.72	-0.380333	0.0018242
0.82	0.73	-0.368385	0.0020499
0.82	0.74	-0.355104	0.00228711
0.83	0.5	-0.278918	0.00215954
0.83	0.51	-0.309365	0.00195279
0.83	0.52	-0.336753	0.00156762
0.83	0.53	-0.360003	0.00164567
0.83	0.54	-0.379299	0.00131
0.83	0.55	-0.397021	0.00136131
0.83	0.56	-0.410952	0.000994952
0.83	0.57	-0.420939	0.00106811
0.83	0.58	-0.430132	0.000931061
0.83	0.59	-0.435908	0.000869398
0.83	0.6	-0.439591	0.000741938
0.83	0.61	-0.441335	0.000855566
0.83	0.62	-0.440356	0.000820641
0.83	0.63	-0.438884	0.000994114
0.83	0.64	-0.43688	0.000974034
0.83	0.65	-0.431743	0.00130106
0.83	0.66	-0.426658	0.00124285
0.83	0.67	-0.420143	0.00150496
0.83	0.68	-0.412848	0.0016204
0.83	0.69	-0.406452	0.00162076
0.83	0.7	-0.397138	0.00183918
0.83	0.71	-0.385839	0.00183333
0.83	0.72	-0.373283	0.00199078
0.83	0.73	-0.361413	0.00219375
0.83	0.74	-0.346811	0.00245011
0.84	0.5	-0.276946	0.00223517
0.84	0.51	-0.307576	0.00192435
0.84	0.52	-0.333591	0.00180293
0.84	0.53	-0.355548	0.00145155
0.84	0.54	-0.377038	0.00138187
0.84	0.55	-0.393527	0.00121022
0.84	0.56	-0.406277	0.00113228
0.84	0.57	-0.418336	0.00109362
0.84	0.58	-0.42696	0.000998852
0.84	0.59	-0.433297	0.000943247
0.84	0.6	-0.437386	0.000924275
0.84	0.61	-0.437901	0.000813915
0.84	0.62	-0.437935	0.000936583
0.84	0.63	-0.436742	0.00100003
0.84	0.64	-0.434354	0.00108889
0.84	0.65	-0.430371	0.00106378
0.84	0.66	-0.422608	0.00131722
0.84	0.67	-0.417399	0.00132041
0.84	0.68	-0.410787	0.00145413
0.84	0.69	-0.400077	0.00166062
0.84	0.7	-0.390683	0.00194873
0.84	0.71	-0.381282	0.0018192
0.84	0.72	-0.368078	0.00209806
0.84	0.73	-0.357294	0.00231069
0.84	0.74	-0.344185	0.00236704
0.85	0.5	-0.2721	0.00192504
0.85	0.51	-0.30145	0.00174327
0.85	0.52	-0.3271	0.00170976
0.85	0.53	-0.352798	0.00151913
0.85	0.54	-0.372146	0.00146622
0.85	0.55	-0.390421	0.00129443
0.85	0.56	-0.402839	0.00119581
0.85	0.57	-0.415561	0.00116954
0.85	0.58	-0.423873	0.00103207
0.85	0.59	-0.430536	0.00102125
0.85	0.6	-0.432893	0.000859702
0.85	0.61	-0.435299	0.001075
0.85	0.62	-0.434805	0.00108365
0.85	0.63	-0.43409	0.00107701
0.85	0.64	-0.429725	0.00098098
0.85	0.65	-0.426149	0.00117756
0.85	0.66	-0.418772	0.00135555
0.85	0.67	-0.412264	0.00140671
0.85	0.68	-0.404316	0.0015676
0.85	0.69	-0.39608	0.00183527
0.85	0.7	-0.384609	0.00194208
0.85	0.71	-0.37231	0.00185352
0.85	0.72	-0.359556	0.00219611
0.85	0.73	-0.348151	0.00255515
0.85	0.74	-0.336308	0.00268427
0.86	0.5	-0.269095	0.00215695
0.86	0.51	-0.29964	0.00188857
0.86	0.52	-0.325831	0.00161772
0.86	0.53	-0.348543	0.00153182
0.86	0.54	-0.36653	0.00156811
0.86	0.55	-0.384983	0.00136245
0.86	0.56	-0.397596	0.00118036
0.86	0.57	-0.411585	0.00107055
0.86	0.58	-0.420359	0.000993843
0.86	0.59	-0.425662	0.00098545
0.86	0.6	-0.42829	0.000968652
0.86	0.61	-0.430312	0.0011017
0.86	0.62	-0.430119	0.00108495
0.86	0.63	-0.42888	0.00119656
0.86	0.64	-0.425434	0.00128612
0.86	0.65	-0.420293	0.00134997
0.86	0.66	-0.413476	0.00152085
0.86	0.67	-0.407164	0.00147338
0.86	0.68	-0.398646	0.00166888
0.86	0.69	-0.389682	0.00160507
0.86	0.7	-0.378589	0.00184919
0.86	0.71	-0.365588	0.00202218
0.86	0.72	-0.352005	0.00229085
0.86	0.73	-0.341792	0.0022848
0.86	0.74	-0.32623	0.00268145
0.87	0.5	-0.26239	0.00224625
0.87	0.51	-0.294159	0.0021299
0.87	0.52	-0.322449	0.00171773
0.87	0.53	-0.341301	0.00156025
0.87	0.54	-0.363699	0.00146735
0.87	0.55	-0.381163	0.00144218
0.87	0.56	-0.393368	0.00116062
0.87	0.57	-0.405552	0.00105158
0.87	0.58	-0.413119	0.00106134
0.87	0.59	-0.419989	0.00112596
0.87	0.6	-0.423336	0.000872419
0.87	0.61	-0.425449	0.00108824
0.87	0.62	-0.423379	0.00114835
0.87	0.63	-0.421895	0.00129011
0.87	0.64	-0.419823	0.00138515
0.87	0.65	-0.41328	0.00147528
0.87	0.66	-0.40614	0.00145619
0.87	0.67	-0.40147	0.00158067
0.87	0.68	-0.392714	0.00170013
0.87	0.69	-0.38039	0.00186137
0.87	0.7	-0.372084	0.00188721
0.87	0.71	-0.358285	0.00203416
0.87	0.72	-0.343814	0.00221707
0.87	0.73	-0.332179	0.00275245
0.87	0.74	-0.316555	0.00266555
0.88	0.5	-0.256072	0.00203169
0.88	0.51	-0.28618	0.00211677
0.88	0.52	-0.314395	0.00153642
0.88	0.53	-0.337897	0.00150028
0.88	0.54	-0.356939	0.00119377
0.88	0.55	-0.372654	0.00124255
0.88	0.56	-0.388949	0.00106798
0.88	0.57	-0.399571	0.00122927
0.88	0.58	-0.40829	0.00109496
0.88	0.59	-0.41265	0.00111269
0.88	0.6	-0.416821	0.00114583
0.88	0.61	-0.42005	0.00106517
0.88	0.62	-0.417798	0.00120338
0.88	0.63	-0.416434	0.00122843
0.88	0.64	-0.412846	0.00126086
0.88	0.65	-0.409595	0.00146123
0.88	0.66	-0.401487	0.00142317
0.88	0.67	-0.395133	0.0014863
0.88	0.68	-0.382309	0.00178406
0.88	0.69	-0.375117	0.00190081
0.88	0.7	-0.362016	0.00181458
0.88	0.71	-0.348126	0.00197948
0.88	0.72	-0.33782	0.00248993
0.88	0.73	-0.321561	0.00244495
0.88	0.74	-0.312457	0.00269005
0.89	0.5	-0.248994	0.00203687
0.89	0.51	-0.280357	0.0020436
0.89	0.52	-0.309038	0.00173951
0.89	0.53	-0.332895	0.00158691
0.89	0.54	-0.350078	0.0014149
0.89	0.55	-0.367513	0.00120938
0.89	0.56	-0.382097	0.00123828
0.89	0.57	-0.392787	0.00118318
0.89	0.58	-0.401529	0.000972604
0.89	0.59	-0.407498	0.00107977
0.89	0.6	-0.410278	0.00110388
0.89	0.61	-0.412042	0.00110033
0.89	0.62	-0.412435	0.00133985
0.89	0.63	-0.410507	0.00124534
0.89	0.64	-0.4074	0.001514
0.89	0.65	-0.40249	0.00150985
0.89	0.66	-0.394439	0.00156472
0.89	0.67	-0.385615	0.00189277
0.89	0.68	-0.377659	0.00189183
0.89	0.69	-0.367477	0.00201139
0.89	0.7	-0.35224	0.00226681
0.89	0.71	-0.338299	0.00249453
0.89	0.72	-0.325428	0.00211563
0.89	0.73	-0.312731	0.00251878
0.89	0.74	-0.297701	0.0028555
0.9	0.5	-0.241425	0.00206779
0.9	0.51	-0.272251	0.00176862
0.9	0.52	-0.300149	0.00154986
0.9	0.53	-0.324137	0.00152337
0.9	0.54	-0.343871	0.00132204
0.9	0.55	-0.361331	0.001267
0.9	0.56	-0.374935	0.00116939
0.9	0.57	-0.385545	0.00122291
0.9	0.58	-0.392928	0.000958391
0.9	0.59	-0.399609	0.0010588
0.9	0.6	-0.402795	0.0011888
0.9	0.61	-0.404016	0.00125119
0.9	0.62	-0.403871	0.00128497
0.9	0.63	-0.402166	0.00140425
0.9	0.64	-0.398084	0.00137292
0.9	0.65	-0.393827	0.00162321
0.9	0.66	-0.384569	0.00196936
0.9	0.67	-0.376787	0.00194715
0.9	0.68	-0.366397	0.00206741
0.9	0.69	-0.354811	0.00219609
0.9	0.7	-0.342694	0.002298
0.9	0.71	-0.329826	0.0023762
0.9	0.72	-0.313632	0.00256217
0.9	0.73	-0.300001	0.00277794
0.9	0.74	-0.283186	0.00314186
0.91	0.5	-0.232668	0.00202486
0.91	0.51	-0.264017	0.00191537
0.91	0.52	-0.295238	0.00157299
0.91	0.53	-0.317016	0.00154393
0.91	0.54	-0.337587	0.00136366
0.91	0.55	-0.352926	0.0012693
0.91	0.56	-0.365847	0.00116405
0.91	0.57	-0.37827	0.00121975
0.91	0.58	-0.384755	0.00113829
0.91	0.59	-0.390816	0.0011354
0.91	0.6	-0.394477	0.00120514
0.91	0.61	-0.395464	0.00125901
0.91	0.62	-0.395299	0.00127334
0.91	0.63	-0.3931	0.00138304
0.91	0.64	-0.390229	0.00158123
0.91	0.65	-0.381235	0.0016669
0.91	0.66	-0.377837	0.00164664
0.91	0.67	-0.367676	0.00200008
0.91	0.68	-0.358149	0.00197286
0.91	0.69	-0.343674	0.00202058
0.91	0.7	-0.330583	0.00244259
0.91	0.71	-0.315606	0.00257761
0.91	0.72	-0.298647	0.0026673
0.91	0.73	-0.2845	0.00281593
0.91	0.74	-0.270932	0.00311963
0.92	0.5	-0.224774	0.00180781
0.92	0.51	-0.256408	0.00174984
0.92	0.52	-0.285497	0.00153491
0.92	0.53	-0.308398	0.00153567
0.92	0.54	-0.328596	0.00137724
0.92	0.55	-0.34444	0.00123255
0.92	0.56	-0.357726	0.00117454
0.92	0.57	-0.369251	0.00118599
0.92	0.58	-0.37837	0.00117234
0.92	0.59	-0.382644	0.00118753
0.92	0.6	-0.385823	0.00134214
0.92	0.61	-0.385391	0.00127018
0.92	0.62	-0.38571	0.00140204
0.92	0.63	-0.383237	0.00135445
0.92	0.64	-0.377168	0.00171027
0.92	0.65	-0.374997	0.00177109
0.92	0.66	-0.363943	0.0016013
0.92	0.67	-0.354748	0.0018727
0.92	0.68	-0.345332	0.00216293
0.92	0.69	-0.333481	0.00236655
0.92	0.7	-0.320093	0.0024685
0.92	0.71	-0.302692	0.00270396
0.92	0.72	-0.289118	0.00286602
0.92	0.73	-0.273553	0.00320156
0.92	0.74	-0.257577	0.00320935
0.93	0.5	-0.21455	0.0018466
0.93	0.51	-0.248314	0.00162947
0.93	0.52	-0.274561	0.00162964
0.93	0.53	-0.299387	0.00140352
0.93	0.54	-0.318958	0.00148415
0.93	0.55	-0.334588	0.00127253
0.93	0.56	-0.348825	0.00119371
0.93	0.57	-0.358352	0.00123456
0.93	0.58	-0.366841	0.00118211
0.93	0.59	-0.373147	0.00125712
0.93	0.6	-0.374978	0.00122053
0.93	0.61	-0.375777	0.00137866
0.93	0.62	-0.37371	0.0014552
0.93	0.63	-0.37134	0.0015688
0.93	0.64	-0.367304	0.00163528
0.93	0.65	-0.361612	0.00190993
0.93	0.66	-0.35222	0.00173386
0.93	0.67	-0.342891	0.00194042
0.93	0.68	-0.33547	0.00183075
0.93	0.69	-0.3222	0.0023252
0.93	0.7	-0.305072	0.00243254
0.93	0.71	-0.291851	0.00291643
0.93	0.72	-0.276431	0.00268558
0.93	0.73	-0.263121	0.00349727
0.93	0.74	-0.24148	0.00324545
0.94	0.5	-0.206771	0.00169002
0.94	0.51	-0.237178	0.00181082
0.94	0.52	-0.26353	0.00154802
0.94	0.53	-0.287951	0.00161775
0.94	0.54	-0.307987	0.00138539
0.94	0.55	-0.32497	0.00128468
0.94	0.56	-0.338536	0.00124118
0.94	0.57	-0.349335	0.00108529
0.94	0.58	-0.356354	0.00119562
0.94	0.59	-0.359913	0.0012655
0.94	0.6	-0.366021	0.0012676
0.94	0.61	-0.365172	0.00122055
0.94	0.62	-0.363564	0.00143943
0.94	0.63	-0.361844	0.0015151
0.94	0.64	-0.356882	0.00167407
0.94	0.65	-0.348101	0.00182788
0.94	0.66	-0.3409	0.00196706
0.94	0.67	-0.331326	0.00191958
0.94	0.68	-0.32123	0.00210613
0.94	0.69	-0.306489	0.00248835
0.94	0.7	-0.294565	0.00264231
0.94	0.71	-0.275619	0.00276461
0.94	0.72	-0.262772	0.00288862
0.94	0.73	-0.247616	0.00335034
0.94	0.74	-0.227378	0.00338474
