-6.65046
-6.64819
-6.62941
-6.61548
-6.60641
-6.59929
-6.59248
-6.58762
-6.5847
-6.58179
-6.57952
-6.5779
-6.57596
-6.57499
-6.57532
-6.575
-6.57435
-6.57436
-6.57306
-6.57274
-6.57242
-6.57339
-6.57371
-6.57306
-5.89615
-5.89598
-5.89824
-5.89533
-5.89403
-5.89467
-5.89402
-5.89466
-5.89401
-5.89305
-5.89272
-5.89499
-5.89532
-5.89565
-5.8963
-5.89824
-5.89824
-5.8963
-5.89695
-5.89921
-5.89824
-5.89791
-5.90082
-5.8992
-5.8992
-5.63805
-5.63823
-5.63888
-5.63791
-5.63693
-5.63564
-5.63369
-5.63337
-5.63207
-5.63175
-5.6324
-5.6337
-5.63208
-5.63144
-5.63209
-5.63241
-5.63468
-5.63273
-5.63306
-5.63241
-5.63337
-5.63629
-5.63661
-5.63791
-5.63726
-5.52573
-5.52688
-5.52526
-5.52461
-5.52591
-5.5272
-5.52623
-5.52656
-5.52818
-5.52623
-5.52494
-5.52462
-5.52527
-5.52592
-5.52753
-5.52818
-5.5243
-5.52365
-5.52397
-5.52461
-5.52558
-5.52461
-5.52299
-5.52202
-5.52073
-5.40165
-5.40277
-5.40245
-5.40245
-5.40148
-5.40342
-5.4005
-5.39986
-5.40018
-5.40082
-5.39888
-5.39888
-5.39791
-5.39726
-5.39791
-5.39856
-5.39921
-5.39856
-5.39889
-5.40245
-5.40277
-5.40342
-5.40731
-5.40634
-5.40504
-5.40472
-5.40504
-5.40568
-5.40439
-5.40439
-5.40504
-5.40634
-5.40537
-5.40537
-5.40731
-5.40666
-5.40731
-5.4044
-5.40278
-5.40213
-5.4044
-5.40375
-5.4031
-5.40181
-5.40278
-5.40117
-5.4002
-5.40246
-5.40117
-5.40214
-5.40149
-5.40149
-5.40148
-5.40213
-5.40181
-5.40149
-5.40052
-5.40278
-5.40213
-5.40246
-5.40149
-5.39987
-5.40019
-5.40052
-5.40052
-5.40117
-5.40182
-5.40182
-5.40214
-5.40214
-5.4044
-5.40472
-5.4031
-5.40343
-5.40214
-5.40214
-5.40247
-5.4002
-5.39956
-5.40215
-5.40182
-5.40085
-5.40085
-5.40085
-5.40214
-5.40182
-5.40279
-5.40408
-5.40473
-5.40246
-5.40344
-5.40279
-5.40117
-5.40052
-5.40117
-5.40279
-5.40247
-5.4015
-5.39956
-5.40117
-5.4002
-5.40053
-5.40215
-5.40117
-5.40279
-5.40247
-5.40247
-5.40053
-5.40118
-5.39923
-5.40086
-5.40247
-5.40345
-5.40377
-5.40279
-5.40215
-5.40214
-5.40182
-5.39955
-5.40084
-5.40052
-5.4002
-5.39955
-5.4002
-5.40182
-5.40183
-5.4028
-5.40216
-5.40086
-5.39989
-5.39827
-5.39989
-5.39924
-5.40215
-5.40085
-5.39956
-5.4002
-5.39988
-5.40052
-5.3989
-5.40085
-5.4015
-5.40312
-5.4028
-5.40184
-5.40216
-5.40054
-5.40054
-5.40183
-5.40118
-5.40118
-5.40021
-5.39989
-5.39859
-5.39892
-5.40183
-5.40184
-5.40346
-5.40378
-5.4054
-5.40767
-5.4067
-5.40605
-5.40605
-5.40475
-5.40573
-5.4054
-5.40572
-5.40572
-5.40864
-5.40929
-5.40897
-5.40864
-5.40767
-5.40638
-5.40476
-5.40216
-5.40184
-5.40119
-5.39957
-5.40054
-5.40151
-5.40086
-5.40086
-5.40086
-5.40087
-5.39893
-5.39893
-5.3999
-5.3986
-5.39796
-5.39828
-5.39925
-5.39731
-5.39893
-5.40055
-5.39893
-5.39861
-5.39991
-5.40055
-5.40217
-5.40444
-5.40476
-5.40508
-5.40378
-5.40281
-5.40314
-5.40314
-5.40314
-5.40152
-5.40249
-5.40282
-5.40379
-5.40282
-5.40218
-5.40315
-5.4038
-5.40412
-5.40283
-5.40088
-5.39991
-5.39991
-5.40121
-5.4025
-5.40152
-5.3999
-5.4012
-5.40249
-5.40055
-5.40055
-5.39926
-5.40056
-5.40023
-5.40218
-5.40314
-5.40282
-5.40217
-5.3999
-5.40055
-5.39828
-5.39958
-5.40022
-5.40022
-5.39925
-5.39828
-5.39861
-5.40055
-5.40087
-5.39926
-5.39828
-5.39861
-5.39666
-5.39731
-5.39731
-5.39893
-5.39796
-5.39861
-5.40153
-5.40217
-5.40185
-5.4012
-5.40121
-5.40185
-5.40185
-5.40282
-5.40412
-5.40379
-5.40314
-5.40282
-5.40314
-5.40411
-5.40541
-5.40638
-5.40638
-5.40606
-5.40638
-5.40606
-5.40541
-5.40412
-5.40509
-5.4025
-5.4012
-5.40217
-5.4025
-5.40315
-5.40315
-5.40315
-5.4025
-5.40282
-5.4025
-5.40217
-5.40152
-5.40282
-5.40314
-5.40379
-5.40379
-5.40379
-5.40217
-5.40314
-5.40282
-5.40379
-5.40087
-5.40217
-5.40411
-5.40217
-5.40314
-5.40249
-5.40313
-5.40475
-5.40345
-5.40216
-5.40022
-5.40119
-5.40055
-5.40119
-5.40508
-5.40281
-5.40281
-5.40346
-5.40313
-5.40054
-5.40216
-5.40313
-5.40119
-5.40183
-5.40216
-5.40216
-5.40152
-5.40152
-5.4012
-5.40055
-5.40184
-5.40249
-5.40281
-5.40151
-5.40087
-5.40216
-5.40281
-5.40022
-5.40054
-5.40022
-5.40086
-5.39924
-5.3986
-5.39763
-5.3999
-5.3999
-5.40022
-5.40152
-5.40248
-5.40119
-5.40087
-5.40054
-5.40346
-5.40475
-5.40476
-5.40378
-5.40572
-5.40443
-5.40378
-5.40313
-5.40345
-5.4041
-5.40378
-5.4041
-5.40184
-5.40249
-5.40313
-5.40314
-5.40152
-5.40152
-5.39957
-5.3973
-5.3973
-5.39794
-5.39697
-5.39632
-5.39729
-5.39924
-5.40021
-5.40118
-5.4041
-5.4041
-5.40248
-5.40086
-5.40118
-5.40377
-5.40506
-5.407
-5.40603
-5.40344
-5.40441
-5.40636
-5.40506
-5.40603
-5.40376
-5.40505
-5.40473
-5.40279
-5.40181
-5.40311
-5.40537
-5.40505
-5.40376
-5.40473
-5.40473
-5.40312
-5.40538
-5.40506
-5.40441
-5.40344
-5.40311
-5.40311
-5.40311
-5.40505
-5.40538
-5.40409
-5.40473
-5.40409
-5.40344
-5.40247
-5.40247
-5.40182
-5.40344
-5.40311
-5.40344
-5.40441
-5.40506
-5.40668
-5.40797
-5.40668
-5.40538
-5.40829
-5.40894
-5.40894
-5.40894
-5.40829
-5.40635
-5.407
-5.4057
-5.40505
-5.40214
-5.40376
-5.40344
-5.40214
-5.40214
-5.40214
-5.40084
-5.40311
-5.40278
-5.40343
-5.4031
-5.40311
-5.40311
-5.40182
-5.4002
-5.40182
-5.40538
-5.40505
-5.40505
-5.40214
-5.40408
-5.40408
-5.40279
-5.40473
-5.40311
-5.40311
-5.40343
-5.40279
-5.40344
-5.40052
-5.40053
-5.39923
-5.40311
-5.40149
-5.40117
-5.40149
-5.40343
-5.40117
-5.40052
-5.39987
-5.40149
-5.40214
-5.40311
-5.40279
-5.40117
-5.40117
-5.40085
-5.40149
-5.40052
-5.39858
-5.39794
-5.40053
-5.39956
-5.40085
-5.40117
-5.40085
-5.39955
-5.40084
-5.40246
-5.40473
