1.18991
1.15567
1.09903
1.02249
0.929279
0.824046
0.712812
0.602676
0.50124
0.415659
0.351524
0.311852
0.296674
0.303209
0.326623
0.361077
0.400677
0.440224
0.475645
0.504127
0.524135
0.535284
0.538117
0.533887
1.20128
1.17405
1.12573
1.06169
0.987983
0.912245
0.843405
0.790484
0.760773
0.758021
0.781399
0.825869
0.883573
0.94589
1.00506
1.05501
1.09179
1.11342
1.11955
1.11142
1.09169
1.06393
1.03204
0.999531
0.968954
1.20155
1.17258
1.14042
1.1076
1.0759
1.04784
1.02636
1.01412
1.01293
1.02316
1.04362
1.07165
1.10362
1.13547
1.16324
1.18373
1.19506
1.19685
1.19014
1.17715
1.16059
1.14299
1.12623
1.11147
1.09924
1.20041
1.19056
1.17997
1.16976
1.16087
1.1544
1.15145
1.15299
1.15961
1.1712
1.1864
1.20279
1.21737
1.22728
1.2304
1.22575
1.21346
1.19479
1.17193
1.14759
1.12443
1.10468
1.08974
1.08029
1.07642
1.19976
1.20207
1.20405
1.20403
1.20053
1.19255
1.17966
1.16216
1.14098
1.11777
1.09494
1.07558
1.06312
1.0606
1.06976
1.09055
1.12079
1.15668
1.19375
1.22804
1.25673
1.27844
1.29306
1.30156
1.30571
1.30817
1.31226
1.32084
1.33501
1.35316
1.37137
1.38475
1.38962
1.38451
1.37016
1.34867
1.32274
1.29501
1.26783
1.24324
1.22286
1.20763
1.19745
1.19118
1.18691
1.18272
1.17713
1.16952
1.16012
1.1499
1.14043
1.1335
1.13072
1.13307
1.14057
1.15233
1.16694
1.18289
1.19892
1.21407
1.22749
1.2385
1.24633
1.25021
1.24941
1.24345
1.23225
1.21635
1.19701
1.17633
1.15724
1.14328
1.1376
1.14192
1.15551
1.17548
1.19789
1.21922
1.23719
1.25088
1.2603
1.26599
1.26872
1.26947
1.26931
1.26929
1.27026
1.27268
1.27661
1.28171
1.28749
1.29384
1.3014
1.31121
1.32375
1.33833
1.35271
1.36387
1.36909
1.36671
1.35675
1.34065
1.32102
1.30117
1.28465
1.27431
1.27091
1.27281
1.27689
1.2798
1.27887
1.27226
1.25911
1.23941
1.21395
1.18418
1.15219
1.12047
1.09185
1.06943
1.05628
1.05453
1.06464
1.08512
1.1129
1.14417
1.17495
1.2017
1.22172
1.23314
1.23508
1.22722
1.21026
1.18581
1.15639
1.12543
1.09707
1.07625
1.06832
1.07779
1.10601
1.14933
1.19986
1.24846
1.2877
1.31335
1.32426
1.32183
1.30931
1.29096
1.27128
1.25402
1.24147
1.23446
1.23278
1.23551
1.24126
1.24825
1.25454
1.25842
1.25886
1.25566
1.24951
1.24193
1.23467
1.22947
1.22753
1.22952
1.23566
1.24588
1.25956
1.27531
1.29105
1.30436
1.3132
1.31624
1.31286
1.30298
1.28713
1.2667
1.24415
1.22284
1.20629
1.19694
1.19523
1.19969
1.20805
1.21829
1.22933
1.24081
1.25276
1.26487
1.2764
1.28618
1.29297
1.29575
1.29397
1.28763
1.27695
1.2621
1.24324
1.22102
1.19679
1.17275
1.15156
1.13578
1.12734
1.12706
1.13481
1.14951
1.1697
1.19358
1.219
1.24366
1.26539
1.28257
1.2945
1.30123
1.30272
1.29831
1.28687
1.26783
1.24207
1.21246
1.18346
1.15992
1.14595
1.14421
1.15558
1.17866
1.20974
1.24336
1.27413
1.2984
1.31482
1.32391
1.3269
1.32483
1.3183
1.30792
1.2947
1.27983
1.26431
1.24876
1.23346
1.21842
1.20365
1.18934
1.176
1.16458
1.15625
1.15229
1.15367
1.16054
1.17196
1.18629
1.20194
1.21805
1.23441
1.25075
1.26606
1.27836
1.28526
1.28475
1.27617
1.26079
1.24176
1.22314
1.20867
1.2005
1.19866
1.20185
1.20841
1.21694
1.22653
1.23665
1.2468
1.25668
1.26627
1.27561
1.28424
1.2912
1.29509
1.29481
1.28995
1.2806
1.26729
1.25103
1.23334
1.21626
1.20204
1.19204
1.18629
1.18348
1.1817
1.17929
1.17571
1.17185
1.1695
1.17035
1.17502
1.18256
1.1911
1.19883
1.20503
1.21002
1.21489
1.22101
1.22962
1.24121
1.25497
1.26857
1.27892
1.28385
1.28279
1.27663
1.26697
1.2552
1.24237
1.22951
1.21803
1.20975
1.20669
1.21007
1.21941
1.23253
1.24666
1.25958
1.26997
1.27667
1.27818
1.27343
1.26248
1.24672
1.22823
1.20899
1.19052
1.17397
1.16014
1.14962
1.14298
1.14081
1.14386
1.15218
1.16487
1.17999
1.19518
1.20873
1.22015
1.23029
1.24042
1.25107
1.26168
1.27067
1.27619
1.2769
1.2722
1.26267
1.25036
1.23875
1.23171
1.23182
1.23948
1.25323
1.27071
1.28952
1.30729
1.32158
1.32973
1.32919
1.31846
1.29765
1.2687
1.23522
1.20178
1.17285
1.15188
1.14053
1.13878
1.14509
1.15678
1.17079
1.18429
1.19547
1.20386
1.2102
1.2161
1.22321
1.23258
1.24402
1.25598
1.26606
1.27208
1.27298
1.26915
1.26215
1.25411
1.24726
1.2436
1.24475
1.25149
1.26358
1.2796
1.29723
1.31365
1.32598
1.33192
1.3301
1.3204
1.30404
1.28336
1.26125
1.2406
1.22349
1.21066
1.20164
1.1952
1.19015
1.1858
1.18178
1.17816
1.17557
1.17547
1.17957
1.18882
1.20253
1.21894
1.23654
1.25474
1.27331
1.29133
1.30702
1.31863
1.32526
1.32724
1.32566
1.32152
1.31533
1.30699
1.29619
1.2826
1.26592
1.24584
1.22238
1.19614
1.16837
1.14094
1.11607
1.09623
1.08371
1.07995
1.08506
1.09778
1.11561
1.13536
1.15388
1.16878
1.17918
1.18606
1.19172
1.19845
1.20687
1.21568
1.22334
1.22954
1.23533
1.2425
1.25268
1.26629
1.28209
1.29765
1.3103
1.31837
1.32168
1.32112
1.31807
1.31375
1.30894
1.30398
1.29916
1.29467
1.29055
1.28652
1.28212
1.27707
1.27155
1.26641
1.26269
1.26095
1.26081
1.26079
1.25858
1.25222
1.24072
1.22485
1.20692
1.19034
1.17852
1.17387
1.17688
1.18564
