0.793271
0.770445
0.732688
0.681657
0.619519
0.549364
0.475208
0.401784
0.33416
0.277106
0.234349
0.207901
0.197782
0.202139
0.217749
0.240718
0.267118
0.293482
0.317096
0.336085
0.349423
0.356856
0.358745
0.355925
0.800851
0.7827
0.750488
0.707797
0.658655
0.608163
0.56227
0.52699
0.507182
0.505347
0.520933
0.550579
0.589048
0.630593
0.670037
0.703339
0.727862
0.742281
0.746364
0.740945
0.727795
0.709288
0.688024
0.666354
0.645969
0.801034
0.781719
0.76028
0.738401
0.717269
0.698562
0.684237
0.676079
0.675285
0.682104
0.695749
0.714434
0.735744
0.756979
0.775493
0.789155
0.796709
0.797898
0.793428
0.784766
0.773727
0.761996
0.75082
0.740983
0.732827
0.800274
0.793704
0.786649
0.77984
0.773911
0.769598
0.767632
0.768662
0.773074
0.780798
0.790934
0.801863
0.811581
0.818186
0.82027
0.817164
0.808971
0.796525
0.781286
0.765061
0.749617
0.736451
0.726491
0.720195
0.717612
0.799841
0.801379
0.802702
0.802685
0.800356
0.79503
0.786443
0.77477
0.760655
0.745179
0.729957
0.717051
0.708744
0.707064
0.713172
0.727032
0.747196
0.771118
0.795832
0.81869
0.837819
0.852295
0.86204
0.867707
0.87047
0.872114
0.87484
0.880559
0.890004
0.902106
0.914248
0.923169
0.926415
0.923008
0.913439
0.899114
0.881827
0.863339
0.845221
0.828826
0.815238
0.805084
0.798302
0.794121
0.791274
0.788478
0.784752
0.779679
0.773415
0.766602
0.760286
0.755665
0.753816
0.755381
0.760377
0.768219
0.777962
0.788595
0.799282
0.80938
0.81833
0.825664
0.830887
0.833471
0.832942
0.828965
0.821498
0.810897
0.798009
0.78422
0.771496
0.762183
0.7584
0.761277
0.77034
0.783655
0.798592
0.812813
0.824792
0.833923
0.8402
0.843994
0.845813
0.846312
0.846207
0.846193
0.846837
0.848456
0.85107
0.85447
0.85833
0.862562
0.867601
0.874139
0.882503
0.89222
0.901804
0.909248
0.912728
0.911139
0.904502
0.893767
0.880679
0.867448
0.856436
0.849537
0.847272
0.848541
0.851261
0.8532
0.852578
0.848171
0.83941
0.826275
0.809301
0.789452
0.768123
0.746979
0.727898
0.712954
0.704187
0.703023
0.709763
0.723411
0.741936
0.762781
0.783303
0.801134
0.814478
0.822093
0.823384
0.818145
0.80684
0.790537
0.770927
0.750285
0.731379
0.717498
0.712215
0.718526
0.737339
0.766218
0.799907
0.83231
0.858468
0.875565
0.88284
0.88122
0.872872
0.86064
0.847519
0.836017
0.827645
0.822973
0.821852
0.823671
0.827508
0.832165
0.836358
0.838944
0.839238
0.837104
0.83301
0.827951
0.823115
0.819647
0.818357
0.819682
0.82377
0.830589
0.839708
0.85021
0.860701
0.869573
0.875467
0.877495
0.87524
0.868656
0.858089
0.84447
0.829436
0.815228
0.804193
0.797962
0.796818
0.799796
0.805367
0.812195
0.819553
0.827209
0.835171
0.843247
0.850931
0.857456
0.86198
0.863831
0.862647
0.858417
0.851302
0.8414
0.828827
0.814013
0.79786
0.781831
0.767706
0.75719
0.75156
0.751376
0.756541
0.766342
0.779802
0.795718
0.812669
0.829108
0.843592
0.855045
0.863003
0.867488
0.868483
0.865543
0.857914
0.845219
0.828047
0.80831
0.788976
0.773282
0.763964
0.762808
0.770388
0.785773
0.80649
0.828908
0.849423
0.865598
0.876546
0.882608
0.884598
0.883222
0.878867
0.871949
0.863136
0.853221
0.842872
0.832508
0.822307
0.812282
0.802432
0.792895
0.784001
0.776385
0.770835
0.768195
0.769114
0.773692
0.781308
0.790863
0.801296
0.812037
0.82294
0.833835
0.844038
0.852237
0.856843
0.856497
0.850778
0.840526
0.827841
0.815425
0.805783
0.80033
0.799105
0.801233
0.805606
0.811291
0.817683
0.82443
0.831202
0.837785
0.844181
0.850406
0.856159
0.860803
0.863393
0.863208
0.859969
0.853732
0.84486
0.834022
0.822226
0.810841
0.801359
0.794695
0.790859
0.78899
0.787802
0.786191
0.783809
0.781233
0.779666
0.780232
0.783344
0.788374
0.794064
0.799221
0.803354
0.806677
0.809924
0.814007
0.819744
0.827474
0.836649
0.845715
0.852614
0.855901
0.855193
0.851088
0.844646
0.836803
0.828244
0.81967
0.812021
0.806497
0.80446
0.806711
0.812942
0.821686
0.831109
0.839721
0.846645
0.851111
0.852121
0.848951
0.841653
0.831145
0.818818
0.80599
0.793682
0.782644
0.773424
0.766412
0.761983
0.760543
0.762573
0.768123
0.77658
0.78666
0.796789
0.805818
0.81343
0.82019
0.826947
0.834048
0.84112
0.847112
0.850795
0.851266
0.848136
0.84178
0.83357
0.825834
0.82114
0.821215
0.826319
0.835487
0.847143
0.859677
0.871526
0.881055
0.886484
0.886127
0.878974
0.865102
0.845797
0.823478
0.801184
0.781899
0.767922
0.760352
0.759188
0.763394
0.77119
0.780526
0.789524
0.796982
0.802571
0.806803
0.810736
0.815475
0.821722
0.829345
0.837323
0.844041
0.84805
0.848651
0.846098
0.841433
0.836076
0.831506
0.829069
0.829832
0.834325
0.842383
0.853067
0.864823
0.87577
0.883988
0.887947
0.886732
0.880266
0.869361
0.855571
0.840831
0.827069
0.81566
0.807109
0.801096
0.796802
0.793436
0.790531
0.787856
0.785442
0.783716
0.783647
0.78638
0.792545
0.801685
0.812625
0.824361
0.836492
0.848873
0.860885
0.871347
0.879087
0.883506
0.884824
0.883771
0.881011
0.876887
0.871325
0.864125
0.855066
0.843949
0.830559
0.814923
0.79743
0.778916
0.760629
0.744045
0.73082
0.722471
0.719964
0.723373
0.731853
0.743743
0.756908
0.769252
0.779189
0.786117
0.790706
0.794481
0.798968
0.804581
0.81045
0.815561
0.819695
0.823555
0.828335
0.835122
0.844195
0.854728
0.865103
0.873532
0.878913
0.881122
0.880746
0.878716
0.875835
0.872625
0.86932
0.866107
0.863116
0.860364
0.857682
0.854745
0.851381
0.847702
0.844272
0.841792
0.840633
0.840542
0.840528
0.839051
0.83481
0.827144
0.81657
0.804617
0.793558
0.785677
0.782579
0.784585
0.790428
