-7.84036
-7.80385
-7.72844
-7.63797
-7.53569
-7.42333
-7.3053
-7.1903
-7.08594
-6.99745
-6.93104
-6.88975
-6.87263
-6.8782
-6.90194
-6.93607
-6.97503
-7.01458
-7.04871
-7.07687
-7.09655
-7.10867
-7.11183
-7.10695
-7.09743
-7.07003
-7.02397
-6.95702
-6.88201
-6.80692
-6.73742
-6.68515
-6.65479
-6.65107
-6.67412
-6.72086
-6.77889
-6.84154
-6.90135
-6.95325
-6.99004
-7.00972
-7.01649
-7.01063
-6.98993
-6.96184
-6.93286
-6.89873
-6.86815
-6.8396
-6.81081
-6.7793
-6.74551
-6.71284
-6.68348
-6.66005
-6.64749
-6.645
-6.65491
-6.67602
-6.70535
-6.7357
-6.76691
-6.79533
-6.81614
-6.82974
-6.82958
-6.8232
-6.80956
-6.79397
-6.77928
-6.76284
-6.74938
-6.7365
-6.72614
-6.71744
-6.70524
-6.69437
-6.68678
-6.6816
-6.67768
-6.67955
-6.68779
-6.69743
-6.71134
-6.72741
-6.74264
-6.75319
-6.75794
-6.75393
-6.73775
-6.71843
-6.6959
-6.67221
-6.65001
-6.62929
-6.61273
-6.60232
-6.59715
-6.60141
-6.60484
-6.6065
-6.60648
-6.60201
-6.59597
-6.58017
-6.56201
-6.54116
-6.51859
-6.49382
-6.47445
-6.46102
-6.45785
-6.46766
-6.4891
-6.52
-6.55524
-6.59263
-6.63049
-6.6595
-6.68187
-6.70037
-6.7079
-6.71075
-6.71289
-6.7173
-6.72652
-6.7394
-6.75755
-6.77642
-6.7911
-6.79499
-6.78988
-6.77747
-6.75534
-6.73005
-6.6994
-6.67061
-6.64537
-6.62725
-6.61138
-6.60056
-6.59299
-6.58969
-6.58388
-6.57732
-6.57198
-6.56129
-6.55204
-6.54192
-6.53498
-6.53221
-6.5352
-6.54238
-6.55382
-6.56746
-6.58568
-6.60106
-6.61653
-6.62898
-6.63836
-6.64652
-6.65072
-6.64993
-6.64461
-6.63406
-6.61816
-6.59915
-6.57847
-6.56165
-6.548
-6.5407
-6.54535
-6.55765
-6.57762
-6.60035
-6.61942
-6.63674
-6.65303
-6.66212
-6.66684
-6.66957
-6.67032
-6.67145
-6.67111
-6.67304
-6.67677
-6.68134
-6.68417
-6.69093
-6.69663
-6.70257
-6.71173
-6.72492
-6.74112
-6.75517
-6.76537
-6.76865
-6.76788
-6.75696
-6.74118
-6.72316
-6.70235
-6.68744
-6.67677
-6.67338
-6.67334
-6.67807
-6.67903
-6.67972
-6.67473
-6.66256
-6.64318
-6.61675
-6.58632
-6.55433
-6.52229
-6.4914
-6.47028
-6.4568
-6.45473
-6.4642
-6.48532
-6.51473
-6.546
-6.57775
-6.60386
-6.62258
-6.63303
-6.63335
-6.62711
-6.6095
-6.58796
-6.55724
-6.52499
-6.49727
-6.47612
-6.46884
-6.47669
-6.50686
-6.55083
-6.60298
-6.65127
-6.68954
-6.71551
-6.7248
-6.72237
-6.71114
-6.69214
-6.67246
-6.65424
-6.64135
-6.63305
-6.6317
-6.63734
-6.6431
-6.6517
-6.65832
-6.66382
-6.66653
-6.66235
-6.65556
-6.64798
-6.63943
-6.6352
-6.63294
-6.63525
-6.64138
-6.65452
-6.66885
-6.68428
-6.69969
-6.71203
-6.71958
-6.721
-6.71502
-6.70483
-6.68833
-6.66628
-6.6447
-6.62435
-6.60715
-6.59781
-6.59609
-6.60056
-6.60698
-6.61722
-6.62923
-6.63942
-6.65071
-6.66315
-6.67565
-6.6835
-6.6919
-6.6963
-6.6929
-6.68624
-6.67686
-6.66265
-6.64541
-6.62546
-6.60155
-6.57783
-6.55534
-6.5386
-6.53048
-6.5302
-6.53795
-6.55103
-6.5722
-6.5964
-6.62279
-6.64649
-6.66756
-6.68572
-6.6983
-6.70535
-6.70555
-6.6992
-6.68678
-6.66774
-6.64328
-6.61496
-6.58499
-6.55982
-6.54714
-6.5467
-6.55613
-6.57921
-6.60899
-6.64392
-6.67437
-6.70057
-6.71796
-6.72673
-6.72907
-6.72474
-6.71885
-6.70621
-6.69428
-6.68006
-6.66453
-6.64802
-6.63174
-6.61703
-6.6042
-6.59022
-6.57526
-6.56286
-6.55486
-6.54896
-6.55098
-6.55785
-6.5709
-6.58426
-6.60056
-6.61958
-6.63658
-6.6526
-6.66726
-6.67956
-6.68712
-6.6866
-6.67899
-6.66491
-6.64555
-6.62628
-6.61149
-6.60364
-6.60277
-6.60726
-6.61479
-6.62332
-6.63258
-6.64303
-6.65286
-6.66209
-6.67039
-6.6807
-6.68674
-6.6924
-6.69726
-6.69731
-6.6931
-6.68374
-6.67044
-6.65353
-6.63616
-6.61876
-6.60421
-6.59356
-6.58911
-6.58663
-6.58549
-6.58308
-6.5795
-6.57402
-6.57264
-6.57316
-6.5788
-6.58343
-6.59326
-6.60294
-6.6072
-6.61315
-6.61737
-6.62414
-6.63437
-6.64467
-6.65713
-6.66879
-6.68011
-6.6844
-6.68398
-6.68171
-6.66978
-6.65802
-6.64582
-6.63264
-6.61857
-6.61191
-6.60982
-6.61125
-6.62125
-6.63469
-6.64883
-6.6611
-6.67149
-6.67786
-6.67873
-6.67527
-6.66497
-6.64953
-6.62974
-6.60985
-6.59268
-6.57677
-6.56035
-6.55016
-6.54319
-6.54168
-6.5431
-6.55078
-6.5625
-6.57989
-6.59508
-6.60895
-6.62166
-6.63277
-6.64161
-6.65194
-6.66222
-6.67413
-6.68095
-6.68166
-6.67599
-6.66839
-6.65478
-6.64253
-6.63484
-6.63527
-6.64358
-6.65701
-6.67482
-6.69135
-6.70977
-6.72472
-6.73286
-6.73071
-6.71998
-6.69723
-6.666
-6.63252
-6.59972
-6.56982
-6.5482
-6.53782
-6.53802
-6.5453
-6.55797
-6.57489
-6.58838
-6.59795
-6.60471
-6.61138
-6.61987
-6.62827
-6.63958
-6.65005
-6.65943
-6.67048
-6.67843
-6.67804
-6.67518
-6.66591
-6.65917
-6.65199
-6.64639
-6.64656
-6.65459
-6.66895
-6.68465
-6.70099
-6.71839
-6.73072
-6.73504
-6.73548
-6.72546
-6.70845
-6.6868
-6.66436
-6.64372
-6.6266
-6.61572
-6.60702
-6.59929
-6.59489
-6.58988
-6.58522
-6.58063
-6.57804
-6.57729
-6.58301
-6.59193
-6.60596
-6.62335
-6.6416
-6.66142
-6.68128
-6.698
-6.7124
-6.72692
-6.7342
-6.73618
-6.73459
-6.72981
-6.72168
-6.71398
-6.70189
-6.68765
-6.66806
-6.6496
-6.62582
-6.59829
-6.57051
-6.54308
-6.51691
-6.49934
-6.48649
-6.48337
-6.48816
-6.50089
-6.51872
-6.53718
-6.55408
-6.5706
-6.58456
-6.59111
-6.59677
-6.60059
-6.61095
-6.61976
-6.62613
-6.63427
-6.63844
-6.64561
-6.65612
-6.66908
-6.68553
-6.69818
-6.71082
-6.7176
-6.7248
-6.72261
-6.71924
-6.71524
-6.71237
-6.70515
-6.69968
-6.69455
-6.69204
-6.68866
-6.68523
-6.67986
-6.67273
-6.66758
-6.66353
-6.66244
-6.66134
-6.65937
-6.65651
-6.65274
-6.64027
-6.6257
-6.6081
-6.59118
-6.57807
-6.57471
-6.57934
-6.59037
