-7.85046
-7.85033
-7.84995
-7.84933
-7.84845
-7.84733
-7.84595
-7.84434
-7.84247
-7.83801
-7.83541
-7.83258
-7.8295
-7.82619
-7.82231
-7.81853
-7.81387
-7.80865
-7.79754
-7.791
-7.78457
-7.77695
-7.77041
-7.76366
-7.75346
-7.745
-7.73763
-7.72002
-7.71075
-7.70291
-7.69391
-7.68536
-7.67566
-7.66707
-7.65732
-7.64773
-7.62901
-7.61923
-7.6093
-7.59889
-7.58768
-7.5773
-7.56613
-7.55644
-7.54564
-7.5253
-7.51414
-7.50319
-7.49214
-7.48132
-7.47007
-7.45875
-7.44637
-7.43424
-7.41237
-7.40006
-7.38802
-7.37627
-7.36415
-7.35234
-7.34019
-7.32802
-7.31649
-7.29314
-7.28197
-7.26953
-7.25842
-7.24703
-7.236
-7.22439
-7.21285
-7.20105
-7.17964
-7.16842
-7.15796
-7.14728
-7.1364
-7.12629
-7.11599
-7.10518
-7.09548
-7.07624
-7.06703
-7.05799
-7.0488
-7.04012
-7.03131
-7.0227
-7.01461
-7.00641
-6.98967
-6.98068
-6.9719
-6.96333
-6.95498
-6.94684
-6.93926
-6.93157
-6.92445
-6.91057
-6.90415
-6.89797
-6.89236
-6.88634
-6.88024
-6.87439
-6.86944
-6.86441
-6.85508
-6.85111
-6.84706
-6.84326
-6.83969
-6.83669
-6.83361
-6.83108
-6.82878
-6.82423
-6.82261
-6.82122
-6.81971
-6.81874
-6.81797
-6.81773
-6.81737
-6.8172
-6.81709
-6.81714
-6.81769
-6.81905
-6.81993
-6.82064
-6.82182
-6.82283
-6.82397
-6.8273
-6.82882
-6.83014
-6.83286
-6.83536
-6.83763
-6.83999
-6.84309
-6.84562
-6.85089
-6.8533
-6.85577
-6.85861
-6.8615
-6.86442
-6.86738
-6.87038
-6.87242
-6.87786
-6.8806
-6.88367
-6.88738
-6.89045
-6.89351
-6.89655
-6.89958
-6.90194
-6.9082
-6.91145
-6.91402
-6.91688
-6.91937
-6.92181
-6.92421
-6.92688
-6.9295
-6.9349
-6.93702
-6.93941
-6.94205
-6.94464
-6.94683
-6.94895
-6.951
-6.95233
-6.95542
-6.958
-6.95954
-6.96134
-6.96275
-6.96377
-6.96473
-6.96497
-6.96451
-6.96341
-6.96246
-6.96081
-6.95845
-6.95606
-6.95329
-6.95049
-6.947
-6.94122
-6.9325
-6.92794
-6.9224
-6.91686
-6.91131
-6.90544
-6.89894
-6.89278
-6.88567
-6.87025
-6.86196
-6.85371
-6.84456
-6.83612
-6.82711
-6.81786
-6.80806
-6.79836
-6.77866
-6.76802
-6.75753
-6.74783
-6.73668
-6.72537
-6.71392
-6.70267
-6.69129
-6.66854
-6.65686
-6.64479
-6.63298
-6.62047
-6.60889
-6.59664
-6.58502
-6.5734
-6.54955
-6.53735
-6.52584
-6.51375
-6.50205
-6.49142
-6.47991
-6.46884
-6.45725
-6.43416
-6.42301
-6.41236
-6.40221
-6.39194
-6.38091
-6.37074
-6.36081
-6.35144
-6.33412
-6.32457
-6.31628
-6.30861
-6.30091
-6.29385
-6.28678
-6.27875
-6.27235
-6.25994
-6.25459
-6.2496
-6.24498
-6.24105
-6.23685
-6.23303
-6.23057
-6.22753
-6.22292
-6.22094
-6.21869
-6.21714
-6.2166
-6.21676
-6.21697
-6.21755
-6.21849
-6.22084
-6.22287
-6.22462
-6.22737
-6.23046
-6.2339
-6.23736
-6.24147
-6.24558
-6.2541
-6.25882
-6.26416
-6.2701
-6.27601
-6.28186
-6.28829
-6.29497
-6.30189
-6.3161
-6.324
-6.33145
-6.34006
-6.34852
-6.35649
-6.36462
-6.3745
-6.38322
-6.40002
-6.4097
-6.41913
-6.42831
-6.43786
-6.44713
-6.45644
-6.46512
-6.47477
-6.49309
-6.50205
-6.51098
-6.51986
-6.52836
-6.53711
-6.54676
-6.55567
-6.56448
-6.58178
-6.58927
-6.59793
-6.60613
-6.61417
-6.62173
-6.62978
-6.63798
-6.64535
-6.66116
-6.667
-6.67328
-6.67936
-6.68523
-6.69121
-6.69664
-6.70153
-6.70683
-6.71676
-6.72169
-6.72607
-6.73053
-6.73507
-6.7384
-6.74182
-6.74531
-6.74856
-6.75305
-6.75558
-6.75722
-6.75862
-6.75979
-6.76104
-6.76239
-6.76285
-6.76277
-6.76322
-6.76295
-6.76271
-6.76186
-6.76138
-6.76029
-6.75861
-6.75633
-6.75445
-6.74928
-6.74698
-6.74347
-6.74007
-6.73645
-6.73263
-6.7286
-6.72471
-6.72097
-6.71201
-6.70682
-6.70213
-6.69667
-6.69077
-6.68541
-6.67994
-6.67504
-6.67007
-6.65832
-6.65286
-6.64736
-6.64153
-6.63568
-6.62983
-6.62432
-6.6185
-6.61336
-6.60193
-6.59534
-6.58978
-6.58398
-6.57891
-6.57361
-6.5681
-6.56269
-6.55837
-6.54946
-6.54521
-6.54109
-6.53679
-6.53329
-6.5293
-6.52546
-6.5221
-6.51889
-6.51199
-6.50894
-6.50605
-6.50364
-6.50138
-6.49897
-6.49703
-6.49524
-6.49329
-6.48949
-6.48764
-6.4869
-6.485
-6.48355
-6.48256
-6.48136
-6.48093
-6.48028
-6.47932
-6.47899
-6.47843
-6.47829
-6.47855
-6.47792
-6.47867
-6.47917
-6.47941
-6.48073
-6.48148
-6.48228
-6.48313
-6.48338
-6.484
-6.48433
-6.48438
-6.48414
-6.48536
-6.48565
-6.48698
-6.48772
-6.48787
-6.48873
-6.48933
-6.4903
-6.49101
-6.49323
-6.49441
-6.49629
-6.49692
-6.49792
-6.50027
-6.50169
-6.50315
-6.50433
-6.50681
-6.50779
-6.50913
-6.51051
-6.51289
-6.51467
-6.51648
-6.518
-6.51955
-6.52404
-6.52536
-6.52702
-6.52904
-6.53109
-6.53316
-6.53557
-6.53769
-6.53982
-6.54477
-6.54662
-6.54881
-6.55166
-6.55386
-6.55607
-6.55796
-6.56018
-6.5624
-6.56717
-6.5697
-6.57191
-6.57411
-6.57598
-6.57848
-6.58065
-6.58312
-6.58494
-6.58819
-6.58963
-6.59169
-6.59341
-6.59478
-6.59678
-6.5981
-6.60004
-6.60196
-6.60636
-6.60852
-6.61066
-6.61211
-6.61419
-6.61527
-6.61664
-6.61831
-6.61995
-6.62249
-6.62405
-6.62558
-6.62644
-6.62825
-6.62971
-6.63148
-6.6329
-6.63397
-6.63671
-6.63838
-6.64003
-6.64102
-6.64265
-6.64362
-6.6449
-6.64682
-6.64808
-6.6509
-6.65231
-6.65338
-6.65413
-6.6552
-6.65627
-6.65799
-6.65905
-6.66012
-6.6626
-6.66368
-6.66412
-6.66522
-6.66632
-6.66711
-6.66855
-6.66936
-6.67114
-6.67442
-6.6759
-6.67675
-6.67697
-6.67816
-6.67968
-6.68088
-6.68177
-6.68364
-6.68511
-6.68633
-6.68853
-6.68975
-6.6913
-6.69218
-6.69371
-6.69459
-6.69642
-6.69875
-6.69989
-6.70134
-6.70277
-6.70384
-6.70458
-6.70625
-6.70726
-6.70823
-6.70976
-6.70966
-6.70986
-6.71067
-6.71177
-6.71251
-6.71353
-6.71483
-6.71641
-6.71654
-6.71736
-6.71748
-6.71853
-6.71987
-6.7189
-6.71951
-6.72008
-6.72028
-6.72123
-6.72132
-6.72235
-6.72302
-6.72333
-6.72328
-6.72256
-6.72245
-6.72232
-6.72198
-6.72209
-6.72219
-6.72226
-6.72199
-6.72171
-6.72206
-6.72142
-6.72142
-6.72171
-6.72103
-6.721
-6.72031
-6.72058
-6.72021
-6.71918
-6.71847
-6.71777
-6.71667
-6.71618
-6.71507
-6.71464
-6.71456
-6.71388
-6.71387
-6.71325
-6.71299
-6.71322
-6.71403
-6.71422
-6.71445
-6.71439
-6.71435
-6.7137
-6.71308
-6.71378
-6.71462
-6.71378
-6.71394
-6.71413
-6.71466
-6.71521
-6.71514
-6.71508
-6.7157
-6.71601
-6.71733
-6.71737
-6.7171
-6.71717
-6.7179
-6.71833
-6.71876
-6.71921
-6.72014
-6.72062
-6.72046
-6.72128
-6.72115
-6.72199
-6.72284
-6.72337
-6.72424
-6.72567
-6.72687
-6.72809
-6.72866
-6.72891
-6.72982
-6.73105
-6.73132
-6.73256
-6.73279
-6.73405
-6.73466
-6.73526
-6.73587
-6.7368
-6.73741
-6.73801
-6.73861
-6.73979
-6.74037
-6.74095
-6.74184
-6.74175
-6.7423
-6.74316
-6.74369
-6.74421
-6.74585
-6.746
-6.74711
-6.7469
-6.74667
-6.74675
-6.74779
-6.7475
-6.74687
-6.74716
-6.74775
-6.74831
-6.74787
-6.74772
-6.74787
-6.74766
-6.74774
-6.74714
-6.74714
-6.74629
-6.74671
-6.74613
-6.74552
-6.74585
-6.74485
-6.7448
-6.74439
-6.74315
-6.74298
-6.7431
-6.74287
-6.74261
-6.74233
-6.7417
-6.74072
-6.74037
-6.73928
-6.73855
-6.73845
-6.73801
-6.73692
-6.73581
-6.7347
-6.73391
-6.7328
-6.73121
-6.73074
-6.72866
-6.72692
-6.72648
-6.7254
-6.72466
-6.72297
-6.72194
-6.72125
-6.72061
-6.72
-6.7191
-6.71855
-6.71802
-6.7185
-6.71772
-6.71794
-6.71719
-6.71718
-6.71657
-6.71695
-6.7164
-6.71686
-6.71669
-6.71656
-6.71645
-6.71665
-6.7163
-6.71533
-6.71535
-6.71539
-6.71578
-6.71585
-6.71561
-6.71571
-6.71625
-6.7154
-6.71552
-6.71563
-6.71606
-6.71584
-6.71593
-6.71569
-6.71543
-6.71518
-6.71519
-6.71582
-6.71643
-6.71603
-6.71658
-6.71644
-6.71595
-6.71542
-6.71458
-6.71361
-6.71357
-6.71316
-6.71238
-6.71285
-6.7123
-6.71171
-6.71172
-6.71061
-6.70903
-6.70804
-6.70701
-6.7056
-6.70413
-6.7036
-6.70268
-6.7014
-6.69869
-6.69758
-6.69773
-6.69621
-6.69466
-6.69306
-6.69174
-6.69006
-6.68866
-6.68543
-6.68361
-6.68175
-6.68051
-6.67795
-6.67665
-6.67469
-6.67206
-6.66973
-6.66633
-6.66331
-6.66158
-6.65983
-6.65809
-6.65569
-6.65458
-6.65219
-6.65012
-6.64632
-6.64395
-6.6416
-6.63926
-6.63661
-6.6343
-6.63202
-6.6304
-6.62816
-6.62408
-6.62257
-6.62044
-6.61899
-6.61758
-6.61555
-6.6142
-6.61224
-6.61064
-6.60853
-6.60737
-6.60593
-6.60485
-6.60381
-6.60152
-6.59928
-6.59773
-6.59686
-6.59462
-6.59356
-6.59222
-6.59093
-6.59065
-6.58977
-6.58861
-6.58781
-6.58771
-6.58666
-6.58572
-6.5845
-6.5843
-6.58349
-6.58306
-6.58266
-6.58199
-6.58234
-6.58188
-6.58204
-6.58225
-6.58251
-6.5825
-6.58285
-6.58325
-6.58305
-6.58258
-6.58243
-6.58289
-6.58339
-6.58326
-6.58348
-6.58372
-6.584
-6.58398
-6.58431
-6.58409
-6.58419
-6.58496
-6.58479
-6.58562
-6.58615
-6.58671
-6.58729
-6.58791
-6.58889
-6.58957
-6.59094
-6.59135
-6.59243
-6.59225
-6.59338
-6.59452
-6.59569
-6.59644
-6.59732
-6.5979
-6.59848
-6.59907
-6.60032
-6.6019
-6.60251
-6.60344
-6.60564
-6.60624
-6.60717
-6.60841
-6.60866
-6.61021
-6.61109
-6.61228
-6.61346
-6.61477
-6.61524
-6.616
-6.61739
-6.61842
-6.6191
-6.61975
-6.62036
-6.62061
-6.62165
-6.62178
-6.62349
-6.62418
-6.62385
-6.62412
-6.62434
-6.62354
-6.62332
-6.62402
-6.62395
-6.62382
-6.62428
-6.62467
-6.62466
-6.62459
-6.62381
-6.62295
-6.62133
-6.62058
-6.61942
-6.61818
-6.61719
-6.61548
-6.61401
-6.61278
-6.61115
-6.60764
-6.60641
-6.60478
-6.60307
-6.60031
-6.59747
-6.59584
-6.59382
-6.59171
-6.58825
-6.58625
-6.58386
-6.5814
-6.57855
-6.57628
-6.57363
-6.57125
-6.56752
-6.5612
-6.55863
-6.55569
-6.55304
-6.54971
-6.547
-6.54427
-6.54087
-6.53779
-6.53128
-6.52819
-6.52511
-6.52236
-6.51931
-6.51694
-6.51363
-6.511
-6.50777
-6.50146
-6.49872
-6.49605
-6.49345
-6.49126
-6.48914
-6.48648
-6.48423
-6.48144
-6.47814
-6.47602
-6.47467
-6.47247
-6.47074
-6.46947
-6.46835
-6.46737
-6.46655
-6.4657
-6.46535
-6.46516
-6.46547
-6.46562
-6.46562
-6.46578
-6.46645
-6.46728
-6.46916
-6.47051
-6.47236
-6.47373
-6.47592
-6.4786
-6.48145
-6.48349
-6.48568
-6.48989
-6.49254
-6.49565
-6.49826
-6.50197
-6.50548
-6.50846
-6.51221
-6.51575
-6.52343
-6.52758
-6.53245
-6.53643
-6.54112
-6.54588
-6.55036
-6.55522
-6.56108
-6.57031
-6.57495
-6.57927
-6.58392
-6.58824
-6.5932
-6.59814
-6.60273
-6.60728
-6.61659
-6.62101
-6.62537
-6.62999
-6.63519
-6.63968
-6.64376
-6.64775
-6.65199
-6.65888
-6.6625
-6.66732
-6.67106
-6.6747
-6.67854
-6.68163
-6.68461
-6.68714
-6.6925
-6.69501
-6.69772
-6.69999
-6.70182
-6.70449
-6.70641
-6.70788
-6.70923
-6.71225
-6.71327
-6.71482
-6.71562
-6.71631
-6.71691
-6.71708
-6.71845
-6.7194
-6.72009
-6.72209
-6.72273
-6.72329
-6.72411
-6.72389
-6.72362
-6.72362
-6.72324
-6.72399
-6.7248
-6.72461
-6.72408
-6.72385
-6.72328
-6.72335
-6.7231
-6.72285
-6.72173
-6.72184
-6.72165
-6.72149
-6.72135
-6.72158
-6.72184
-6.72182
-6.72153
-6.72143
-6.7226
-6.72286
-6.72286
-6.72358
-6.72436
-6.72522
-6.72679
-6.72747
-6.73003
-6.73094
-6.73225
-6.73299
-6.73446
-6.73601
-6.73731
-6.73901
-6.74078
-6.74456
-6.74656
-6.74765
-6.74946
-6.75101
-6.75229
-6.75395
-6.75567
-6.75775
-6.76271
-6.76556
-6.76878
-6.77008
-6.77237
-6.77436
-6.77701
-6.77934
-6.78135
-6.78601
-6.78702
-6.78964
-6.79191
-6.79415
-6.79636
-6.79788
-6.80033
-6.80176
-6.80478
-6.807
-6.80819
-6.80995
-6.81099
-6.81324
-6.81541
-6.81652
-6.81785
-6.82088
-6.82159
-6.8222
-6.8227
-6.82341
-6.82433
-6.82449
-6.82486
-6.82511
-6.82524
-6.82513
-6.82457
-6.82388
-6.8234
-6.82278
-6.82172
-6.82119
-6.82052
-6.81753
-6.81618
-6.8147
-6.8131
-6.81204
-6.80924
-6.80697
-6.80557
-6.8034
-6.79811
-6.79596
-6.79275
-6.7904
-6.78765
-6.78545
-6.7822
-6.77919
-6.77611
-6.77006
-6.7671
-6.76311
-6.75971
-6.75627
-6.75212
-6.74794
-6.74405
-6.74078
-6.73318
-6.72919
-6.72552
-6.72184
-6.71848
-6.7148
-6.71242
-6.70844
-6.70512
-6.69757
-6.69367
-6.68916
-6.68533
-6.68123
-6.67781
-6.67412
-6.6708
-6.66721
-6.66119
-6.65844
-6.65543
-6.65281
-6.64961
-6.64649
-6.64441
-6.64241
-6.64048
-6.6359
-6.63356
-6.63131
-6.62946
-6.62769
-6.626
-6.62407
-6.62222
-6.62013
-6.61683
-6.6153
-6.61385
-6.61313
-6.61183
-6.61028
-6.60914
-6.60839
-6.60804
-6.60527
-6.60383
-6.60278
-6.60212
-6.60152
-6.60098
-6.6005
-6.59975
-6.59938
-6.59913
-6.59859
-6.59842
-6.59829
-6.59822
-6.59785
-6.59721
-6.59692
-6.59764
-6.59788
-6.59771
-6.59822
-6.59843
-6.59898
-6.5989
-6.59981
-6.59976
-6.5994
-6.6
-6.60063
-6.60126
-6.60125
-6.60123
-6.60122
-6.60184
-6.60214
-6.60242
-6.60264
-6.60289
-6.60313
-6.60303
-6.60356
-6.60376
-6.60393
-6.60441
-6.60455
-6.60446
-6.6039
-6.60429
-6.60435
-6.60438
-6.60408
-6.60408
-6.60374
-6.60274
-6.60233
-6.60258
-6.60186
-6.60112
-6.60135
-6.60124
-6.60049
-6.6007
-6.60058
-6.601
-6.60057
-6.60046
-6.60004
-6.60028
-6.59956
-6.59917
-6.59912
-6.59909
-6.5991
-6.59913
-6.59855
-6.59864
-6.59909
-6.59956
-6.5991
-6.59964
-6.60022
-6.60084
-6.60185
-6.60258
-6.60238
-6.60255
-6.6034
-6.60463
-6.60557
-6.60656
-6.60803
-6.6085
-6.60902
-6.61056
-6.61148
-6.61116
-6.61217
-6.61322
-6.6143
-6.61658
-6.6181
-6.61932
-6.62057
-6.62282
-6.62446
-6.62547
-6.62683
-6.6282
-6.63166
-6.63308
-6.63484
-6.63628
-6.63773
-6.63918
-6.64031
-6.64176
-6.64289
-6.64511
-6.64653
-6.64794
-6.649
-6.65037
-6.65138
-6.6527
-6.65398
-6.65524
-6.65765
-6.6588
-6.65991
-6.66065
-6.66135
-6.66297
-6.66422
-6.66477
-6.66528
-6.66774
-6.66775
-6.66835
-6.66857
-6.66904
-6.66946
-6.66948
-6.67008
-6.66997
-6.66955
-6.66988
-6.66949
-6.67001
-6.66981
-6.66953
-6.66951
-6.66877
-6.66763
-6.66644
-6.66575
-6.66498
-6.66415
-6.66357
-6.66228
-6.66158
-6.66016
-6.65934
-6.65784
-6.65652
-6.65548
-6.65439
-6.65326
-6.6524
-6.65086
-6.64961
-6.648
-6.64469
-6.643
-6.6413
-6.6399
-6.63848
-6.63642
-6.63499
-6.63292
-6.63118
-6.6274
-6.62602
-6.624
-6.62298
-6.62069
-6.61842
-6.61748
-6.61593
-6.61441
-6.61115
-6.60975
-6.60806
-6.60706
-6.60643
-6.60455
-6.60368
-6.6022
-6.60044
-6.59834
-6.59734
-6.59671
-6.59513
-6.59424
-6.59305
-6.59221
-6.59075
-6.58996
-6.58777
-6.5867
-6.58564
-6.58491
-6.58451
-6.58281
-6.58144
-6.58104
-6.58031
-6.5798
-6.57873
-6.57732
-6.57688
-6.57675
-6.57596
-6.57452
-6.57436
-6.5742
-6.57128
-6.57046
-6.56964
-6.56882
-6.56802
-6.56754
-6.56643
-6.56598
-6.56555
-6.56445
-6.56345
-6.56217
-6.56125
-6.56134
-6.56083
-6.56037
-6.55964
-6.5593
-6.55911
-6.55831
-6.55823
-6.55855
-6.55895
-6.5591
-6.55934
-6.55966
-6.56007
-6.56147
-6.56215
-6.56358
-6.56348
-6.56477
-6.56584
-6.567
-6.56794
-6.56962
-6.57297
-6.57462
-6.57669
-6.57854
-6.5808
-6.58282
-6.58526
-6.58714
-6.58911
-6.5933
-6.59583
-6.59812
-6.6021
-6.60486
-6.60768
-6.61024
-6.61318
-6.61683
-6.62331
-6.62679
-6.6303
-6.63417
-6.63775
-6.64103
-6.64434
-6.64734
-6.65101
-6.65868
-6.66236
-6.66572
-6.66971
-6.67305
-6.67734
-6.68096
-6.68455
-6.68747
-6.6932
-6.69698
-6.70006
-6.70342
-6.7064
-6.70964
-6.71251
-6.71531
-6.71805
-6.72364
-6.72649
-6.72927
-6.73132
-6.73329
-6.73551
-6.73732
-6.73937
-6.74198
-6.74566
-6.74737
-6.74931
-6.75085
-6.75165
-6.75269
-6.75397
-6.75452
-6.75531
-6.75696
-6.75815
-6.75862
-6.75869
-6.759
-6.7599
-6.76072
-6.76083
-6.76184
-6.76206
-6.76096
-6.76141
-6.76214
-6.76282
-6.76249
-6.76243
-6.76201
-6.76188
-6.7628
-6.76257
-6.76231
-6.76267
-6.76205
-6.76172
-6.76106
-6.7607
-6.76001
-6.75731
-6.75692
-6.75686
-6.75614
-6.75543
-6.75505
-6.75499
-6.75526
-6.75586
-6.75417
-6.7535
-6.75284
-6.75251
-6.75252
-6.75287
-6.75355
-6.75295
-6.75334
-6.7535
-6.75328
-6.75308
-6.75256
-6.75239
-6.75287
-6.7524
-6.75291
-6.75343
-6.75387
-6.75346
-6.75339
-6.75364
-6.75294
-6.75354
-6.75317
-6.75282
-6.75247
-6.75308
-6.75306
-6.75338
-6.75337
-6.75303
-6.75302
-6.75301
-6.75332
-6.75297
-6.75258
-6.75254
-6.75313
-6.75307
-6.75202
-6.75193
-6.75182
-6.7517
-6.75155
-6.75055
-6.75001
-6.74945
-6.7495
-6.74953
-6.74888
-6.74819
-6.7478
-6.74672
-6.74607
-6.74456
-6.74397
-6.74238
-6.743
-6.74229
-6.74121
-6.73943
-6.73793
-6.73639
-6.73506
-6.73303
-6.73128
-6.73011
-6.72889
-6.72729
-6.72596
-6.7249
-6.7213
-6.71974
-6.71813
-6.71645
-6.71439
-6.71293
-6.7114
-6.71014
-6.70786
-6.70378
-6.70134
-6.69982
-6.69759
-6.695
-6.69268
-6.69031
-6.68758
-6.68512
-6.68041
-6.67815
-6.67586
-6.67321
-6.67053
-6.66781
-6.6641
-6.66166
-6.65854
-6.65321
-6.65003
-6.64748
-6.64426
-6.64201
-6.63942
-6.63617
-6.63323
-6.62997
-6.62439
-6.62144
-6.61914
-6.61618
-6.61355
-6.61028
-6.60733
-6.60504
-6.60243
-6.59529
-6.59206
-6.58916
-6.58724
-6.58469
-6.58182
-6.57929
-6.57645
-6.57362
-6.56672
-6.56427
-6.56086
-6.5578
-6.5554
-6.5527
-6.55067
-6.54801
-6.5457
-6.54052
-6.53797
-6.53514
-6.53298
-6.52956
-6.52715
-6.52479
-6.52278
-6.52018
-6.51511
-6.51137
-6.50897
-6.50566
-6.50274
-6.50085
-6.49935
-6.49695
-6.49527
-6.49214
-6.4907
-6.48901
-6.48741
-6.48687
-6.48577
-6.48508
-6.48417
-6.48368
-6.48298
-6.48246
-6.48203
-6.48139
-6.48181
-6.48234
-6.482
-6.48143
-6.48194
-6.48421
-6.48404
-6.48494
-6.48593
-6.48637
-6.48657
-6.48751
-6.48789
-6.48901
-6.4918
-6.49315
-6.4949
-6.49673
-6.49863
-6.50027
-6.5023
-6.50407
-6.50591
-6.51074
-6.51242
-6.51481
-6.5166
-6.5194
-6.52128
-6.52418
-6.52712
-6.52944
-6.53485
-6.53729
-6.5391
-6.54159
-6.5441
-6.54599
-6.54888
-6.55113
-6.55405
-6.56026
-6.56323
-6.56587
-6.56853
-6.57118
-6.57384
-6.57618
-6.5782
-6.58086
-6.58616
-6.58913
-6.59176
-6.59437
-6.5973
-6.60021
-6.6031
-6.60598
-6.60851
-6.61381
-6.61594
-6.61902
-6.62142
-6.62378
-6.62611
-6.62906
-6.63197
-6.63453
-6.63886
-6.64065
-6.64271
-6.64473
-6.64671
-6.64832
-6.64956
-6.65107
-6.6535
-6.65661
-6.65857
-6.66048
-6.66234
-6.66382
-6.66524
-6.66693
-6.66857
-6.66983
-6.67152
-6.67294
-6.67332
-6.67365
-6.67489
-6.6764
-6.67688
-6.67731
-6.678
-6.67923
-6.67944
-6.67993
-6.67972
-6.6801
-6.68012
-6.68074
-6.681
-6.68154
-6.68251
-6.68262
-6.68239
-6.68245
-6.68248
-6.6825
-6.68218
-6.68184
-6.68279
-6.68275
-6.68273
-6.68272
-6.68273
-6.68275
-6.68279
-6.68319
-6.68328
-6.68277
-6.68217
-6.68242
-6.68239
-6.68306
-6.68345
-6.6839
-6.68441
-6.68464
-6.68527
-6.68669
-6.6875
-6.68837
-6.68962
-6.69093
-6.69263
-6.69341
-6.69424
-6.69545
-6.69833
-6.69968
-6.70106
-6.70248
-6.70458
-6.70638
-6.70853
-6.70973
-6.71094
-6.71502
-6.71658
-6.71814
-6.72002
-6.72123
-6.7234
-6.7249
-6.72735
-6.72912
-6.73159
-6.73228
-6.73293
-6.73353
-6.73473
-6.73588
-6.73697
-6.73833
-6.73866
-6.74106
-6.74119
-6.74191
-6.74255
-6.74345
-6.74331
-6.74439
-6.74508
-6.74504
-6.74476
-6.74516
-6.74483
-6.74508
-6.74493
-6.74439
-6.74378
-6.7431
-6.74203
-6.74033
-6.73939
-6.73806
-6.73764
-6.73716
-6.7363
-6.73571
-6.73442
-6.73438
-6.73285
-6.73169
-6.72984
-6.72828
-6.727
-6.72569
-6.72467
-6.72232
-6.72092
-6.71804
-6.71592
-6.71443
-6.71325
-6.71173
-6.71052
-6.70865
-6.70677
-6.70457
-6.70241
-6.70052
-6.69863
-6.69641
-6.69485
-6.69393
-6.69206
-6.69018
-6.68864
-6.68589
-6.68404
-6.68285
-6.68167
-6.67952
-6.67738
-6.67655
-6.6754
-6.67394
-6.67105
-6.67027
-6.66917
-6.66807
-6.66635
-6.6643
-6.66259
-6.6625
-6.66114
-6.65907
-6.65773
-6.6564
-6.65443
-6.65312
-6.65213
-6.65116
-6.64955
-6.6486
-6.64607
-6.64515
-6.64391
-6.64268
-6.64082
-6.63929
-6.6381
-6.63757
-6.63672
-6.63541
-6.63396
-6.63253
-6.63143
-6.63035
-6.62897
-6.62792
-6.62656
-6.62588
-6.62424
-6.62264
-6.62073
-6.61917
-6.61827
-6.61675
-6.61622
-6.61571
-6.61456
-6.61201
-6.6119
-6.6105
-6.60977
-6.60906
-6.60804
-6.60736
-6.60702
-6.60734
-6.6064
-6.60611
-6.60518
-6.60459
-6.60368
-6.60408
-6.60319
-6.60327
-6.60272
-6.60129
-6.60073
-6.59986
-6.59963
-6.59908
-6.59885
-6.59829
-6.59805
-6.59748
-6.59632
-6.59541
-6.59546
-6.59517
-6.59488
-6.59425
-6.59265
-6.59136
-6.59072
-6.58874
-6.58807
-6.5877
-6.58668
-6.58565
-6.58527
-6.58488
-6.58383
-6.5831
-6.58293
-6.58219
-6.58146
-6.58072
-6.57933
-6.57827
-6.57657
-6.57746
-6.57707
-6.57598
-6.57561
-6.57492
-6.57328
-6.57262
-6.5723
-6.57135
-6.57009
-6.56918
-6.56773
-6.56752
-6.56733
-6.56685
-6.56703
-6.56627
-6.56553
-6.56481
-6.56444
-6.56378
-6.56413
-6.56516
-6.56459
-6.56502
-6.56482
-6.56563
-6.5658
-6.56568
-6.56583
-6.56578
-6.56542
-6.56476
-6.56541
-6.56543
-6.56483
-6.56521
-6.56561
-6.56547
-6.56559
-6.56572
-6.56586
-6.56569
-6.56618
-6.56602
-6.5662
-6.56574
-6.56549
-6.56603
-6.56625
-6.56648
-6.56671
-6.56727
-6.56752
-6.56712
-6.56706
-6.56729
-6.56694
-6.56757
-6.56821
-6.56854
-6.56759
-6.56893
-6.56899
-6.57004
-6.57124
-6.57204
-6.57254
-6.57307
-6.5733
-6.57389
-6.57386
-6.5742
-6.57521
-6.57639
-6.57752
-6.57837
-6.57862
-6.57955
-6.58053
-6.58188
-6.58295
-6.58374
-6.58676
-6.58801
-6.5893
-6.59129
-6.5917
-6.5928
-6.5946
-6.59578
-6.59766
-6.60055
-6.60253
-6.60488
-6.6066
-6.60869
-6.61048
-6.61261
-6.61381
-6.61567
-6.6201
-6.62201
-6.62394
-6.62652
-6.62814
-6.63009
-6.6314
-6.634
-6.63629
-6.63988
-6.64215
-6.64409
-6.64635
-6.64892
-6.6505
-6.65175
-6.65363
-6.65613
-6.65914
-6.66126
-6.66335
-6.66412
-6.66583
-6.66751
-6.66949
-6.67079
-6.67302
-6.67577
-6.67693
-6.67838
-6.67946
-6.68147
-6.6828
-6.68409
-6.68533
-6.68652
-6.68879
-6.68953
-6.69087
-6.69217
-6.69341
-6.69493
-6.69479
-6.69557
-6.6963
-6.69728
-6.69785
-6.69903
-6.69982
-6.70057
-6.70062
-6.70127
-6.70251
-6.70241
-6.70301
-6.70308
-6.70309
-6.70273
-6.70231
-6.70217
-6.70231
-6.70175
-6.70146
-6.70107
-6.70096
-6.70016
-6.69867
-6.69778
-6.69684
-6.69586
-6.69452
-6.69411
-6.69283
-6.69197
-6.69107
-6.68981
-6.68852
-6.68784
-6.68648
-6.68509
-6.68464
-6.6817
-6.68117
-6.68061
-6.67905
-6.6778
-6.67653
-6.67557
-6.67426
-6.67327
-6.67125
-6.6699
-6.66855
-6.66784
-6.6668
-6.66512
-6.66409
-6.66241
-6.66107
-6.65712
-6.65679
-6.6555
-6.65423
-6.65265
-6.65208
-6.6512
-6.65036
-6.64987
-6.64802
-6.64731
-6.64631
-6.64504
-6.6438
-6.64294
-6.64277
-6.64201
-6.64065
-6.63938
-6.63947
-6.63898
-6.63822
-6.63784
-6.6372
-6.6363
-6.63514
-6.63469
-6.63593
-6.63536
-6.63453
-6.63506
-6.63469
-6.63374
-6.6335
-6.63399
-6.63421
-6.63553
-6.63661
-6.63777
-6.63866
-6.63995
-6.64066
-6.64207
-6.64259
-6.64381
-6.64643
-6.64816
-6.6493
-6.6505
-6.65144
-6.65275
-6.65476
-6.65651
-6.6583
-6.66203
-6.66332
-6.6653
-6.66732
-6.66971
-6.67213
-6.67297
-6.67579
-6.67767
-6.68249
-6.68477
-6.68804
-6.69036
-6.6927
-6.69504
-6.69675
-6.69912
-6.70149
-6.70655
-6.70794
-6.7103
-6.71297
-6.71498
-6.71762
-6.71992
-6.72284
-6.72606
-6.73046
-6.73327
-6.73603
-6.73811
-6.74079
-6.74246
-6.74375
-6.74532
-6.74683
-6.74871
-6.74973
-6.75133
-6.75287
-6.7537
-6.75478
-6.75709
-6.75901
-6.75988
-6.76174
-6.76239
-6.7633
-6.76412
-6.76455
-6.76491
-6.76551
-6.76571
-6.76616
-6.76814
-6.76869
-6.76918
-6.76862
-6.76831
-6.76891
-6.76911
-6.7699
-6.7703
-6.77027
-6.77049
-6.77
-6.76913
-6.76852
-6.76819
-6.76747
-6.76606
-6.76589
-6.7638
-6.7635
-6.76218
-6.76115
-6.75975
-6.75831
-6.75814
-6.75631
-6.7551
-6.75258
-6.75096
-6.74995
-6.7486
-6.74787
-6.74614
-6.74504
-6.74328
-6.74149
-6.7398
-6.73828
-6.73675
-6.73585
-6.73364
-6.73238
-6.73111
-6.72951
-6.72757
-6.72463
-6.72234
-6.72101
-6.71935
-6.71735
-6.71502
-6.71398
-6.71261
-6.71091
-6.70715
-6.70575
-6.70401
-6.70227
-6.70116
-6.6994
-6.69732
-6.69522
-6.69344
-6.69052
-6.68872
-6.68659
-6.68543
-6.68265
-6.68083
-6.67933
-6.6775
-6.67567
-6.67199
-6.66983
-6.66798
-6.66613
-6.66332
-6.66115
-6.65963
-6.65746
-6.65497
-6.65098
-6.64916
-6.64734
-6.64553
-6.64438
-6.64291
-6.64178
-6.64034
-6.63859
-6.63514
-6.63311
-6.63111
-6.62944
-6.62779
-6.62616
-6.62456
-6.62233
-6.62078
-6.61741
-6.61561
-6.61351
-6.61209
-6.61103
-6.60967
-6.60931
-6.60833
-6.60674
-6.60527
-6.6041
-6.60263
-6.60119
-6.60012
-6.59972
-6.59806
-6.59708
-6.59645
-6.59432
-6.59313
-6.59165
-6.59085
-6.58975
-6.589
-6.58796
-6.58759
-6.58757
-6.58534
-6.58476
-6.58451
-6.58462
-6.58443
-6.58426
-6.58379
-6.58334
-6.58324
-6.58182
-6.58115
-6.5805
-6.58052
-6.58025
-6.58
-6.57945
-6.57957
-6.58038
-6.58046
-6.58103
-6.58163
-6.58194
-6.58131
-6.58168
-6.58145
-6.58157
-6.58141
-6.5812
-6.58116
-6.58149
-6.58153
-6.58292
-6.58305
-6.58388
-6.58442
-6.58534
-6.587
-6.58839
-6.58918
-6.59002
-6.59123
-6.59184
-6.59185
-6.59321
-6.59365
-6.59566
-6.59689
-6.59786
-6.59919
-6.60058
-6.60233
-6.6038
-6.60467
-6.60656
-6.61015
-6.6112
-6.61229
-6.61472
-6.61751
-6.61904
-6.62125
-6.62286
-6.62417
-6.62754
-6.62959
-6.63102
-6.63313
-6.63558
-6.63838
-6.64056
-6.64242
-6.64399
-6.64813
-6.64974
-6.65233
-6.65525
-6.65786
-6.6595
-6.66179
-6.66474
-6.66736
-6.67259
-6.67487
-6.67649
-6.67843
-6.681
-6.68323
-6.68577
-6.68797
-6.69015
-6.69443
-6.69685
-6.69859
-6.70096
-6.70231
-6.7046
-6.70653
-6.7081
-6.70994
-6.71448
-6.71587
-6.71753
-6.71882
-6.72038
-6.72189
-6.72399
-6.7257
-6.72671
-6.72888
-6.72938
-6.73015
-6.73149
-6.73245
-6.73302
-6.73385
-6.73461
-6.73563
-6.73682
-6.73763
-6.73839
-6.73875
-6.73872
-6.73895
-6.73878
-6.73888
-6.73924
-6.73783
-6.73832
-6.73811
-6.73783
-6.73782
-6.7371
-6.7373
-6.73679
-6.73623
-6.73527
-6.7339
-6.73377
-6.73295
-6.73208
-6.73117
-6.73021
-6.7292
-6.72848
-6.72594
-6.72444
-6.72356
-6.72166
-6.71973
-6.71842
-6.71707
-6.71568
-6.71362
-6.71199
-6.71015
-6.70862
-6.70706
-6.70547
-6.70353
-6.70189
-6.70023
-6.69822
-6.69478
-6.69239
-6.69094
-6.68915
-6.68766
-6.68519
-6.68237
-6.68083
-6.67928
-6.6758
-6.67322
-6.67128
-6.66867
-6.6667
-6.66472
-6.6624
-6.66039
-6.65837
-6.65429
-6.65256
-6.65083
-6.64973
-6.64766
-6.64525
-6.64317
-6.64075
-6.63769
-6.6335
-6.6314
-6.62963
-6.62657
-6.62449
-6.62306
-6.62132
-6.61927
-6.61658
-6.61318
-6.61151
-6.60954
-6.60759
-6.6047
-6.60183
-6.59965
-6.59782
-6.59538
-6.59223
-6.59088
-6.58926
-6.58768
-6.58551
-6.58403
-6.58294
-6.58223
-6.58029
-6.57822
-6.57713
-6.57611
-6.57581
-6.57494
-6.57447
-6.57408
-6.5741
-6.57323
-6.57238
-6.57209
-6.5722
-6.5724
-6.57204
-6.57241
-6.57286
-6.57341
-6.57501
-6.57491
-6.57514
-6.57545
-6.5765
-6.57729
-6.57816
-6.57878
-6.57915
-6.58023
-6.5826
-6.58388
-6.58521
-6.58628
-6.58772
-6.58889
-6.59043
-6.59234
-6.59364
-6.597
-6.59872
-6.60079
-6.60257
-6.60436
-6.60649
-6.60928
-6.6111
-6.61261
-6.61692
-6.61875
-6.62025
-6.62206
-6.62321
-6.62596
-6.62805
-6.63011
-6.63215
-6.63613
-6.6384
-6.63999
-6.64187
-6.64338
-6.64517
-6.64627
-6.64667
-6.64736
-6.64922
-6.6504
-6.65218
-6.65292
-6.65394
-6.65458
-6.65548
-6.65601
-6.65712
-6.6595
-6.66044
-6.66165
-6.66118
-6.66163
-6.66235
-6.66269
-6.6646
-6.66516
-6.66581
-6.66557
-6.6656
-6.66592
-6.66554
-6.66544
-6.6653
-6.66511
-6.66522
-6.66434
-6.66369
-6.66334
-6.66263
-6.66222
-6.66179
-6.66101
-6.66118
-6.66036
-6.65901
-6.65847
-6.6576
-6.65704
-6.65647
-6.65558
-6.65499
-6.65505
-6.65479
-6.65521
-6.65462
-6.65369
-6.65309
-6.65282
-6.65189
-6.65129
-6.65068
-6.6504
-6.64918
-6.6489
-6.64828
-6.64734
-6.6464
-6.6461
-6.64547
-6.64418
-6.64321
-6.64158
-6.64059
-6.64087
-6.6405
-6.63979
-6.63907
-6.63865
-6.63788
-6.63613
-6.6345
-6.63365
-6.6331
-6.6322
-6.63094
-6.62999
-6.62932
-6.62895
-6.6279
-6.62537
-6.62421
-6.62301
-6.62145
-6.62017
-6.61853
-6.61716
-6.61609
-6.61432
-6.61065
-6.6094
-6.60811
-6.60612
-6.6041
-6.60267
-6.60153
-6.60034
-6.59847
-6.5946
-6.59261
-6.59058
-6.58852
-6.58642
-6.58429
-6.5818
-6.57962
-6.57708
-6.57292
-6.57065
-6.56901
-6.56672
-6.56378
-6.56115
-6.55853
-6.55623
-6.55297
-6.54811
-6.54586
-6.54235
-6.54016
-6.53735
-6.53555
-6.53379
-6.53272
-6.53073
-6.52691
-6.52477
-6.52269
-6.52069
-6.51876
-6.51755
-6.5161
-6.51505
-6.51345
-6.51149
-6.51049
-6.50959
-6.5088
-6.50811
-6.50687
-6.50639
-6.50538
-6.50512
-6.50431
-6.50407
-6.50395
-6.50426
-6.50437
-6.50557
-6.50623
-6.50732
-6.50853
-6.51095
-6.51216
-6.51445
-6.51522
-6.51739
-6.51901
-6.52072
-6.52187
-6.52409
-6.5278
-6.53026
-6.53247
-6.53443
-6.53645
-6.53951
-6.54231
-6.54516
-6.54708
-6.55237
-6.55475
-6.55813
-6.56122
-6.56498
-6.5678
-6.57063
-6.57347
-6.576
-6.58171
-6.58489
-6.58806
-6.59123
-6.59374
-6.59752
-6.59968
-6.60213
-6.60489
-6.6113
-6.61398
-6.61695
-6.61956
-6.62213
-6.62403
-6.62685
-6.629
-6.6311
-6.63519
-6.6375
-6.64106
-6.64394
-6.64548
-6.6473
-6.64941
-6.6505
-6.65253
-6.65647
-6.65871
-6.65993
-6.66178
-6.66488
-6.66568
-6.6671
-6.66881
-6.6705
-6.6741
-6.6757
-6.67728
-6.67916
-6.68036
-6.68187
-6.68369
-6.68515
-6.68628
-6.68848
-6.68988
-6.69127
-6.69264
-6.69432
-6.69632
-6.69765
-6.69962
-6.70126
-6.70386
-6.70579
-6.70674
-6.70865
-6.71022
-6.71211
-6.71302
-6.71424
-6.71545
-6.7188
-6.71998
-6.72114
-6.72261
-6.72374
-6.72454
-6.72564
-6.72673
-6.7278
-6.72956
-6.73057
-6.73188
-6.73252
-6.73444
-6.73536
-6.73658
-6.7368
-6.73764
-6.73859
-6.73967
-6.74006
-6.74075
-6.74141
-6.7417
-6.74164
-6.74251
-6.74269
-6.74424
-6.7443
-6.74497
-6.74528
-6.74586
-6.74576
-6.74593
-6.74638
-6.74549
-6.74584
-6.74611
-6.74569
-6.74618
-6.74469
-6.74412
-6.74415
-6.74414
-6.74408
-6.74284
-6.74199
-6.74174
-6.74145
-6.7411
-6.74007
-6.73964
-6.73884
-6.73799
-6.73618
-6.73521
-6.73387
-6.7325
-6.73109
-6.72965
-6.72881
-6.72795
-6.72705
-6.72452
-6.72289
-6.72058
-6.71955
-6.71817
-6.71644
-6.71469
-6.71292
-6.71211
-6.70915
-6.70732
-6.70582
-6.70398
-6.70213
-6.70029
-6.69812
-6.69724
-6.69539
-6.69268
-6.69085
-6.68935
-6.68754
-6.68606
-6.68459
-6.68218
-6.68042
-6.67901
-6.67624
-6.67489
-6.67324
-6.67129
-6.67001
-6.66941
-6.66852
-6.66765
-6.66746
-6.66556
-6.66449
-6.66378
-6.66245
-6.66115
-6.65956
-6.65865
-6.65745
-6.65693
-6.65565
-6.65522
-6.65417
-6.65347
-6.65248
-6.65184
-6.65123
-6.65031
-6.64975
-6.64772
-6.64787
-6.64772
-6.64759
-6.64715
-6.64737
-6.64696
-6.64625
-6.64554
-6.64546
-6.64544
-6.64509
-6.64476
-6.64442
-6.64442
-6.64409
-6.64345
-6.64183
-6.64086
-6.64053
-6.63955
-6.63889
-6.6379
-6.63788
-6.6372
-6.63684
-6.63711
-6.63697
-6.63688
-6.63646
-6.63635
-6.6359
-6.63446
-6.63398
-6.63348
-6.63297
-6.63222
-6.63165
-6.63107
-6.63047
-6.62985
-6.62986
-6.6292
-6.62788
-6.62719
-6.62543
-6.62469
-6.62425
-6.62315
-6.623
-6.62219
-6.62137
-6.62053
-6.62
-6.61857
-6.61768
-6.61613
-6.61522
-6.61333
-6.61273
-6.61245
-6.61087
-6.60961
-6.60806
-6.60776
-6.60651
-6.60525
-6.60465
-6.60309
-6.60283
-6.60258
-6.6017
-6.60127
-6.60141
-6.60124
-6.60044
-6.59967
-6.59891
-6.59818
-6.59748
-6.59616
-6.59424
-6.59365
-6.59374
-6.59289
-6.5924
-6.59161
-6.59054
-6.59144
-6.59044
-6.58854
-6.58829
-6.58841
-6.5879
-6.58808
-6.58863
-6.58791
-6.58787
-6.58885
-6.58928
-6.58971
-6.58952
-6.5897
-6.58959
-6.58983
-6.59011
-6.59042
-6.59044
-6.59188
-6.59298
-6.59346
-6.59398
-6.59357
-6.59514
-6.59642
-6.59741
-6.59747
-6.59901
-6.59984
-6.60071
-6.60163
-6.60194
-6.60262
-6.60334
-6.60475
-6.60524
-6.60766
-6.60894
-6.61026
-6.61163
-6.61336
-6.61482
-6.61697
-6.61819
-6.61978
-6.62308
-6.62415
-6.62557
-6.628
-6.63047
-6.63264
-6.63451
-6.63641
-6.63833
-6.64221
-6.6445
-6.6468
-6.64845
-6.65042
-6.65207
-6.65371
-6.65535
-6.65696
-6.66112
-6.66332
-6.66518
-6.667
-6.66911
-6.67119
-6.67226
-6.6736
-6.67491
-6.67833
-6.68013
-6.68122
-6.6829
-6.6842
-6.68543
-6.68595
-6.68738
-6.68808
-6.68994
-6.69044
-6.69151
-6.69252
-6.69312
-6.693
-6.69345
-6.69415
-6.69445
-6.69482
-6.69489
-6.69488
-6.69512
-6.69594
-6.69538
-6.6954
-6.6947
-6.69393
-6.69346
-6.69216
-6.69143
-6.69063
-6.68944
-6.68883
-6.68784
-6.68614
-6.6847
-6.68198
-6.68006
-6.67937
-6.67832
-6.67721
-6.67671
-6.67488
-6.673
-6.67141
-6.66749
-6.6658
-6.66442
-6.66301
-6.66028
-6.65787
-6.65609
-6.65462
-6.65283
-6.64761
-6.64582
-6.64402
-6.64159
-6.64047
-6.63806
-6.63599
-6.63427
-6.63354
-6.63023
-6.62862
-6.62704
-6.62485
-6.62335
-6.62221
-6.62047
-6.61942
-6.61842
-6.61625
-6.61605
-6.61559
-6.61453
-6.61322
-6.61196
-6.61108
-6.61124
-6.61049
-6.60886
-6.6083
-6.60814
-6.60771
-6.60735
-6.60738
-6.60716
-6.60668
-6.60691
-6.60597
-6.60511
-6.60497
-6.6049
-6.60586
-6.60656
-6.60733
-6.60784
-6.60906
-6.60911
-6.61084
-6.61102
-6.61222
-6.61316
-6.61415
-6.61519
-6.61564
-6.61647
-6.61859
-6.61988
-6.62122
-6.62293
-6.62403
-6.62517
-6.62668
-6.62822
-6.63012
-6.63369
-6.63536
-6.63706
-6.63845
-6.64019
-6.64163
-6.64471
-6.64553
-6.64734
-6.65132
-6.65381
-6.65533
-6.65718
-6.65904
-6.66122
-6.66178
-6.66363
-6.6658
-6.67012
-6.67195
-6.67408
-6.67588
-6.67702
-6.67976
-6.68152
-6.68293
-6.68497
-6.68834
-6.69031
-6.69227
-6.69387
-6.69577
-6.69733
-6.69886
-6.70068
-6.70281
-6.70601
-6.70709
-6.70879
-6.70981
-6.71114
-6.71211
-6.71404
-6.71496
-6.71619
-6.71824
-6.7194
-6.72086
-6.72197
-6.72338
-6.72412
-6.72581
-6.72619
-6.72719
-6.72753
-6.72815
-6.72908
-6.72934
-6.7299
-6.73076
-6.73161
-6.73275
-6.73387
-6.73475
-6.73612
-6.73747
-6.73814
-6.73912
-6.74006
-6.74032
-6.74056
-6.74075
-6.74071
-6.74145
-6.74246
-6.74246
-6.74274
-6.74329
-6.74348
-6.7436
-6.744
-6.74398
-6.74323
-6.74372
-6.74381
-6.74352
-6.74283
-6.74239
-6.74155
-6.74129
-6.73924
-6.73874
-6.73783
-6.73685
-6.73643
-6.7343
-6.73306
-6.73109
-6.72968
-6.72595
-6.72428
-6.72285
-6.72132
-6.71939
-6.7177
-6.71495
-6.71309
-6.7105
-6.70508
-6.70192
-6.69967
-6.69734
-6.6943
-6.69119
-6.68769
-6.6851
-6.68277
-6.6773
-6.67417
-6.67163
-6.66937
-6.66578
-6.66248
-6.65914
-6.6561
-6.65303
-6.6478
-6.64436
-6.64025
-6.63679
-6.63397
-6.63115
-6.62769
-6.62489
-6.62049
-6.61302
-6.60933
-6.60598
-6.60299
-6.59971
-6.59582
-6.5923
-6.58914
-6.58635
-6.57965
-6.57638
-6.57349
-6.57164
-6.56855
-6.56554
-6.56227
-6.56005
-6.55856
-6.55354
-6.55131
-6.54917
-6.54743
-6.54611
-6.54424
-6.54245
-6.54108
-6.53948
-6.53623
-6.53492
-6.5337
-6.53194
-6.53092
-6.53
-6.52886
-6.5275
-6.52722
-6.5263
-6.52599
-6.52578
-6.52567
-6.52631
-6.5264
-6.52691
-6.52719
-6.52789
-6.52957
-6.5299
-6.53032
-6.53083
-6.53175
-6.53307
-6.53383
-6.53402
-6.5359
-6.53826
-6.54004
-6.54122
-6.5428
-6.54475
-6.54644
-6.54817
-6.54963
-6.55146
-6.55522
-6.55716
-6.55847
-6.56046
-6.56214
-6.56449
-6.5662
-6.56857
-6.57127
-6.57505
-6.57709
-6.57912
-6.58114
-6.58314
-6.58512
-6.58675
-6.58867
-6.59089
-6.59425
-6.59635
-6.59809
-6.59979
-6.60111
-6.60271
-6.60393
-6.6051
-6.60621
-6.60891
-6.61049
-6.61169
-6.61282
-6.61422
-6.61522
-6.61617
-6.6164
-6.61722
-6.61866
-6.61864
-6.61953
-6.61939
-6.61983
-6.61989
-6.61957
-6.61984
-6.61973
-6.62066
-6.6204
-6.62009
-6.61876
-6.61837
-6.61826
-6.61811
-6.61792
-6.61738
-6.61718
-6.61752
-6.61719
-6.61749
-6.61745
-6.61739
-6.61765
-6.61757
-6.61813
-6.61698
-6.61657
-6.61617
-6.61545
-6.61473
-6.61403
-6.61335
-6.61334
-6.6127
-6.61246
-6.61254
-6.61298
-6.61313
-6.61267
-6.61192
-6.61153
-6.61151
-6.61185
-6.61203
-6.61187
-6.6124
-6.61266
-6.61331
-6.61367
-6.61313
-6.61328
-6.61414
-6.61571
-6.61706
-6.6162
-6.61703
-6.61823
-6.61917
-6.62016
-6.62089
-6.62296
-6.62501
-6.62595
-6.62759
-6.62929
-6.63102
-6.63313
-6.63496
-6.63619
-6.6381
-6.64075
-6.64212
-6.64385
-6.64594
-6.64805
-6.64986
-6.65234
-6.65387
-6.65575
-6.65889
-6.66113
-6.66369
-6.66497
-6.66722
-6.67011
-6.67268
-6.67459
-6.67617
-6.68091
-6.68342
-6.68494
-6.68677
-6.68889
-6.69067
-6.69275
-6.6948
-6.69617
-6.69946
-6.70138
-6.70295
-6.70448
-6.70564
-6.70742
-6.70883
-6.7102
-6.71153
-6.7131
-6.7143
-6.71546
-6.71659
-6.71734
-6.7187
-6.72003
-6.72033
-6.72092
-6.72262
-6.72309
-6.72513
-6.7255
-6.72649
-6.72679
-6.72704
-6.72758
-6.72841
-6.72994
-6.73065
-6.73164
-6.73195
-6.73222
-6.73246
-6.73266
-6.73218
-6.73263
-6.73312
-6.73314
-6.73346
-6.73309
-6.73269
-6.73257
-6.73209
-6.73094
-6.73104
-6.7292
-6.72854
-6.72786
-6.72746
-6.72702
-6.72655
-6.72637
-6.72679
-6.72654
-6.72494
-6.72522
-6.72481
-6.72372
-6.72291
-6.72239
-6.72119
-6.71994
-6.71899
-6.71632
-6.71525
-6.71447
-6.71301
-6.71119
-6.7103
-6.70907
-6.70747
-6.70617
-6.70478
-6.70307
-6.70134
-6.70023
-6.69813
-6.6973
-6.69613
-6.69526
-6.69341
-6.69097
-6.68941
-6.68784
-6.6866
-6.6847
-6.68281
-6.68124
-6.67967
-6.67843
-6.67438
-6.6719
-6.6704
-6.66924
-6.66811
-6.66668
-6.66494
-6.66292
-6.66092
-6.65799
-6.65707
-6.65586
-6.65436
-6.65355
-6.65213
-6.65043
-6.6491
-6.64782
-6.64635
-6.64618
-6.6454
-6.64499
-6.64398
-6.64301
-6.64209
-6.64154
-6.64136
-6.64047
-6.64041
-6.64104
-6.64106
-6.64015
-6.63992
-6.63972
-6.63956
-6.64007
-6.64052
-6.64014
-6.63977
-6.64039
-6.64102
-6.64135
-6.64038
-6.64105
-6.64107
-6.64015
-6.64082
-6.64051
-6.63987
-6.63954
-6.63985
-6.6395
-6.63913
-6.63938
-6.63983
-6.64033
-6.64017
-6.64094
-6.64072
-6.64046
-6.64017
-6.63984
-6.63916
-6.63801
-6.6382
-6.63705
-6.63652
-6.6366
-6.63568
-6.63473
-6.63374
-6.6324
-6.63027
-6.62883
-6.6277
-6.62686
-6.62633
-6.62577
-6.62488
-6.62364
-6.62271
-6.62049
-6.62018
-6.61922
-6.61793
-6.61729
-6.61568
-6.61473
-6.61412
-6.6132
-6.61172
-6.61085
-6.61066
-6.60984
-6.60873
-6.60765
-6.60628
-6.60528
-6.60496
-6.60446
-6.60364
-6.60253
-6.60181
-6.60178
-6.60149
-6.60126
-6.60108
-6.60096
-6.60092
-6.60068
-6.6005
-6.60039
-6.60067
-6.60103
-6.60113
-6.6013
-6.6022
-6.60387
-6.60433
-6.60552
-6.6071
-6.60778
-6.60853
-6.61032
-6.61153
-6.61249
-6.61559
-6.61772
-6.61927
-6.6212
-6.62255
-6.62429
-6.62576
-6.62728
-6.62854
-6.63218
-6.63456
-6.63699
-6.63913
-6.64132
-6.64354
-6.64483
-6.64712
-6.64944
-6.65351
-6.6559
-6.65767
-6.66043
-6.6632
-6.66533
-6.66812
-6.67091
-6.67403
-6.67929
-6.68176
-6.68453
-6.68697
-6.68972
-6.69213
-6.69419
-6.69656
-6.69889
-6.70381
-6.70605
-6.70859
-6.71076
-6.71386
-6.71628
-6.718
-6.72
-6.72227
-6.72568
-6.72779
-6.72951
-6.73149
-6.73277
-6.73365
-6.73512
-6.73651
-6.73848
-6.74122
-6.74199
-6.743
-6.74329
-6.74446
-6.74522
-6.74655
-6.74681
-6.74699
-6.74675
-6.74633
-6.74646
-6.74683
-6.74678
-6.74631
-6.7451
-6.74445
-6.74434
-6.7429
-6.74187
-6.74108
-6.74019
-6.73889
-6.73718
-6.73635
-6.73511
-6.73379
-6.73026
-6.72871
-6.72708
-6.7257
-6.72426
-6.72243
-6.72119
-6.72021
-6.71757
-6.71311
-6.71065
-6.70913
-6.70693
-6.7047
-6.70245
-6.70017
-6.69788
-6.6959
-6.69031
-6.68767
-6.68504
-6.68274
-6.68079
-6.67852
-6.67628
-6.67406
-6.67252
-6.66792
-6.66552
-6.6638
-6.66181
-6.66019
-6.65733
-6.65485
-6.65372
-6.65233
-6.65006
-6.64886
-6.64773
-6.6457
-6.64407
-6.64316
-6.642
-6.64125
-6.64025
-6.63913
-6.63838
-6.63835
-6.63777
-6.63857
-6.63752
-6.63753
-6.63697
-6.63716
-6.63619
-6.636
-6.63656
-6.63688
-6.63729
-6.6378
-6.63807
-6.6381
-6.6392
-6.64134
-6.6427
-6.64317
-6.64535
-6.64664
-6.64833
-6.64978
-6.6513
-6.65289
-6.65661
-6.6584
-6.65961
-6.6612
-6.66285
-6.66488
-6.66695
-6.66906
-6.67122
-6.67596
-6.67919
-6.6818
-6.68377
-6.68674
-6.68907
-6.69109
-6.69343
-6.69577
-6.70076
-6.70339
-6.70569
-6.70828
-6.71117
-6.71371
-6.71654
-6.719
-6.7211
-6.72548
-6.72775
-6.72997
-6.73213
-6.73391
-6.7353
-6.73597
-6.73722
-6.73808
-6.74086
-6.74214
-6.74365
-6.74444
-6.74547
-6.74641
-6.74791
-6.74932
-6.74967
-6.75075
-6.75083
-6.7505
-6.75104
-6.75117
-6.75185
-6.7518
-6.75133
-6.75108
-6.75064
-6.74947
-6.74918
-6.74848
-6.74769
-6.74617
-6.7452
-6.74416
-6.7427
-6.74083
-6.73977
-6.73864
-6.73678
-6.73517
-6.73382
-6.73206
-6.72991
-6.72769
-6.72273
-6.72096
-6.71913
-6.71692
-6.71432
-6.71167
-6.70994
-6.70718
-6.70437
-6.69925
-6.69661
-6.69394
-6.69122
-6.68845
-6.68565
-6.68281
-6.67993
-6.67572
-6.66947
-6.66646
-6.66342
-6.661
-6.6579
-6.65446
-6.65164
-6.64847
-6.64464
-6.63724
-6.63335
-6.62977
-6.62618
-6.62323
-6.6193
-6.61632
-6.6127
-6.61005
-6.60376
-6.60046
-6.59652
-6.59387
-6.59027
-6.58766
-6.58441
-6.58054
-6.57733
-6.571
-6.56853
-6.56545
-6.56241
-6.55876
-6.55613
-6.55355
-6.55103
-6.54792
-6.54285
-6.54091
-6.53807
-6.53562
-6.53326
-6.53098
-6.5291
-6.52666
-6.52464
-6.52121
-6.51914
-6.51783
-6.51629
-6.51485
-6.51319
-6.51228
-6.51082
-6.50946
-6.509
-6.50827
-6.50796
-6.50743
-6.50731
-6.50729
-6.50703
-6.50653
-6.50645
-6.50652
-6.50634
-6.50624
-6.50652
-6.50688
-6.50696
-6.50743
-6.50699
-6.50756
-6.50917
-6.50987
-6.5106
-6.51169
-6.51184
-6.51298
-6.51382
-6.51468
-6.51555
-6.51603
-6.51725
-6.51783
-6.51873
-6.51898
-6.51923
-6.52012
-6.52101
-6.52221
-6.52425
-6.52509
-6.52657
-6.52674
-6.52754
-6.52801
-6.52878
-6.52955
-6.53062
-6.53241
-6.53345
-6.53546
-6.53648
-6.53751
-6.53885
-6.53954
-6.54056
-6.54093
-6.54201
-6.54337
-6.54378
-6.5442
-6.54528
-6.54638
-6.54783
-6.54866
-6.54952
-6.55099
-6.55259
-6.5539
-6.55493
-6.55567
-6.55678
-6.55761
-6.5588
-6.56037
-6.56299
-6.56372
-6.56579
-6.56727
-6.56846
-6.57035
-6.57131
-6.57296
-6.57465
-6.57685
-6.57929
-6.5808
-6.58265
-6.58421
-6.58643
-6.58867
-6.59027
-6.59188
-6.59447
-6.59673
-6.59833
-6.59959
-6.60149
-6.60368
-6.60455
-6.60572
-6.60717
-6.61124
-6.61288
-6.61413
-6.61566
-6.61712
-6.61851
-6.62048
-6.62141
-6.62227
-6.62407
-6.62501
-6.62587
-6.62697
-6.62766
-6.62793
-6.62845
-6.62921
-6.62988
-6.63063
-6.63104
-6.63072
-6.63161
-6.63112
-6.63056
-6.63057
-6.63017
-6.62938
-6.62856
-6.62756
-6.62715
-6.62604
-6.62649
-6.62593
-6.625
-6.62467
-6.62333
-6.62023
-6.6188
-6.61703
-6.61589
-6.61441
-6.61325
-6.61208
-6.61092
-6.60977
-6.60815
-6.60639
-6.60499
-6.60492
-6.60358
-6.60261
-6.60169
-6.60081
-6.59999
-6.60014
-6.59854
-6.5983
-6.59781
-6.59707
-6.59707
-6.59682
-6.59538
-6.59531
-6.59613
-6.59636
-6.59637
-6.59713
-6.59735
-6.59768
-6.59843
-6.5993
-6.60027
-6.60384
-6.60546
-6.60655
-6.60774
-6.60872
-6.61013
-6.61196
-6.6139
-6.61594
-6.62096
-6.62296
-6.62538
-6.62788
-6.63079
-6.63378
-6.63651
-6.63965
-6.64188
-6.6475
-6.65087
-6.65398
-6.65647
-6.65998
-6.66287
-6.66547
-6.66905
-6.67169
-6.67925
-6.68223
-6.68552
-6.6888
-6.69272
-6.69629
-6.69887
-6.70207
-6.70555
-6.71142
-6.71444
-6.71708
-6.71999
-6.72316
-6.72594
-6.72898
-6.73129
-6.73385
-6.73839
-6.7407
-6.74389
-6.74666
-6.74902
-6.75096
-6.75313
-6.75487
-6.75587
-6.75982
-6.76051
-6.76175
-6.76353
-6.76424
-6.76517
-6.76631
-6.76735
-6.76797
-6.76922
-6.76986
-6.77039
-6.77019
-6.77021
-6.77111
-6.77127
-6.7707
-6.77165
-6.77106
-6.77113
-6.77112
-6.77007
-6.76959
-6.76873
-6.76812
-6.76681
-6.76544
-6.76448
-6.76361
-6.76204
-6.76043
-6.75975
-6.75807
-6.75701
-6.75624
-6.7548
-6.75121
-6.74972
-6.74821
-6.7467
-6.74582
-6.7443
-6.74278
-6.74127
-6.73976
-6.73579
-6.73496
-6.73317
-6.73205
-6.73095
-6.72987
-6.72882
-6.72714
-6.72548
-6.72226
-6.72167
-6.71949
-6.71831
-6.71685
-6.71574
-6.71434
-6.71232
-6.71132
-6.70843
-6.70753
-6.70634
-6.70583
-6.70503
-6.70427
-6.70386
-6.70316
-6.70282
-6.70158
-6.70101
-6.70015
-6.69996
-6.6985
-6.69804
-6.69696
-6.69623
-6.6965
-6.69516
-6.69517
-6.69552
-6.69525
-6.695
-6.69508
-6.69453
-6.69432
-6.69413
-6.69313
-6.69329
-6.69314
-6.69333
-6.69255
-6.69209
-6.69262
-6.69218
-6.69174
-6.69151
-6.69107
-6.69128
-6.69116
-6.69104
-6.69124
-6.69143
-6.69097
-6.69083
-6.69051
-6.69033
-6.69015
-6.6893
-6.68843
-6.68853
-6.68795
-6.68769
-6.68805
-6.68806
-6.6877
-6.68732
-6.68692
-6.68584
-6.68603
-6.68521
-6.68437
-6.68316
-6.68066
-6.67968
-6.67866
-6.67792
-6.6765
-6.676
-6.67515
-6.67457
-6.67362
-6.67159
-6.67051
-6.66937
-6.66884
-6.66729
-6.66602
-6.66502
-6.66397
-6.66222
-6.65923
-6.65766
-6.65604
-6.65437
-6.65232
-6.65088
-6.64939
-6.64753
-6.6453
-6.64104
-6.63835
-6.63628
-6.63385
-6.6317
-6.62919
-6.62729
-6.62472
-6.62245
-6.61749
-6.61482
-6.6118
-6.6091
-6.6067
-6.6043
-6.60124
-6.5985
-6.59641
-6.59125
-6.58917
-6.58743
-6.58473
-6.58269
-6.58003
-6.57836
-6.57543
-6.57317
-6.56843
-6.56693
-6.56515
-6.56276
-6.56042
-6.55878
-6.55687
-6.55502
-6.55289
-6.54981
-6.54885
-6.54763
-6.54617
-6.54542
-6.54377
-6.54285
-6.54136
-6.54092
-6.53835
-6.53752
-6.53644
-6.5361
-6.5352
-6.53471
-6.53463
-6.53399
-6.53345
-6.53295
-6.53333
-6.53315
-6.53403
-6.53468
-6.53542
-6.53528
-6.53588
-6.53657
-6.53788
-6.53915
-6.54018
-6.54097
-6.54216
-6.54343
-6.5451
-6.54717
-6.54866
-6.55152
-6.55418
-6.55593
-6.55806
-6.55959
-6.56118
-6.56313
-6.56512
-6.56715
-6.57164
-6.57377
-6.57689
-6.57874
-6.5806
-6.58247
-6.58468
-6.58689
-6.5891
-6.59383
-6.5957
-6.59788
-6.60037
-6.60252
-6.60497
-6.60836
-6.61076
-6.61249
-6.61681
-6.61908
-6.62131
-6.62319
-6.62502
-6.62585
-6.62728
-6.62867
-6.63067
-6.63356
-6.6351
-6.63595
-6.63773
-6.6385
-6.64052
-6.64185
-6.64314
-6.64406
-6.64644
-6.64757
-6.64898
-6.65036
-6.65138
-6.65333
-6.65331
-6.65455
-6.65511
-6.65744
-6.65856
-6.65933
-6.65974
-6.66078
-6.66179
-6.66245
-6.66308
-6.66434
-6.66582
-6.66507
-6.66591
-6.66641
-6.66625
-6.66736
-6.6678
-6.66789
-6.66829
-6.66773
-6.66741
-6.66805
-6.66867
-6.66926
-6.66886
-6.66941
-6.6693
-6.67013
-6.67044
-6.67088
-6.67097
-6.67104
-6.67109
-6.67144
-6.67274
-6.67304
-6.673
-6.67284
-6.67306
-6.67292
-6.67212
-6.67195
-6.67143
-6.67089
-6.67098
-6.67008
-6.66986
-6.66924
-6.66892
-6.66892
-6.66857
-6.66822
-6.66753
-6.66715
-6.66645
-6.66501
-6.66493
-6.66485
-6.6638
-6.66307
-6.66266
-6.66128
-6.66023
-6.65918
-6.65774
-6.65638
-6.65665
-6.65627
-6.65622
-6.65521
-6.6542
-6.65353
-6.65286
-6.65154
-6.65121
-6.65057
-6.65091
-6.6506
-6.65063
-6.65001
-6.64973
-6.6501
-6.64955
-6.64895
-6.64901
-6.64842
-6.6475
-6.64756
-6.64762
-6.64703
-6.64644
-6.64655
-6.64596
-6.64536
-6.64573
-6.64545
-6.64484
-6.64391
-6.64394
-6.64332
-6.64304
-6.64241
-6.6421
-6.64211
-6.64179
-6.64148
-6.64116
-6.64052
-6.64053
-6.63926
-6.63864
-6.63802
-6.63805
-6.6381
-6.63718
-6.63756
-6.63797
-6.63741
-6.63731
-6.63776
-6.63759
-6.63744
-6.6373
-6.63719
-6.63742
-6.63735
-6.6373
-6.63727
-6.63729
-6.6367
-6.63645
-6.63655
-6.637
-6.63651
-6.63701
-6.63786
-6.63899
-6.6396
-6.64022
-6.64152
-6.64155
-6.64192
-6.64231
-6.64272
-6.6425
-6.64374
-6.64421
-6.6447
-6.64585
-6.64701
-6.64752
-6.64935
-6.64989
-6.6501
-6.65216
-6.65303
-6.65325
-6.65379
-6.654
-6.6542
-6.6544
-6.65491
-6.65475
-6.65474
-6.65551
-6.65562
-6.6557
-6.65609
-6.6558
-6.65614
-6.65645
-6.6564
-6.65718
-6.65703
-6.65684
-6.65694
-6.65667
-6.65701
-6.65795
-6.65787
-6.65743
-6.65865
-6.65838
-6.65741
-6.65735
-6.65692
-6.65643
-6.6562
-6.6556
-6.65558
-6.65473
-6.65357
-6.65235
-6.65139
-6.6507
-6.64996
-6.64883
-6.64797
-6.64705
-6.64603
-6.64495
-6.6435
-6.64135
-6.6398
-6.63853
-6.63656
-6.63521
-6.63317
-6.62962
-6.6278
-6.62595
-6.62439
-6.62249
-6.62025
-6.61895
-6.61667
-6.6147
-6.60977
-6.60746
-6.60548
-6.60349
-6.60119
-6.59922
-6.59628
-6.59531
-6.5937
-6.5899
-6.58802
-6.58618
-6.585
-6.58223
-6.58015
-6.57841
-6.57671
-6.57536
-6.57278
-6.57122
-6.56969
-6.56821
-6.56676
-6.56535
-6.56398
-6.56265
-6.56202
-6.5599
-6.55777
-6.55665
-6.55623
-6.5552
-6.55421
-6.55359
-6.55204
-6.55118
-6.5499
-6.54916
-6.54878
-6.5478
-6.54718
-6.5466
-6.54573
-6.54555
-6.54541
-6.5449
-6.54454
-6.54389
-6.5436
-6.54366
-6.54311
-6.54291
-6.54274
-6.54325
-6.54306
-6.54301
-6.54298
-6.5433
-6.54364
-6.54368
-6.5431
-6.54351
-6.5433
-6.54391
-6.54409
-6.54428
-6.54481
-6.54472
-6.54432
-6.54427
-6.54423
-6.54453
-6.5452
-6.54524
-6.54562
-6.5457
-6.5458
-6.54592
-6.54671
-6.5472
-6.54771
-6.54882
-6.55006
-6.551
-6.55133
-6.55201
-6.55272
-6.55346
-6.55391
-6.55407
-6.55676
-6.55704
-6.558
-6.55933
-6.56005
-6.56146
-6.5626
-6.56442
-6.56597
-6.56856
-6.56993
-6.57103
-6.57218
-6.57402
-6.5756
-6.57723
-6.57956
-6.5813
-6.58461
-6.58652
-6.58881
-6.58985
-6.59128
-6.59407
-6.59562
-6.59821
-6.60053
-6.60567
-6.60784
-6.61008
-6.6127
-6.61571
-6.61845
-6.62191
-6.62414
-6.6274
-6.63347
-6.63693
-6.64045
-6.64372
-6.64672
-6.65011
-6.65421
-6.6574
-6.66162
-6.66929
-6.67305
-6.67718
-6.68105
-6.68497
-6.68894
-6.69231
-6.69605
-6.70015
-6.7075
-6.71172
-6.7166
-6.72087
-6.72482
-6.72912
-6.73342
-6.73741
-6.74236
-6.75193
-6.75589
-6.76014
-6.7647
-6.76955
-6.77437
-6.77817
-6.78161
-6.78629
-6.79418
-6.79803
-6.80148
-6.80519
-6.80882
-6.81237
-6.81583
-6.81823
-6.8215
-6.82777
-6.83107
-6.8346
-6.83769
-6.84068
-6.84323
-6.84567
-6.84831
-6.85052
-6.8549
-6.85676
-6.85817
-6.85913
-6.86063
-6.86135
-6.86196
-6.86277
-6.86346
-6.86546
-6.86644
-6.86698
-6.86676
-6.86772
-6.86792
-6.86768
-6.86766
-6.86817
-6.86854
-6.86777
-6.86851
-6.86786
-6.8671
-6.86626
-6.86499
-6.86331
-6.86219
-6.86001
-6.86025
-6.85815
-6.85661
-6.85435
-6.85332
-6.85189
-6.8504
-6.84883
-6.84423
-6.84217
-6.84005
-6.83755
-6.83469
-6.83274
-6.83011
-6.82808
-6.82633
-6.82144
-6.81927
-6.81707
-6.8142
-6.81131
-6.80839
-6.80513
-6.80186
-6.79922
-6.79293
-6.79026
-6.78694
-6.78393
-6.78093
-6.77857
-6.7759
-6.7729
-6.7712
-6.76655
-6.76359
-6.76161
-6.75932
-6.75738
-6.75383
-6.7516
-6.74906
-6.74589
-6.74059
-6.73846
-6.73636
-6.73396
-6.73158
-6.72923
-6.7269
-6.72493
-6.72298
-6.71785
-6.71566
-6.71413
-6.71198
-6.70986
-6.70809
-6.70537
-6.70365
-6.70099
-6.69735
-6.69541
-6.69413
-6.69224
-6.69036
-6.68883
-6.687
-6.68486
-6.6821
-6.67825
-6.67651
-6.67447
-6.67309
-6.6714
-6.66908
-6.66645
-6.66416
-6.66253
-6.6593
-6.65802
-6.65676
-6.65551
-6.65329
-6.65141
-6.65018
-6.64929
-6.64775
-6.64406
-6.64255
-6.64104
-6.63922
-6.63772
-6.63656
-6.63508
-6.63393
-6.63246
-6.62955
-6.62681
-6.62602
-6.62426
-6.62284
-6.62175
-6.61969
-6.61862
-6.61723
-6.61545
-6.61409
-6.61274
-6.6114
-6.60976
-6.60845
-6.60715
-6.60555
-6.60429
-6.60084
-6.59995
-6.59844
-6.59759
-6.59675
-6.59497
-6.59385
-6.59211
-6.59136
-6.58863
-6.58697
-6.58598
-6.58664
-6.58537
-6.58478
-6.58324
-6.58237
-6.5812
-6.58022
-6.57912
-6.57837
-6.57797
-6.57661
-6.57658
-6.57624
-6.57561
-6.57499
-6.57317
-6.57229
-6.57143
-6.57059
-6.57106
-6.57059
-6.57012
-6.56903
-6.56925
-6.56942
-6.56872
-6.56901
-6.56834
-6.568
-6.56736
-6.56705
-6.56676
-6.56648
-6.56595
-6.56538
-6.56514
-6.56427
-6.56406
-6.56353
-6.56334
-6.56284
-6.56332
-6.564
-6.56355
-6.56375
-6.56397
-6.56388
-6.5638
-6.56308
-6.5627
-6.56299
-6.56294
-6.56294
-6.56263
-6.56233
-6.56237
-6.56209
-6.56216
-6.56256
-6.56265
-6.56254
-6.56235
-6.56281
-6.56296
-6.56345
-6.56298
-6.56284
-6.56239
-6.56324
-6.56433
-6.56423
-6.56414
-6.56374
-6.56366
-6.5652
-6.56545
-6.56571
-6.56661
-6.56809
-6.56737
-6.56762
-6.56819
-6.56876
-6.569
-6.56858
-6.56881
-6.56903
-6.57009
-6.57028
-6.57111
-6.57161
-6.5721
-6.57226
-6.57208
-6.57254
-6.57201
-6.57321
-6.57362
-6.57403
-6.57379
-6.57386
-6.57327
-6.57365
-6.57403
-6.57505
-6.57514
-6.57583
-6.57587
-6.57592
-6.57629
-6.57634
-6.5764
-6.57647
-6.57686
-6.5764
-6.57716
-6.57729
-6.57711
-6.57727
-6.57777
-6.57798
-6.57723
-6.57748
-6.57805
-6.57838
-6.57874
-6.57912
-6.57954
-6.58032
-6.58113
-6.58197
-6.58253
-6.58278
-6.58312
-6.58382
-6.58424
-6.58502
-6.58584
-6.58734
-6.58791
-6.58885
-6.59181
-6.59318
-6.59427
-6.59508
-6.59625
-6.59745
-6.59967
-6.60063
-6.60195
-6.60437
-6.60612
-6.60694
-6.60843
-6.60996
-6.61152
-6.61278
-6.61407
-6.61604
-6.61908
-6.62047
-6.62222
-6.62398
-6.62577
-6.62791
-6.63006
-6.63157
-6.63311
-6.63686
-6.63875
-6.64065
-6.64353
-6.64544
-6.64704
-6.64863
-6.6499
-6.65182
-6.65499
-6.65657
-6.65781
-6.66002
-6.66222
-6.66473
-6.66626
-6.66744
-6.66893
-6.6725
-6.67458
-6.67631
-6.67737
-6.67937
-6.68135
-6.68297
-6.68457
-6.68581
-6.68851
-6.68965
-6.69076
-6.69215
-6.69319
-6.69451
-6.69644
-6.69736
-6.69824
-6.70053
-6.70129
-6.70234
-6.70334
-6.70495
-6.70555
-6.70643
-6.70791
-6.70742
-6.7089
-6.70925
-6.70988
-6.70982
-6.71036
-6.71087
-6.71101
-6.71111
-6.71182
-6.71181
-6.7124
-6.71263
-6.71314
-6.71296
-6.71339
-6.71282
-6.71253
-6.71285
-6.71177
-6.71134
-6.71153
-6.71135
-6.71082
-6.71091
-6.71
-6.71002
-6.71002
-6.70896
-6.70822
-6.70778
-6.70797
-6.70683
-6.70567
-6.70545
-6.70489
-6.7043
-6.70338
-6.70273
-6.70238
-6.70201
-6.70096
-6.69958
-6.6985
-6.69838
-6.69759
-6.6966
-6.6964
-6.69522
-6.69466
-6.69345
-6.69189
-6.69096
-6.69001
-6.68937
-6.68772
-6.6867
-6.68469
-6.68332
-6.68192
-6.68116
-6.68006
-6.67926
-6.67747
-6.67643
-6.67621
-6.675
-6.67344
-6.67219
-6.67092
-6.66964
-6.66866
-6.66734
-6.66496
-6.66293
-6.66121
-6.65947
-6.65836
-6.65692
-6.65578
-6.65333
-6.65281
-6.65012
-6.64892
-6.64706
-6.64617
-6.64527
-6.64308
-6.6412
-6.63998
-6.63811
-6.6347
-6.63317
-6.63101
-6.6295
-6.62866
-6.62687
-6.62542
-6.62464
-6.62356
-6.6215
-6.61954
-6.61827
-6.61736
-6.61747
-6.61664
-6.61522
-6.61448
-6.61412
-6.61161
-6.61044
-6.60964
-6.60987
-6.60951
-6.60857
-6.608
-6.60846
-6.60802
-6.606
-6.60606
-6.60391
-6.60409
-6.604
-6.60364
-6.60432
-6.6044
-6.60485
-6.60528
-6.60557
-6.60525
-6.60499
-6.60445
-6.60492
-6.60478
-6.60598
-6.60625
-6.60785
-6.60822
-6.60894
-6.60968
-6.61078
-6.61157
-6.61205
-6.61418
-6.61567
-6.6174
-6.61925
-6.62013
-6.62135
-6.62127
-6.62313
-6.62434
-6.62555
-6.62643
-6.62849
-6.62966
-6.63017
-6.63066
-6.63178
-6.63223
-6.63298
-6.63306
-6.63311
-6.63508
-6.63505
-6.63563
-6.63651
-6.63735
-6.63783
-6.63795
-6.63836
-6.63905
-6.64
-6.6409
-6.64078
-6.64063
-6.64043
-6.64052
-6.64056
-6.64121
-6.64117
-6.64161
-6.64144
-6.64122
-6.64161
-6.64099
-6.64065
-6.64059
-6.63985
-6.63906
-6.63769
-6.63679
-6.6365
-6.63617
-6.63548
-6.63475
-6.63431
-6.63352
-6.63334
-6.63095
-6.63003
-6.62811
-6.62714
-6.62679
-6.62512
-6.6244
-6.62301
-6.62225
-6.6197
-6.61856
-6.61741
-6.61592
-6.61538
-6.61387
-6.61267
-6.61179
-6.6109
-6.60879
-6.60725
-6.60571
-6.60417
-6.60328
-6.6024
-6.60185
-6.60066
-6.59949
-6.59717
-6.59604
-6.59525
-6.59415
-6.59339
-6.59266
-6.59163
-6.5903
-6.58964
-6.58842
-6.58753
-6.58667
-6.58519
-6.5844
-6.58332
-6.58228
-6.58128
-6.58032
-6.5782
-6.57737
-6.57691
-6.5765
-6.57678
-6.57615
-6.57524
-6.57503
-6.57487
-6.57441
-6.57475
-6.57483
-6.57529
-6.5755
-6.57512
-6.57514
-6.57554
-6.57634
-6.57717
-6.57851
-6.57992
-6.58043
-6.58232
-6.58331
-6.58437
-6.58647
-6.58768
-6.59
-6.59143
-6.59292
-6.59384
-6.5958
-6.59717
-6.59893
-6.60075
-6.60262
-6.60588
-6.60758
-6.60964
-6.61175
-6.61389
-6.61574
-6.61794
-6.62048
-6.6224
-6.62691
-6.62918
-6.63112
-6.63403
-6.63595
-6.63852
-6.64139
-6.64326
-6.64511
-6.6487
-6.65077
-6.65279
-6.65476
-6.65669
-6.65824
-6.65974
-6.6615
-6.6632
-6.6661
-6.66762
-6.66907
-6.6711
-6.67274
-6.67367
-6.67485
-6.67532
-6.67637
-6.6786
-6.67913
-6.67959
-6.68
-6.68035
-6.68128
-6.68216
-6.68266
-6.68311
-6.68225
-6.68288
-6.68477
-6.68564
-6.68616
-6.68599
-6.68547
-6.68557
-6.68629
-6.68702
-6.68703
-6.68703
-6.68637
-6.68701
-6.68731
-6.68696
-6.68694
-6.68724
-6.68753
-6.6872
-6.68721
-6.68755
-6.68758
-6.68698
-6.68671
-6.68711
-6.68786
-6.68778
-6.68794
-6.68714
-6.68765
-6.68786
-6.6881
-6.68802
-6.68829
-6.68857
-6.69016
-6.69017
-6.69051
-6.69055
-6.69027
-6.69033
-6.69104
-6.69144
-6.69184
-6.69265
-6.69306
-6.69314
-6.69354
-6.69426
-6.69465
-6.69536
-6.69605
-6.69609
-6.69677
-6.69709
-6.69771
-6.69863
-6.70018
-6.70073
-6.70126
-6.70208
-6.70256
-6.70148
-6.70121
-6.70125
-6.70189
-6.70219
-6.70212
-6.703
-6.70352
-6.70239
-6.701
-6.70074
-6.70045
-6.69981
-6.69881
-6.69876
-6.699
-6.69825
-6.69876
-6.69779
-6.69792
-6.69706
-6.69651
-6.69563
-6.69376
-6.69319
-6.69261
-6.69202
-6.69053
-6.68963
-6.68874
-6.68819
-6.68668
-6.68648
-6.68599
-6.68552
-6.6854
-6.68397
-6.68363
-6.68366
-6.68341
-6.68321
-6.68273
-6.68263
-6.68258
-6.68291
-6.68344
-6.68396
-6.68422
-6.68487
-6.6843
-6.68412
-6.68433
-6.68526
-6.68658
-6.68814
-6.68934
-6.68997
-6.69099
-6.69239
-6.69386
-6.69539
-6.69697
-6.69797
-6.69979
-6.70126
-6.70343
-6.70433
-6.70592
-6.70787
-6.70952
-6.71087
-6.71289
-6.716
-6.71676
-6.71849
-6.7199
-6.72163
-6.72399
-6.72472
-6.72705
-6.72871
-6.73227
-6.73383
-6.73503
-6.73651
-6.73795
-6.73836
-6.7397
-6.74097
-6.74251
-6.7441
-6.74544
-6.74574
-6.74694
-6.74806
-6.74879
-6.74944
-6.75033
-6.75114
-6.75156
-6.75213
-6.7523
-6.75207
-6.75207
-6.75264
-6.75248
-6.75192
-6.75159
-6.75136
-6.75047
-6.75016
-6.74976
-6.74897
-6.74777
-6.74683
-6.74614
-6.74506
-6.74334
-6.74206
-6.74039
-6.73866
-6.7372
-6.73568
-6.7341
-6.73344
-6.73177
-6.72828
-6.72615
-6.72333
-6.72112
-6.71921
-6.71791
-6.71658
-6.71458
-6.71288
-6.70877
-6.70572
-6.70331
-6.70121
-6.69879
-6.69669
-6.69426
-6.69281
-6.69071
-6.68591
-6.6845
-6.68278
-6.68012
-6.67844
-6.67614
-6.67387
-6.67163
-6.66974
-6.66605
-6.66491
-6.66381
-6.66177
-6.65945
-6.65782
-6.65655
-6.65532
-6.65348
-6.65057
-6.6495
-6.64783
-6.64716
-6.64654
-6.64595
-6.64475
-6.64295
-6.64182
-6.63902
-6.63831
-6.63698
-6.636
-6.63505
-6.63411
-6.63287
-6.63229
-6.63108
-6.62901
-6.62782
-6.62696
-6.62643
-6.62492
-6.6234
-6.62253
-6.62229
-6.62108
-6.61892
-6.61829
-6.61765
-6.61666
-6.615
-6.61363
-6.61191
-6.61081
-6.60967
-6.6073
-6.60638
-6.60412
-6.60248
-6.60144
-6.60068
-6.59924
-6.59776
-6.59623
-6.5937
-6.59205
-6.59068
-6.58831
-6.58687
-6.58474
-6.58323
-6.58168
-6.57978
-6.57461
-6.57328
-6.57129
-6.56895
-6.56725
-6.56521
-6.56316
-6.56112
-6.55907
-6.55499
-6.55297
-6.55064
-6.54865
-6.5467
-6.54444
-6.54352
-6.54166
-6.53985
-6.53604
-6.53405
-6.53212
-6.53188
-6.53072
-6.52899
-6.52766
-6.52608
-6.52523
-6.5228
-6.5222
-6.52169
-6.52094
-6.51996
-6.51907
-6.51925
-6.51855
-6.51827
-6.51766
-6.51831
-6.5184
-6.51859
-6.51887
-6.51891
-6.51937
-6.51992
-6.52121
-6.52242
-6.52429
-6.52526
-6.52664
-6.52842
-6.53028
-6.53189
-6.53389
-6.53531
-6.53965
-6.54095
-6.54295
-6.54436
-6.54615
-6.54799
-6.55053
-6.55247
-6.55381
-6.55759
-6.55938
-6.56185
-6.56403
-6.56624
-6.56751
-6.56945
-6.57207
-6.57438
-6.57809
-6.58013
-6.58283
-6.58522
-6.58632
-6.58969
-6.59209
-6.5945
-6.5969
-6.60137
-6.60311
-6.60646
-6.60948
-6.61184
-6.6145
-6.61683
-6.61881
-6.62141
-6.62494
-6.62748
-6.62934
-6.63183
-6.63331
-6.63573
-6.63748
-6.63984
-6.64217
-6.64574
-6.64764
-6.65015
-6.65165
-6.65311
-6.65486
-6.65689
-6.65889
-6.66052
-6.66334
-6.66551
-6.66699
-6.66908
-6.67049
-6.67154
-6.67353
-6.67452
-6.67612
-6.67923
-6.68075
-6.68191
-6.68337
-6.68416
-6.68557
-6.68696
-6.68704
-6.68936
-6.69138
-6.6927
-6.69271
-6.694
-6.69497
-6.69625
-6.69688
-6.69816
-6.69911
-6.70069
-6.70197
-6.70294
-6.70391
-6.70521
-6.70588
-6.70687
-6.70788
-6.70922
-6.71257
-6.71395
-6.715
-6.71639
-6.71747
-6.71888
-6.71964
-6.72041
-6.72151
-6.72403
-6.72642
-6.72784
-6.7286
-6.72967
-6.73073
-6.73209
-6.73376
-6.73509
-6.73604
-6.73727
-6.73783
-6.73899
-6.73914
-6.7399
-6.74029
-6.74192
-6.74252
-6.74325
-6.74271
-6.74211
-6.74242
-6.74234
-6.74252
-6.74328
-6.74332
-6.74264
-6.74301
-6.74244
-6.74212
-6.74108
-6.74063
-6.73945
-6.73821
-6.73755
-6.73682
-6.73518
-6.73362
-6.73298
-6.73195
-6.73056
-6.72943
-6.72859
-6.72705
-6.72548
-6.72223
-6.72089
-6.71919
-6.71812
-6.71671
-6.71528
-6.71416
-6.71239
-6.71191
-6.70966
-6.70854
-6.70742
-6.706
-6.70458
-6.70286
-6.70083
-6.69979
-6.69877
-6.69713
-6.69522
-6.69398
-6.69309
-6.69125
-6.68978
-6.68833
-6.68723
-6.68552
-6.68381
-6.68284
-6.68125
-6.68066
-6.67913
-6.67828
-6.67777
-6.67794
-6.67749
-6.67568
-6.6753
-6.67558
-6.67556
-6.67459
-6.67396
-6.67238
-6.67211
-6.67153
-6.6704
-6.66985
-6.66867
-6.66814
-6.6673
-6.66647
-6.66597
-6.66548
-6.66403
-6.66407
-6.6633
-6.66318
-6.66241
-6.66263
-6.66254
-6.66212
-6.66204
-6.66197
-6.66121
-6.66019
-6.65919
-6.65884
-6.65819
-6.65819
-6.6582
-6.65822
-6.65793
-6.65739
-6.65714
-6.65657
-6.65635
-6.65582
-6.65562
-6.65545
-6.65561
-6.65578
-6.65553
-6.65575
-6.65599
-6.65591
-6.65617
-6.65677
-6.65707
-6.6577
-6.65704
-6.65707
-6.65743
-6.65779
-6.65784
-6.65758
-6.65797
-6.65772
-6.65781
-6.6579
-6.6581
-6.65918
-6.65961
-6.65972
-6.66016
-6.66028
-6.66007
-6.66019
-6.65998
-6.66021
-6.66032
-6.66076
-6.66054
-6.66
-6.66042
-6.65988
-6.65998
-6.66008
-6.66059
-6.66166
-6.66207
-6.66216
-6.66225
-6.66299
-6.66276
-6.66188
-6.66263
-6.66219
-6.66165
-6.66242
-6.6619
-6.66171
-6.66153
-6.66169
-6.66186
-6.66107
-6.66245
-6.66301
-6.66293
-6.66352
-6.66348
-6.66313
-6.66346
-6.66381
-6.66418
-6.66466
-6.6651
-6.66523
-6.66507
-6.66589
-6.66642
-6.66631
-6.66785
-6.66843
-6.66901
-6.66932
-6.66868
-6.66934
-6.67002
-6.67006
-6.67108
-6.67146
-6.67282
-6.67457
-6.67495
-6.67566
-6.67668
-6.67705
-6.6774
-6.67774
-6.67871
-6.68064
-6.68118
-6.68141
-6.68227
-6.68277
-6.68324
-6.68367
-6.68407
-6.68474
-6.68538
-6.68491
-6.68477
-6.68426
-6.68532
-6.68504
-6.68503
-6.68399
-6.6842
-6.68436
-6.68257
-6.68225
-6.6822
-6.68112
-6.68129
-6.68043
-6.67985
-6.67857
-6.67789
-6.6767
-6.67522
-6.6737
-6.67311
-6.67183
-6.67083
-6.66979
-6.66872
-6.66761
-6.66529
-6.66375
-6.66315
-6.66221
-6.66058
-6.6586
-6.65725
-6.65586
-6.65381
-6.65028
-6.64945
-6.64731
-6.6458
-6.64524
-6.64402
-6.64277
-6.64119
-6.63797
-6.63439
-6.63177
-6.6301
-6.62874
-6.62671
-6.62435
-6.62327
-6.62185
-6.61976
-6.61587
-6.61374
-6.61257
-6.61074
-6.6089
-6.60704
-6.6055
-6.60395
-6.60206
-6.59761
-6.5957
-6.59411
-6.59219
-6.58929
-6.58833
-6.58672
-6.58479
-6.58318
-6.579
-6.57773
-6.57582
-6.57423
-6.57234
-6.57078
-6.56891
-6.56705
-6.56457
-6.56128
-6.55983
-6.55873
-6.55669
-6.55468
-6.55335
-6.55173
-6.54983
-6.54893
-6.54662
-6.5452
-6.54286
-6.54251
-6.54157
-6.54068
-6.53952
-6.53841
-6.53736
-6.53544
-6.53458
-6.53377
-6.53238
-6.53171
-6.5311
-6.53089
-6.53074
-6.53067
-6.53008
-6.52989
-6.5301
-6.53039
-6.53042
-6.5302
-6.52941
-6.52999
-6.53064
-6.5328
-6.53269
-6.53298
-6.53333
-6.53408
-6.53489
-6.53512
-6.53574
-6.53674
-6.53958
-6.54109
-6.54234
-6.54396
-6.54531
-6.54703
-6.54849
-6.54934
-6.55024
-6.55315
-6.55451
-6.55622
-6.55797
-6.56008
-6.5619
-6.56407
-6.56594
-6.5672
-6.56978
-6.57175
-6.57373
-6.57574
-6.57775
-6.58011
-6.5815
-6.58355
-6.58626
-6.59006
-6.59212
-6.59451
-6.5969
-6.59896
-6.60134
-6.60307
-6.60511
-6.60681
-6.61051
-6.61315
-6.61546
-6.61774
-6.62033
-6.62161
-6.62319
-6.62507
-6.62726
-6.63058
-6.63139
-6.63282
-6.6352
-6.6369
-6.63922
-6.64087
-6.64248
-6.64407
-6.64649
-6.6483
-6.6504
-6.65182
-6.65322
-6.6549
-6.65622
-6.65751
-6.6591
-6.66088
-6.66205
-6.66319
-6.66462
-6.6657
-6.66676
-6.66714
-6.66815
-6.66914
-6.6717
-6.67296
-6.67387
-6.6738
-6.67469
-6.67524
-6.67579
-6.67698
-6.67816
-6.6789
-6.67976
-6.68062
-6.6818
-6.68234
-6.68288
-6.68343
-6.68431
-6.68553
-6.68734
-6.68891
-6.6892
-6.69046
-6.69142
-6.6927
-6.69367
-6.69497
-6.69563
-6.69824
-6.69923
-6.70086
-6.70184
-6.70314
-6.7041
-6.70472
-6.70663
-6.70722
-6.70897
-6.70981
-6.71093
-6.71202
-6.71308
-6.71408
-6.71537
-6.71595
-6.71681
-6.71705
-6.71741
-6.7164
-6.71695
-6.71614
-6.71622
-6.71623
-6.71681
-6.71699
-6.71518
-6.7148
-6.71467
-6.71381
-6.71384
-6.71346
-6.71269
-6.71119
-6.71027
-6.70755
-6.70641
-6.70585
-6.70457
-6.70258
-6.70151
-6.70005
-6.69821
-6.69729
-6.69465
-6.69294
-6.69055
-6.68812
-6.68566
-6.68382
-6.68164
-6.67976
-6.67754
-6.67339
-6.67147
-6.66987
-6.66795
-6.66701
-6.66609
-6.6642
-6.66169
-6.66017
-6.65592
-6.65384
-6.65147
-6.65011
-6.64944
-6.64784
-6.64628
-6.64445
-6.64332
-6.64024
-6.63895
-6.63804
-6.63751
-6.63639
-6.63599
-6.63501
-6.63441
-6.63355
-6.63203
-6.63104
-6.63045
-6.62992
-6.62914
-6.6294
-6.62939
-6.62914
-6.62991
-6.62973
-6.62941
-6.63013
-6.63026
-6.63046
-6.63071
-6.63103
-6.6327
-6.63378
-6.63513
-6.63638
-6.63702
-6.63772
-6.63847
-6.63959
-6.64043
-6.64131
-6.64192
-6.64324
-6.64396
-6.64504
-6.64615
-6.64631
-6.64748
-6.64932
-6.65086
-6.6521
-6.65463
-6.65624
-6.65787
-6.65918
-6.66018
-6.66119
-6.66253
-6.66387
-6.66554
-6.66822
-6.66924
-6.66992
-6.67157
-6.67321
-6.67419
-6.67549
-6.67741
-6.67933
-6.6818
-6.683
-6.68418
-6.68566
-6.68614
-6.68692
-6.68831
-6.68935
-6.69036
-6.69226
-6.69347
-6.69465
-6.69546
-6.6959
-6.69662
-6.69729
-6.69792
-6.69881
-6.69884
-6.70055
-6.70091
-6.70025
-6.70082
-6.70101
-6.70113
-6.7012
-6.70087
-6.70068
-6.69983
-6.69957
-6.69859
-6.69884
-6.69805
-6.69751
-6.69723
-6.69656
-6.69435
-6.69283
-6.69188
-6.69086
-6.68913
-6.68765
-6.68644
-6.68484
-6.68447
-6.68129
-6.67977
-6.67755
-6.67625
-6.67458
-6.67285
-6.67076
-6.66862
-6.66742
-6.66425
-6.66229
-6.6603
-6.65828
-6.65592
-6.65387
-6.6518
-6.65004
-6.64762
-6.64311
-6.64102
-6.63797
-6.63558
-6.63451
-6.63281
-6.63081
-6.62916
-6.62723
-6.6238
-6.622
-6.61992
-6.61822
-6.61658
-6.61532
-6.61349
-6.61172
-6.61133
-6.60787
-6.60643
-6.60476
-6.60317
-6.60232
-6.60157
-6.60124
-6.60101
-6.60056
-6.60029
-6.59918
-6.59882
-6.59889
-6.59907
-6.59967
-6.60071
-6.6012
-6.6018
-6.60298
-6.60388
-6.6052
-6.60597
-6.60716
-6.60844
-6.61046
-6.61223
-6.61312
-6.61642
-6.61819
-6.6197
-6.6216
-6.62356
-6.6246
-6.62668
-6.62816
-6.63033
-6.63449
-6.63646
-6.63911
-6.64179
-6.64385
-6.64593
-6.64802
-6.65111
-6.65355
-6.65782
-6.66028
-6.66306
-6.6655
-6.66729
-6.66939
-6.67179
-6.67417
-6.67685
-6.68213
-6.68505
-6.68794
-6.68981
-6.69261
-6.69538
-6.69809
-6.70011
-6.70176
-6.7062
-6.70768
-6.70976
-6.71177
-6.71308
-6.71497
-6.7168
-6.71824
-6.71929
-6.7215
-6.72202
-6.72279
-6.72413
-6.72539
-6.72594
-6.72543
-6.72615
-6.72711
-6.72945
-6.72986
-6.73051
-6.73075
-6.73091
-6.73068
-6.73133
-6.73125
-6.73012
-6.72957
-6.72918
-6.7287
-6.72782
-6.72653
-6.72647
-6.72535
-6.7248
-6.72418
-6.72173
-6.72023
-6.71963
-6.71798
-6.71659
-6.71513
-6.71361
-6.71169
-6.71035
-6.70718
-6.70535
-6.70346
-6.70151
-6.69952
-6.69748
-6.69572
-6.69327
-6.69176
-6.68797
-6.68668
-6.68407
-6.68143
-6.6791
-6.67611
-6.67375
-6.67137
-6.66899
-6.66423
-6.66217
-6.65915
-6.65711
-6.65541
-6.65275
-6.65043
-6.64846
-6.64619
-6.64204
-6.63985
-6.63802
-6.63622
-6.63348
-6.63111
-6.62877
-6.62679
-6.62518
-6.62111
-6.61898
-6.61818
-6.61646
-6.61542
-6.61378
-6.61185
-6.60965
-6.60877
-6.60713
-6.60507
-6.60304
-6.60137
-6.60037
-6.59875
-6.59748
-6.59656
-6.59598
-6.59391
-6.59273
-6.59124
-6.58943
-6.58797
-6.58683
-6.58569
-6.58488
-6.58374
-6.58211
-6.58129
-6.58046
-6.5793
-6.57879
-6.57794
-6.57708
-6.57621
-6.57469
-6.57194
-6.57071
-6.56948
-6.56824
-6.56731
-6.56574
-6.56481
-6.56324
-6.56166
-6.55982
-6.55923
-6.558
-6.55646
-6.55558
-6.55439
-6.55322
-6.55174
-6.54997
-6.54811
-6.54675
-6.54541
-6.54444
-6.5435
-6.54227
-6.54109
-6.54028
-6.53918
-6.53713
-6.53715
-6.53625
-6.53476
-6.53397
-6.53258
-6.53255
-6.53257
-6.53167
-6.53199
-6.53192
-6.53125
-6.53096
-6.53105
-6.5312
-6.5314
-6.53166
-6.53197
-6.53276
-6.53356
-6.53474
-6.535
-6.53531
-6.53632
-6.53804
-6.53884
-6.53969
-6.54187
-6.5432
-6.54361
-6.54504
-6.54555
-6.54708
-6.54867
-6.54966
-6.55135
-6.55358
-6.55477
-6.55569
-6.55699
-6.55833
-6.56005
-6.56149
-6.56363
-6.56549
-6.56934
-6.57069
-6.57273
-6.57481
-6.5766
-6.57843
-6.58095
-6.58318
-6.58511
-6.59004
-6.59271
-6.5954
-6.59779
-6.59987
-6.60261
-6.60504
-6.60748
-6.60992
-6.61352
-6.61564
-6.61776
-6.62019
-6.6226
-6.62402
-6.62608
-6.62875
-6.63107
-6.6353
-6.63784
-6.64067
-6.64248
-6.64424
-6.64627
-6.64858
-6.6505
-6.65172
-6.65558
-6.65725
-6.65884
-6.66102
-6.66247
-6.66385
-6.66514
-6.66636
-6.66782
-6.66952
-6.67041
-6.67153
-6.67193
-6.67256
-6.67408
-6.67455
-6.67526
-6.67556
-6.67656
-6.67694
-6.6766
-6.6765
-6.67632
-6.67607
-6.67608
-6.67537
-6.67525
-6.67351
-6.67256
-6.6709
-6.67114
-6.67003
-6.66954
-6.66868
-6.66746
-6.66685
-6.66557
-6.66457
-6.66355
-6.66285
-6.66214
-6.66143
-6.6604
-6.6597
-6.65835
-6.65604
-6.65474
-6.6538
-6.65289
-6.65234
-6.65085
-6.65004
-6.64928
-6.64889
-6.64727
-6.64702
-6.64619
-6.6454
-6.64403
-6.64337
-6.64374
-6.64482
-6.64435
-6.64456
-6.64396
-6.64375
-6.64425
-6.64546
-6.64544
-6.64549
-6.64593
-6.64642
-6.64759
-6.64892
-6.64965
-6.6501
-6.65191
-6.65312
-6.65469
-6.65632
-6.65733
-6.65817
-6.65897
-6.66011
-6.66128
-6.66182
-6.66271
-6.66393
-6.66517
-6.66706
-6.66892
-6.67017
-6.67141
-6.67232
-6.67354
-6.6741
-6.67528
-6.67709
-6.67757
-6.67975
-6.68143
-6.68275
-6.68338
-6.68462
-6.68548
-6.68597
-6.68673
-6.68809
-6.68998
-6.69149
-6.69131
-6.69302
-6.69336
-6.69364
-6.69288
-6.69335
-6.69342
-6.69336
-6.69322
-6.69301
-6.69208
-6.69107
-6.69097
-6.6908
-6.69056
-6.68993
-6.68781
-6.6873
-6.6864
-6.68544
-6.6841
-6.68269
-6.68123
-6.68003
-6.67878
-6.67678
-6.67505
-6.67394
-6.67213
-6.67061
-6.66873
-6.6665
-6.66488
-6.66389
-6.66086
-6.65948
-6.65777
-6.65605
-6.65401
-6.65391
-6.65155
-6.64952
-6.64783
-6.64481
-6.64284
-6.6409
-6.63996
-6.63841
-6.63721
-6.63573
-6.63494
-6.63322
-6.63059
-6.62871
-6.62752
-6.6264
-6.62534
-6.62466
-6.62373
-6.62253
-6.62173
-6.62097
-6.62069
-6.61951
-6.61905
-6.61866
-6.61833
-6.61775
-6.61756
-6.61711
-6.61704
-6.61677
-6.61688
-6.61737
-6.61791
-6.6185
-6.61913
-6.6198
-6.62019
-6.62139
-6.62154
-6.62204
-6.62159
-6.62245
-6.623
-6.62388
-6.62444
-6.62467
-6.62577
-6.62598
-6.62682
-6.62732
-6.62812
-6.62889
-6.62963
-6.63002
-6.63005
-6.63065
-6.63153
-6.63172
-6.63251
-6.63229
-6.63201
-6.63201
-6.63196
-6.63218
-6.63182
-6.63157
-6.63062
-6.62994
-6.62986
-6.62941
-6.62859
-6.62902
-6.62811
-6.6278
-6.62807
-6.62669
-6.62593
-6.62514
-6.624
-6.62316
-6.62295
-6.62208
-6.62063
-6.61974
-6.61852
-6.61666
-6.61448
-6.61328
-6.61243
-6.61158
-6.61076
-6.60951
-6.60811
-6.60707
-6.60575
-6.60478
-6.60418
-6.60427
-6.60375
-6.60327
-6.60246
-6.60245
-6.60281
-6.6029
-6.60272
-6.60194
-6.60121
-6.6015
-6.60152
-6.60137
-6.60121
-6.60207
-6.60232
-6.60261
-6.60262
-6.60299
-6.60405
-6.60482
-6.60581
-6.60505
-6.60658
-6.60685
-6.60778
-6.60711
-6.60743
-6.60745
-6.60812
-6.60948
-6.61049
-6.6115
-6.61252
-6.61353
-6.61388
-6.61488
-6.61554
-6.61651
-6.6168
-6.61708
-6.61767
-6.61791
-6.61878
-6.6193
-6.62012
-6.62124
-6.62168
-6.62248
-6.62284
-6.62349
-6.62346
-6.62307
-6.62363
-6.62447
-6.62464
-6.62445
-6.62559
-6.62531
-6.62498
-6.62463
-6.62554
-6.62576
-6.62531
-6.62515
-6.62431
-6.62449
-6.62421
-6.62391
-6.62325
-6.62256
-6.62283
-6.62242
-6.62166
-6.62056
-6.61991
-6.62005
-6.6192
-6.61865
-6.61745
-6.61786
-6.61728
-6.61702
-6.61643
-6.61587
-6.6143
-6.61402
-6.61341
-6.61346
-6.61319
-6.6126
-6.61267
-6.61178
-6.61035
-6.60982
-6.60931
-6.60849
-6.60768
-6.60755
-6.60744
-6.60639
-6.60633
-6.6063
-6.606
-6.60509
-6.60518
-6.60531
-6.6045
-6.6047
-6.60461
-6.60455
-6.60455
-6.60396
-6.6047
-6.60483
-6.605
-6.60521
-6.6048
-6.6054
-6.60539
-6.60677
-6.60718
-6.60763
-6.60777
-6.60828
-6.60816
-6.60871
-6.60896
-6.60988
-6.6108
-6.6108
-6.61145
-6.61179
-6.61214
-6.61249
-6.61285
-6.61385
-6.61452
-6.6165
-6.61617
-6.61681
-6.61743
-6.61771
-6.61829
-6.6195
-6.61972
-6.61992
-6.6199
-6.62034
-6.62076
-6.62114
-6.62246
-6.62279
-6.62309
-6.62336
-6.62489
-6.62562
-6.62546
-6.6256
-6.62572
-6.62581
-6.62622
-6.62628
-6.626
-6.62604
-6.62608
-6.62642
-6.62643
-6.62644
-6.62581
-6.62616
-6.62652
-6.62625
-6.62599
-6.62649
-6.62662
-6.62612
-6.6263
-6.62683
-6.62707
-6.62734
-6.62798
-6.62833
-6.62947
-6.62995
-6.63014
-6.63102
-6.63195
-6.63228
-6.63233
-6.63276
-6.63356
-6.63497
-6.6359
-6.63786
-6.63889
-6.63997
-6.64109
-6.64226
-6.64315
-6.64473
-6.64801
-6.64841
-6.64982
-6.6516
-6.65438
-6.6559
-6.65778
-6.65904
-6.66066
-6.66398
-6.66567
-6.6674
-6.66882
-6.6709
-6.67237
-6.67417
-6.67631
-6.6788
-6.68252
-6.68407
-6.68596
-6.68722
-6.68978
-6.6917
-6.69362
-6.69556
-6.69717
-6.70106
-6.70301
-6.70399
-6.70594
-6.70789
-6.70952
-6.71082
-6.71243
-6.71502
-6.71887
-6.72078
-6.72172
-6.72362
-6.7255
-6.72738
-6.72924
-6.73109
-6.73292
-6.73686
-6.73929
-6.74042
-6.74185
-6.74391
-6.74562
-6.74797
-6.74965
-6.75228
-6.7562
-6.75878
-6.76037
-6.76194
-6.76349
-6.76503
-6.76654
-6.76868
-6.76952
-6.7721
-6.77354
-6.77431
-6.77572
-6.77679
-6.77752
-6.77922
-6.7809
-6.78225
-6.78591
-6.7879
-6.78858
-6.79023
-6.7909
-6.79255
-6.79387
-6.79454
-6.79651
-6.79915
-6.8008
-6.80181
-6.80217
-6.8035
-6.80452
-6.80553
-6.80687
-6.80821
-6.81025
-6.81159
-6.8126
-6.81394
-6.81527
-6.81692
-6.81889
-6.8202
-6.82183
-6.82473
-6.82633
-6.82791
-6.82915
-6.8294
-6.83027
-6.83113
-6.83293
-6.83471
-6.83687
-6.83823
-6.83955
-6.84051
-6.84142
-6.84294
-6.84345
-6.84358
-6.84269
-6.84431
-6.84488
-6.84538
-6.84581
-6.84618
-6.84551
-6.84542
-6.84589
-6.84597
-6.84589
-6.84573
-6.84483
-6.84385
-6.84311
-6.8426
-6.84167
-6.84033
-6.83987
-6.8393
-6.83854
-6.83736
-6.83673
-6.83534
-6.83385
-6.83258
-6.83024
-6.82747
-6.82322
-6.82207
-6.82017
-6.81848
-6.81668
-6.81349
-6.81083
-6.80905
-6.80586
-6.79917
-6.79664
-6.79337
-6.78999
-6.78716
-6.78295
-6.77929
-6.77554
-6.7717
-6.7631
-6.759
-6.7545
-6.75025
-6.7456
-6.74153
-6.73739
-6.73286
-6.72762
-6.71795
-6.71352
-6.70871
-6.70321
-6.69865
-6.69405
-6.68942
-6.6854
-6.68007
-6.67
-6.66592
-6.66087
-6.65613
-6.65075
-6.6457
-6.64066
-6.63629
-6.63128
-6.622
-6.61643
-6.61156
-6.6064
-6.60128
-6.5959
-6.59121
-6.58627
-6.58204
-6.57183
-6.56717
-6.56258
-6.55872
-6.55463
-6.55062
-6.54606
-6.54192
-6.53853
-6.53107
-6.52799
-6.52469
-6.52215
-6.51875
-6.51579
-6.51294
-6.51054
-6.50761
-6.50406
-6.50149
-6.49969
-6.49802
-6.49614
-6.49374
-6.49211
-6.49093
-6.48954
-6.48713
-6.4861
-6.48486
-6.48343
-6.4834
-6.48251
-6.48239
-6.48173
-6.4815
-6.48168
-6.48176
-6.48195
-6.48255
-6.48325
-6.48371
-6.48394
-6.48458
-6.48562
-6.48633
-6.48761
-6.48831
-6.48939
-6.49054
-6.49207
-6.49333
-6.49433
-6.49504
-6.49757
-6.49873
-6.50025
-6.50179
-6.50303
-6.50462
-6.50654
-6.50816
-6.5101
-6.51334
-6.51528
-6.51689
-6.51816
-6.52006
-6.52194
-6.52315
-6.52498
-6.52678
-6.52963
-6.53131
-6.53263
-6.53391
-6.53545
-6.53695
-6.53774
-6.53848
-6.53948
-6.54065
-6.54146
-6.54189
-6.54289
-6.54286
-6.5434
-6.5442
-6.54396
-6.54527
-6.54542
-6.54589
-6.54693
-6.54661
-6.54688
-6.54676
-6.54626
-6.54603
-6.54541
-6.54598
-6.54554
-6.54506
-6.54421
-6.54366
-6.54339
-6.54277
-6.54246
-6.54212
-6.54044
-6.5391
-6.53873
-6.53772
-6.53639
-6.53637
-6.5354
-6.5351
-6.53482
-6.53371
-6.53289
-6.53243
-6.53235
-6.53199
-6.53136
-6.53112
-6.53126
-6.53115
-6.53111
-6.53153
-6.53105
-6.53129
-6.53226
-6.53233
-6.53313
-6.53401
-6.53529
-6.53648
-6.53768
-6.53896
-6.53999
-6.54078
-6.54198
-6.54357
-6.54459
-6.54634
-6.54842
-6.55006
-6.55111
-6.55288
-6.55503
-6.55724
-6.55952
-6.56153
-6.56391
-6.56819
-6.57007
-6.57297
-6.57624
-6.5789
-6.58159
-6.58432
-6.58644
-6.58955
-6.59489
-6.59743
-6.59967
-6.60224
-6.60516
-6.60809
-6.6107
-6.61365
-6.61629
-6.62125
-6.62455
-6.62818
-6.63083
-6.63381
-6.63647
-6.63879
-6.64079
-6.64311
-6.64935
-6.65165
-6.65524
-6.6572
-6.65915
-6.66109
-6.66238
-6.66527
-6.66719
-6.67162
-6.67414
-6.67696
-6.67912
-6.68191
-6.68469
-6.68744
-6.69018
-6.69225
-6.6973
-6.69897
-6.70095
-6.70355
-6.70612
-6.70833
-6.70955
-6.71106
-6.71318
-6.71701
-6.71935
-6.72101
-6.72296
-6.72486
-6.72705
-6.72886
-6.73096
-6.73269
-6.73666
-6.73824
-6.73848
-6.7403
-6.74174
-6.74345
-6.74543
-6.74671
-6.74794
-6.75154
-6.75261
-6.75427
-6.75652
-6.75742
-6.75762
-6.75841
-6.75915
-6.7595
-6.76036
-6.76086
-6.76067
-6.76138
-6.7614
-6.76071
-6.76061
-6.76046
-6.76122
-6.76127
-6.76089
-6.76045
-6.76027
-6.76004
-6.75975
-6.75875
-6.75801
-6.75819
-6.75838
-6.75839
-6.75705
-6.75629
-6.75516
-6.75461
-6.75336
-6.75237
-6.75196
-6.75001
-6.74813
-6.74588
-6.74421
-6.74281
-6.74135
-6.73951
-6.7376
-6.73661
-6.73284
-6.72973
-6.72819
-6.72659
-6.72461
-6.72322
-6.72113
-6.71867
-6.7155
-6.71096
-6.70861
-6.70654
-6.70441
-6.70192
-6.69905
-6.69647
-6.69384
-6.69148
-6.68601
-6.68354
-6.68072
-6.6785
-6.67593
-6.67301
-6.67006
-6.66741
-6.66506
-6.65834
-6.6556
-6.6535
-6.65105
-6.64828
-6.64452
-6.6414
-6.63827
-6.63515
-6.62921
-6.62641
-6.6233
-6.62019
-6.61742
-6.61402
-6.61031
-6.60728
-6.60362
-6.59799
-6.5941
-6.59024
-6.58772
-6.58556
-6.58247
-6.57944
-6.57645
-6.57417
-6.56947
-6.56705
-6.56502
-6.56275
-6.56055
-6.55875
-6.55671
-6.55444
-6.55193
-6.54785
-6.54628
-6.54481
-6.54345
-6.5422
-6.54041
-6.53971
-6.5388
-6.53801
-6.53581
-6.53538
-6.53507
-6.53456
-6.5345
-6.53455
-6.53473
-6.53503
-6.53545
-6.53665
-6.5371
-6.53831
-6.53898
-6.54106
-6.54226
-6.54357
-6.54562
-6.54679
-6.54973
-6.55115
-6.55298
-6.55553
-6.5575
-6.5592
-6.56129
-6.56342
-6.56528
-6.56944
-6.57141
-6.57373
-6.57575
-6.57811
-6.5808
-6.58319
-6.58557
-6.58828
-6.59271
-6.59506
-6.59773
-6.5994
-6.60235
-6.60494
-6.60718
-6.60972
-6.61124
-6.61481
-6.61621
-6.6182
-6.61983
-6.62237
-6.62487
-6.62569
-6.62775
-6.62911
-6.63328
-6.63479
-6.63657
-6.63764
-6.63962
-6.64219
-6.64341
-6.64458
-6.64537
-6.64645
-6.64772
-6.6483
-6.64947
-6.65092
-6.65136
-6.65239
-6.65307
-6.65338
-6.65422
-6.65475
-6.65493
-6.65477
-6.65587
-6.65566
-6.65575
-6.65648
-6.65655
-6.6573
-6.65767
-6.65934
-6.66003
-6.66073
-6.66176
-6.66182
-6.66254
-6.66262
-6.66316
-6.66329
-6.66376
-6.66425
-6.66411
-6.66496
-6.66519
-6.66576
-6.66668
-6.66793
-6.6686
-6.66895
-6.66901
-6.67006
-6.67081
-6.67222
-6.67301
-6.67381
-6.67548
-6.67634
-6.67754
-6.67875
-6.67965
-6.67991
-6.68149
-6.68242
-6.68336
-6.68494
-6.68623
-6.68752
-6.68849
-6.68881
-6.69076
-6.69141
-6.69206
-6.69271
-6.69497
-6.69496
-6.69527
-6.6959
-6.69717
-6.69811
-6.69904
-6.69963
-6.70055
-6.70233
-6.70354
-6.7044
-6.70493
-6.70545
-6.70628
-6.7071
-6.70725
-6.70803
-6.7102
-6.71094
-6.71166
-6.71269
-6.7137
-6.71437
-6.71406
-6.7147
-6.71564
-6.71651
-6.71676
-6.71764
-6.71786
-6.71773
-6.71856
-6.71905
-6.7192
-6.71966
-6.72149
-6.72191
-6.7223
-6.72269
-6.72306
-6.72374
-6.72409
-6.72475
-6.72539
-6.726
-6.72629
-6.72689
-6.72684
-6.72645
-6.72638
-6.72662
-6.72621
-6.72612
-6.72622
-6.72643
-6.7263
-6.72648
-6.72698
-6.72715
-6.72667
-6.72747
-6.72729
-6.72885
-6.7293
-6.72942
-6.72952
-6.72929
-6.72905
-6.72945
-6.72952
-6.72957
-6.72933
-6.73065
-6.73098
-6.73066
-6.73066
-6.73064
-6.73061
-6.73089
-6.73085
-6.73039
-6.72999
-6.72991
-6.72982
-6.72972
-6.72993
-6.73014
-6.73035
-6.73054
-6.73028
-6.73014
-6.72902
-6.72856
-6.72713
-6.72699
-6.72718
-6.72705
-6.72693
-6.72735
-6.72725
-6.72781
-6.72806
-6.72831
-6.72826
-6.72887
-6.72852
-6.72851
-6.72822
-6.72859
-6.72963
-6.7294
-6.7295
-6.73028
-6.73011
-6.73028
-6.73046
-6.72961
-6.7305
-6.73044
-6.7304
-6.73135
-6.73231
-6.73295
-6.73297
-6.73299
-6.73499
-6.73535
-6.73571
-6.73704
-6.7374
-6.7371
-6.73776
-6.73808
-6.73871
-6.73991
-6.73951
-6.73973
-6.73959
-6.74007
-6.74116
-6.74124
-6.74128
-6.74128
-6.74179
-6.741
-6.74048
-6.74088
-6.74025
-6.73924
-6.73883
-6.73868
-6.73847
-6.73754
-6.73651
-6.73573
-6.73458
-6.73337
-6.7321
-6.73045
-6.72971
-6.7286
-6.72687
-6.72529
-6.72463
-6.72263
-6.72189
-6.72013
-6.71899
-6.71749
-6.71531
-6.71282
-6.71154
-6.7096
-6.70797
-6.70665
-6.70467
-6.70301
-6.702
-6.70035
-6.69738
-6.69608
-6.69447
-6.6932
-6.69131
-6.69009
-6.68792
-6.68612
-6.68467
-6.68317
-6.68151
-6.68022
-6.6793
-6.67777
-6.67661
-6.67519
-6.6751
-6.67475
-6.6726
-6.67209
-6.67067
-6.66963
-6.66897
-6.66902
-6.66784
-6.66607
-6.66565
-6.66501
-6.66477
-6.6646
-6.66481
-6.66476
-6.66443
-6.66449
-6.66428
-6.66445
-6.66398
-6.66431
-6.66469
-6.66447
-6.66494
-6.66383
-6.66375
-6.66434
-6.66466
-6.66571
-6.66677
-6.6672
-6.66799
-6.66911
-6.67058
-6.67175
-6.67292
-6.67378
-6.67616
-6.6767
-6.67756
-6.67841
-6.67892
-6.67975
-6.6799
-6.68004
-6.68079
-6.68285
-6.68383
-6.68541
-6.68597
-6.68616
-6.68629
-6.6867
-6.68542
-6.68537
-6.68637
-6.68611
-6.68642
-6.68633
-6.68583
-6.68556
-6.68553
-6.68541
-6.68488
-6.68383
-6.68267
-6.68206
-6.68134
-6.67988
-6.67927
-6.67791
-6.67547
-6.6739
-6.67009
-6.66819
-6.66649
-6.66372
-6.66116
-6.65849
-6.65604
-6.65315
-6.65049
-6.64549
-6.64188
-6.63849
-6.63533
-6.63144
-6.62875
-6.62469
-6.6212
-6.61731
-6.61029
-6.60718
-6.60336
-6.59885
-6.59461
-6.59065
-6.58667
-6.582
-6.57828
-6.57048
-6.56608
-6.56169
-6.55762
-6.5539
-6.54922
-6.54554
-6.54124
-6.53731
-6.52957
-6.52579
-6.52174
-6.51807
-6.51448
-6.51096
-6.50784
-6.50448
-6.50088
-6.49494
-6.49163
-6.48874
-6.48628
-6.48328
-6.48135
-6.47825
-6.47557
-6.47398
-6.46953
-6.46764
-6.46586
-6.4642
-6.46202
-6.46059
-6.45928
-6.45842
-6.45767
-6.4562
-6.45547
-6.45519
-6.45469
-6.45463
-6.45436
-6.4542
-6.4535
-6.45355
-6.45399
-6.45436
-6.45483
-6.4554
-6.4564
-6.45781
-6.45868
-6.45898
-6.46003
-6.4611
-6.46307
-6.46447
-6.4653
-6.46654
-6.46817
-6.46989
-6.47167
-6.47353
-6.47807
-6.48012
-6.48222
-6.4847
-6.4869
-6.48915
-6.49048
-6.49282
-6.49487
-6.50005
-6.50252
-6.50501
-6.50719
-6.51003
-6.51192
-6.51413
-6.51667
-6.51856
-6.52457
-6.52675
-6.52891
-6.53137
-6.5338
-6.53652
-6.53856
-6.54023
-6.54217
-6.54688
-6.54931
-6.55168
-6.55236
-6.55427
-6.55642
-6.55882
-6.56049
-6.56207
-6.56561
-6.56724
-6.56844
-6.56986
-6.57118
-6.57174
-6.57316
-6.57415
-6.5747
-6.57512
-6.57531
-6.57505
-6.57468
-6.5745
-6.57453
-6.57411
-6.57357
-6.5729
-6.57153
-6.57115
-6.56969
-6.5681
-6.56672
-6.56491
-6.56332
-6.56161
-6.55981
-6.55655
-6.55414
-6.55197
-6.55036
-6.54836
-6.54629
-6.54447
-6.5426
-6.54003
-6.53412
-6.53144
-6.52873
-6.52633
-6.52392
-6.52054
-6.51781
-6.51477
-6.51239
-6.50709
-6.50482
-6.50228
-6.50011
-6.49769
-6.49502
-6.49307
-6.49056
-6.48815
-6.48491
-6.4828
-6.48113
-6.47958
-6.47816
-6.47687
-6.47571
-6.47437
-6.47414
-6.47251
-6.4724
-6.4718
-6.47136
-6.4714
-6.47192
-6.47228
-6.47249
-6.47317
-6.47504
-6.47686
-6.47788
-6.47906
-6.48071
-6.48253
-6.48418
-6.48598
-6.48794
-6.49263
-6.496
-6.49918
-6.50218
-6.50532
-6.50891
-6.51199
-6.51583
-6.52012
-6.52806
-6.5317
-6.53577
-6.53961
-6.54419
-6.54853
-6.5536
-6.55809
-6.56265
-6.57163
-6.57669
-6.58179
-6.58629
-6.59083
-6.59637
-6.60194
-6.60688
-6.61183
-6.62144
-6.62641
-6.63137
-6.636
-6.64094
-6.64619
-6.65141
-6.65563
-6.65983
-6.67004
-6.67444
-6.67911
-6.68374
-6.68863
-6.69315
-6.69793
-6.702
-6.70601
-6.71479
-6.71924
-6.72264
-6.72597
-6.72922
-6.73336
-6.73775
-6.74109
-6.74499
-6.75158
-6.75523
-6.7588
-6.76228
-6.76535
-6.76834
-6.77092
-6.77342
-6.77615
-6.7804
-6.78289
-6.78529
-6.78762
-6.79018
-6.79235
-6.79508
-6.79709
-6.79902
-6.80234
-6.80437
-6.80601
-6.80758
-6.8094
-6.81149
-6.81286
-6.81449
-6.81639
-6.81806
-6.81881
-6.81983
-6.8208
-6.82236
-6.8229
-6.82404
-6.82513
-6.82553
-6.82815
-6.82908
-6.82996
-6.82984
-6.83001
-6.83078
-6.83152
-6.83223
-6.83258
-6.83351
-6.83311
-6.83302
-6.83256
-6.83273
-6.83319
-6.8333
-6.83305
-6.83407
-6.83506
-6.83567
-6.8356
-6.83615
-6.83505
-6.83458
-6.83503
-6.83449
-6.83359
-6.83299
-6.83296
-6.83225
-6.83215
-6.83137
-6.83153
-6.831
-6.82946
-6.8295
-6.82849
-6.82777
-6.82732
-6.82651
-6.82566
-6.82444
-6.82382
-6.82219
-6.82117
-6.81964
-6.81881
-6.81729
-6.81573
-6.81412
-6.81215
-6.81046
-6.80873
-6.80631
-6.80361
-6.80171
-6.79978
-6.79813
-6.79579
-6.79407
-6.79263
-6.79181
-6.7903
-6.78687
-6.78365
-6.78169
-6.77906
-6.77705
-6.77469
-6.77263
-6.77055
-6.76909
-6.7661
-6.76393
-6.76206
-6.7605
-6.75892
-6.75668
-6.7541
-6.7515
-6.74986
-6.74396
-6.74164
-6.73931
-6.73665
-6.73365
-6.73162
-6.72958
-6.72753
-6.72515
-6.72038
-6.71798
-6.71525
-6.71284
-6.71042
-6.708
-6.70524
-6.70313
-6.70036
-6.69449
-6.69203
-6.68956
-6.68644
-6.68429
-6.68149
-6.679
-6.67715
-6.67433
-6.66931
-6.66679
-6.66426
-6.66206
-6.6592
-6.65602
-6.65347
-6.65028
-6.6474
-6.64326
-6.6407
-6.63846
-6.6359
-6.63333
-6.6311
-6.62853
-6.62533
-6.62278
-6.61768
-6.61514
-6.61294
-6.61042
-6.60824
-6.60671
-6.60424
-6.60146
-6.59999
-6.5952
-6.59283
-6.58985
-6.5882
-6.58626
-6.58436
-6.58217
-6.58003
-6.57825
-6.57387
-6.5729
-6.57037
-6.56855
-6.56646
-6.56509
-6.56379
-6.56191
-6.56043
-6.55674
-6.55453
-6.55306
-6.552
-6.552
-6.5508
-6.551
-6.55032
-6.54942
-6.54858
-6.54832
-6.54784
-6.54812
-6.54883
-6.54901
-6.55092
-6.55133
-6.55185
-6.5529
-6.55376
-6.55409
-6.55486
-6.55606
-6.55704
-6.55846
-6.56064
-6.56227
-6.56553
-6.56714
-6.5695
-6.57163
-6.57353
-6.57648
-6.57887
-6.58199
-6.58453
-6.58984
-6.59258
-6.59507
-6.59792
-6.60083
-6.60345
-6.60677
-6.60914
-6.61219
-6.61804
-6.62147
-6.62459
-6.62803
-6.63082
-6.63392
-6.63637
-6.63847
-6.64249
-6.64817
-6.65145
-6.65435
-6.65688
-6.65936
-6.66211
-6.66544
-6.66806
-6.66996
-6.67354
-6.67586
-6.67842
-6.68057
-6.68296
-6.68332
-6.68391
-6.68505
-6.68641
-6.68948
-6.69118
-6.69181
-6.69297
-6.69403
-6.69497
-6.69645
-6.69718
-6.69876
-6.69966
-6.69994
-6.69946
-6.69952
-6.69915
-6.69932
-6.69906
-6.69869
-6.69758
-6.696
-6.6949
-6.6937
-6.69273
-6.69231
-6.69212
-6.69056
-6.68923
-6.68847
-6.68509
-6.6841
-6.68208
-6.68096
-6.67913
-6.67756
-6.67562
-6.67461
-6.67258
-6.66742
-6.66561
-6.66279
-6.65995
-6.65742
-6.6552
-6.65329
-6.65073
-6.64881
-6.64402
-6.64212
-6.64024
-6.63741
-6.63524
-6.63278
-6.63067
-6.62827
-6.62687
-6.62322
-6.62195
-6.6191
-6.61726
-6.61483
-6.61278
-6.61044
-6.60882
-6.60756
-6.60425
-6.60316
-6.60148
-6.60051
-6.59927
-6.59808
-6.59663
-6.59556
-6.5952
-6.59271
-6.59252
-6.59142
-6.59167
-6.59134
-6.59008
-6.58986
-6.5897
-6.58991
-6.58986
-6.5896
-6.58907
-6.58924
-6.58881
-6.58812
-6.58748
-6.58754
-6.58733
-6.58835
-6.58893
-6.58891
-6.5896
-6.59
-6.59045
-6.59094
-6.59148
-6.59141
-6.59205
-6.59275
-6.59316
-6.59425
-6.59569
-6.59652
-6.5977
-6.59826
-6.59917
-6.60106
-6.60236
-6.60368
-6.60469
-6.60571
-6.60739
-6.60909
-6.61014
-6.6112
-6.61302
-6.6141
-6.61486
-6.61594
-6.61573
-6.61778
-6.61822
-6.61995
-6.62038
-6.62254
-6.62361
-6.62468
-6.62575
-6.62682
-6.62885
-6.63056
-6.63129
-6.63267
-6.63509
-6.63711
-6.63816
-6.63889
-6.63961
-6.63969
-6.64074
-6.64212
-6.64285
-6.64691
-6.64829
-6.64936
-6.65042
-6.65116
-6.65223
-6.65363
-6.65438
-6.65513
-6.65729
-6.65869
-6.6601
-6.66119
-6.6626
-6.66336
-6.66444
-6.66552
-6.66627
-6.66873
-6.66979
-6.67051
-6.67122
-6.67224
-6.67324
-6.67391
-6.67456
-6.67552
-6.67736
-6.67857
-6.67943
-6.68027
-6.68139
-6.68248
-6.68354
-6.68424
-6.68491
-6.6858
-6.68635
-6.68685
-6.6886
-6.68966
-6.6897
-6.6897
-6.68996
-6.68986
-6.69046
-6.6902
-6.69021
-6.69048
-6.69005
-6.68989
-6.68968
-6.6894
-6.68908
-6.68826
-6.68809
-6.68755
-6.6863
-6.68566
-6.68496
-6.68357
-6.6831
-6.68291
-6.68014
-6.6795
-6.67818
-6.67715
-6.67576
-6.67402
-6.67322
-6.6724
-6.67092
-6.66821
-6.66701
-6.66709
-6.66588
-6.66531
-6.6641
-6.66289
-6.66073
-6.65987
-6.65788
-6.65709
-6.65632
-6.65493
-6.65422
-6.65291
-6.65195
-6.6504
-6.65018
-6.64861
-6.6479
-6.64758
-6.64731
-6.64646
-6.646
-6.6456
-6.64462
-6.64371
-6.64339
-6.64301
-6.64368
-6.64376
-6.64456
-6.64543
-6.64637
-6.64609
-6.64684
-6.64823
-6.64885
-6.64986
-6.65061
-6.65174
-6.65293
-6.65449
-6.65513
-6.65679
-6.65927
-6.66074
-6.66224
-6.66345
-6.66501
-6.66628
-6.66725
-6.66824
-6.6699
-6.67358
-6.67462
-6.67632
-6.67802
-6.67907
-6.68012
-6.68116
-6.68252
-6.68386
-6.68651
-6.68812
-6.68939
-6.69063
-6.69185
-6.69337
-6.69421
-6.69567
-6.69677
-6.69983
-6.70114
-6.70209
-6.70364
-6.70386
-6.70501
-6.70579
-6.70523
-6.7056
-6.70654
-6.70613
-6.70665
-6.7068
-6.70594
-6.706
-6.70635
-6.70569
-6.70628
-6.70571
-6.7052
-6.70562
-6.70504
-6.70538
-6.70472
-6.70467
-6.70457
-6.70444
-6.70472
-6.70448
-6.7042
-6.70389
-6.70257
-6.70219
-6.7034
-6.70262
-6.70214
-6.70106
-6.69982
-6.69952
-6.69821
-6.69751
-6.69774
-6.69729
-6.69648
-6.69563
-6.69348
-6.69284
-6.69248
-6.6911
-6.69131
-6.68986
-6.68901
-6.68812
-6.68686
-6.68422
-6.68316
-6.68174
-6.68027
-6.67875
-6.67655
-6.6743
-6.67298
-6.6713
-6.66845
-6.66631
-6.66479
-6.6629
-6.66162
-6.65934
-6.65766
-6.65628
-6.65389
-6.64967
-6.64719
-6.64501
-6.64248
-6.64058
-6.63865
-6.6367
-6.63442
-6.63147
-6.62651
-6.62385
-6.6215
-6.61721
-6.61486
-6.6125
-6.61015
-6.60779
-6.60512
-6.59945
-6.59712
-6.59512
-6.59281
-6.59083
-6.58822
-6.58628
-6.58403
-6.5818
-6.57805
-6.57589
-6.57376
-6.57133
-6.56893
-6.56689
-6.56456
-6.5629
-6.56096
-6.55784
-6.55601
-6.55423
-6.55184
-6.55047
-6.54946
-6.54818
-6.54727
-6.54512
-6.54225
-6.54122
-6.53959
-6.53834
-6.53618
-6.53537
-6.53462
-6.53393
-6.53264
-6.53124
-6.53046
-6.5291
-6.52846
-6.52755
-6.52703
-6.52592
-6.5252
-6.52455
-6.5241
-6.52365
-6.52359
-6.52262
-6.52237
-6.52252
-6.52272
-6.52332
-6.52367
-6.52487
-6.52541
-6.5257
-6.52638
-6.52809
-6.52955
-6.53043
-6.53169
-6.5327
-6.5349
-6.53577
-6.53671
-6.53803
-6.53941
-6.54084
-6.54266
-6.54421
-6.54581
-6.54885
-6.55126
-6.55274
-6.55492
-6.55683
-6.5591
-6.56109
-6.5628
-6.56519
-6.56879
-6.57129
-6.57317
-6.5754
-6.57733
-6.57994
-6.58128
-6.5836
-6.58562
-6.59035
-6.59305
-6.59576
-6.59815
-6.60055
-6.60294
-6.60565
-6.60804
-6.6101
-6.61418
-6.61717
-6.62014
-6.62245
-6.62441
-6.62699
-6.62955
-6.63175
-6.6336
-6.63849
-6.64055
-6.64225
-6.6439
-6.64519
-6.64707
-6.64924
-6.65037
-6.65211
-6.65605
-6.65761
-6.65912
-6.65992
-6.6613
-6.66294
-6.66387
-6.66473
-6.66618
-6.66822
-6.66947
-6.67032
-6.67078
-6.67182
-6.67246
-6.67337
-6.67291
-6.67335
-6.67339
-6.67299
-6.67285
-6.67297
-6.67302
-6.67302
-6.67328
-6.67219
-6.67234
-6.67249
-6.67249
-6.67212
-6.67203
-6.67158
-6.67108
-6.67022
-6.66933
-6.66743
-6.66679
-6.66611
-6.6654
-6.665
-6.66393
-6.66317
-6.66304
-6.66226
-6.66179
-6.66051
-6.66003
-6.65922
-6.6581
-6.65698
-6.65716
-6.6567
-6.65593
-6.65485
-6.65272
-6.65169
-6.65067
-6.64999
-6.64966
-6.64936
-6.6494
-6.64882
-6.64826
-6.64659
-6.64677
-6.64601
-6.64592
-6.6462
-6.64586
-6.64556
-6.64465
-6.64345
-6.64343
-6.64364
-6.64357
-6.64385
-6.64386
-6.64326
-6.64432
-6.64445
-6.64462
-6.64413
-6.64443
-6.64478
-6.6455
-6.64626
-6.64674
-6.64727
-6.64753
-6.64783
-6.64987
-6.65096
-6.65242
-6.65329
-6.65387
-6.65451
-6.6552
-6.65561
-6.65672
-6.65942
-6.66004
-6.66102
-6.66206
-6.6638
-6.66558
-6.66677
-6.66833
-6.66961
-6.67233
-6.67474
-6.67654
-6.67872
-6.68062
-6.68321
-6.68618
-6.68821
-6.6903
-6.69363
-6.6952
-6.69649
-6.6988
-6.70017
-6.70255
-6.7053
-6.70743
-6.71121
-6.71758
-6.72015
-6.72308
-6.72571
-6.72771
-6.73102
-6.73436
-6.73738
-6.73977
-6.74618
-6.74923
-6.75229
-6.75437
-6.75741
-6.76013
-6.76251
-6.76423
-6.76722
-6.7725
-6.77477
-6.77766
-6.78052
-6.78301
-6.78578
-6.78786
-6.79021
-6.79251
-6.79693
-6.79937
-6.80142
-6.80372
-6.8053
-6.80713
-6.8092
-6.81118
-6.81276
-6.81563
-6.81758
-6.81878
-6.8202
-6.82087
-6.82208
-6.82319
-6.82386
-6.82442
-6.82391
-6.82413
-6.82422
-6.82518
-6.82471
-6.82446
-6.82408
-6.82358
-6.82295
-6.82103
-6.8194
-6.81863
-6.81742
-6.81706
-6.81562
-6.81406
-6.8124
-6.81063
-6.80645
-6.80437
-6.80252
-6.7996
-6.79757
-6.7948
-6.79259
-6.78998
-6.78729
-6.78139
-6.7785
-6.77523
-6.77223
-6.76853
-6.76543
-6.76164
-6.75879
-6.75525
-6.74907
-6.74707
-6.74344
-6.73979
-6.73677
-6.73407
-6.73072
-6.72672
-6.72272
-6.71508
-6.71111
-6.70747
-6.70386
-6.70058
-6.69798
-6.69442
-6.69251
-6.68901
-6.68275
-6.67999
-6.67662
-6.67329
-6.66999
-6.66705
-6.66383
-6.66097
-6.65816
-6.65297
-6.64996
-6.64764
-6.64504
-6.64216
-6.63901
-6.63622
-6.6351
-6.63273
-6.62845
-6.62621
-6.62273
-6.62123
-6.61945
-6.61772
-6.6157
-6.61406
-6.61277
-6.60968
-6.60787
-6.6061
-6.60405
-6.60268
-6.60005
-6.59876
-6.59718
-6.5953
-6.59263
-6.59118
-6.58911
-6.58805
-6.5867
-6.58537
-6.58407
-6.58215
-6.58123
-6.5785
-6.577
-6.57554
-6.57442
-6.57365
-6.57257
-6.57087
-6.56952
-6.56851
-6.56688
-6.56626
-6.56566
-6.56509
-6.56388
-6.56303
-6.56219
-6.5617
-6.5609
-6.55971
-6.55931
-6.55861
-6.55793
-6.55696
-6.55665
-6.55638
-6.55548
-6.55558
-6.55457
-6.55443
-6.55432
-6.55392
-6.55323
-6.55256
-6.55226
-6.55264
-6.5524
-6.55236
-6.55256
-6.55183
-6.55211
-6.55178
-6.55117
-6.55125
-6.55105
-6.55057
-6.55136
-6.55166
-6.55266
-6.5537
-6.55415
-6.55432
-6.55583
-6.55674
-6.55706
-6.5588
-6.55959
-6.56107
-6.56195
-6.56288
-6.56386
-6.56488
-6.56595
-6.56706
-6.56974
-6.57065
-6.57193
-6.57325
-6.57428
-6.576
-6.57774
-6.5792
-6.58101
-6.58406
-6.58627
-6.58688
-6.58816
-6.58977
-6.5914
-6.59304
-6.59501
-6.59633
-6.60028
-6.60096
-6.60292
-6.60424
-6.60684
-6.60845
-6.60973
-6.61131
-6.6132
-6.61626
-6.61775
-6.6189
-6.62001
-6.62109
-6.62247
-6.62414
-6.62512
-6.62511
-6.62788
-6.62873
-6.62922
-6.63096
-6.63235
-6.63207
-6.63306
-6.634
-6.63556
-6.63564
-6.63643
-6.63719
-6.63823
-6.63891
-6.63987
-6.64048
-6.64138
-6.64159
-6.6432
-6.64364
-6.64437
-6.64474
-6.64508
-6.64539
-6.6447
-6.64462
-6.64451
-6.64486
-6.64532
-6.64542
-6.64452
-6.64457
-6.6446
-6.64395
-6.6436
-6.64388
-6.64338
-6.64293
-6.64311
-6.64294
-6.64242
-6.64221
-6.64198
-6.6414
-6.64015
-6.63923
-6.63923
-6.63857
-6.63886
-6.63848
-6.63713
-6.63673
-6.63696
-6.63686
-6.63629
-6.63551
-6.63504
-6.6352
-6.63471
-6.63389
-6.63305
-6.63254
-6.63233
-6.6319
-6.63135
-6.63079
-6.63022
-6.62964
-6.62873
-6.62781
-6.62753
-6.62691
-6.62565
-6.625
-6.62499
-6.62464
-6.62395
-6.6239
-6.62319
-6.62215
-6.62206
-6.62054
-6.61944
-6.61864
-6.61815
-6.61732
-6.61713
-6.61627
-6.61572
-6.61451
-6.61172
-6.61079
-6.6105
-6.60955
-6.60891
-6.60794
-6.60793
-6.60694
-6.60595
-6.60395
-6.6036
-6.60227
-6.60095
-6.59963
-6.59864
-6.59765
-6.59571
-6.59475
-6.59287
-6.59131
-6.59042
-6.58954
-6.58772
-6.5869
-6.58578
-6.58501
-6.58396
-6.58259
-6.58196
-6.58137
-6.58114
-6.58128
-6.58113
-6.58167
-6.58097
-6.58063
-6.57978
-6.57958
-6.57943
-6.57934
-6.57929
-6.57865
-6.57871
-6.57849
-6.57866
-6.57947
-6.58012
-6.57986
-6.57966
-6.58015
-6.58168
-6.58229
-6.58329
-6.58467
-6.58696
-6.58819
-6.58917
-6.58955
-6.59097
-6.5918
-6.59301
-6.59397
-6.59563
-6.59913
-6.60065
-6.60223
-6.60451
-6.60588
-6.60763
-6.60944
-6.61163
-6.61322
-6.61754
-6.61962
-6.62207
-6.62359
-6.62549
-6.62776
-6.63039
-6.63339
-6.63578
-6.64068
-6.64318
-6.64603
-6.64859
-6.65183
-6.65444
-6.65707
-6.66005
-6.66208
-6.66715
-6.67018
-6.67258
-6.67564
-6.67837
-6.68078
-6.68352
-6.6856
-6.68833
-6.6944
-6.69743
-6.70044
-6.70343
-6.70576
-6.70807
-6.71068
-6.71294
-6.71582
-6.72085
-6.72363
-6.72574
-6.72845
-6.73081
-6.73344
-6.73538
-6.73727
-6.73879
-6.74264
-6.74432
-6.74627
-6.74815
-6.74965
-6.75043
-6.75211
-6.75373
-6.75494
-6.75813
-6.75943
-6.76099
-6.76245
-6.76318
-6.76351
-6.76471
-6.76549
-6.76651
-6.76793
-6.76832
-6.76862
-6.76817
-6.76858
-6.76921
-6.76909
-6.76887
-6.76886
-6.76818
-6.7672
-6.7674
-6.76685
-6.76554
-6.76444
-6.76389
-6.76322
-6.76277
-6.76026
-6.75918
-6.75702
-6.75508
-6.75336
-6.75155
-6.74964
-6.74796
-6.74554
-6.73946
-6.73645
-6.73369
-6.73085
-6.72794
-6.72496
-6.72191
-6.7188
-6.71562
-6.70848
-6.70548
-6.70212
-6.69873
-6.69563
-6.69218
-6.68806
-6.68425
-6.68108
-6.67344
-6.66963
-6.66551
-6.66237
-6.65862
-6.65522
-6.65153
-6.64821
-6.64526
-6.63953
-6.63708
-6.63374
-6.63112
-6.62826
-6.62516
-6.62313
-6.62152
-6.61904
-6.61441
-6.61259
-6.61024
-6.60768
-6.60558
-6.60392
-6.60207
-6.60035
-6.59877
-6.596
-6.59515
-6.59443
-6.59353
-6.59309
-6.59279
-6.59262
-6.59291
-6.59237
-6.5933
-6.59413
-6.59508
-6.59616
-6.59639
-6.59706
-6.59786
-6.59844
-6.59979
-6.60215
-6.60446
-6.60687
-6.60872
-6.61066
-6.61301
-6.61479
-6.61665
-6.61859
-6.62396
-6.62642
-6.62925
-6.63149
-6.6341
-6.63708
-6.64009
-6.64282
-6.64492
-6.64953
-6.65267
-6.6555
-6.65833
-6.66181
-6.66465
-6.66844
-6.67061
-6.67341
-6.67701
-6.67941
-6.6821
-6.68508
-6.68835
-6.69092
-6.69376
-6.69687
-6.6996
-6.7039
-6.70579
-6.70761
-6.70999
-6.71165
-6.71258
-6.71471
-6.71611
-6.71806
-6.72101
-6.72234
-6.72323
-6.72434
-6.72469
-6.72591
-6.72765
-6.72798
-6.7282
-6.72891
-6.72973
-6.72945
-6.72905
-6.72852
-6.72851
-6.7274
-6.72681
-6.72707
-6.72558
-6.72383
-6.72164
-6.72095
-6.71884
-6.71661
-6.71491
-6.7131
-6.7115
-6.70798
-6.70574
-6.70373
-6.7013
-6.69878
-6.6965
-6.6935
-6.69042
-6.6876
-6.68146
-6.67783
-6.6748
-6.67109
-6.668
-6.66522
-6.6621
-6.65994
-6.65681
-6.65156
-6.6488
-6.64511
-6.64275
-6.63914
-6.63655
-6.6337
-6.63059
-6.62788
-6.62237
-6.62024
-6.61788
-6.61562
-6.61379
-6.61174
-6.61046
-6.60897
-6.60728
-6.60426
-6.60261
-6.60142
-6.60101
-6.59975
-6.59992
-6.59924
-6.59901
-6.59859
-6.59908
-6.59901
-6.60003
-6.60019
-6.60078
-6.60115
-6.60163
-6.60187
-6.60221
-6.60247
-6.60304
-6.604
-6.60599
-6.60738
-6.60883
-6.61
-6.61154
-6.61246
-6.61502
-6.61665
-6.6183
-6.61995
-6.62161
-6.62359
-6.62427
-6.62494
-6.62624
-6.6288
-6.62907
-6.63029
-6.63149
-6.63265
-6.6341
-6.63487
-6.63626
-6.63728
-6.63953
-6.64044
-6.64098
-6.64181
-6.64261
-6.64304
-6.64376
-6.64444
-6.64477
-6.6463
-6.64621
-6.64706
-6.64725
-6.64773
-6.64754
-6.64798
-6.64873
-6.6485
-6.64897
-6.64904
-6.64975
-6.65013
-6.65052
-6.65058
-6.65098
-6.65106
-6.65181
-6.65302
-6.65381
-6.65527
-6.65513
-6.65599
-6.65687
-6.65842
-6.65936
-6.65999
-6.66135
-6.66175
-6.66251
-6.66361
-6.66442
-6.66525
-6.66612
-6.66636
-6.66727
-6.66884
-6.6695
-6.67049
-6.67183
-6.67285
-6.67421
-6.67526
-6.67696
-6.67736
-6.67915
-6.67954
-6.68091
-6.68129
-6.6823
-6.68329
-6.68459
-6.68554
-6.68647
-6.6879
-6.68775
-6.68789
-6.68831
-6.68869
-6.68968
-6.68996
-6.69052
-6.69037
-6.69024
-6.69026
-6.69021
-6.69043
-6.69026
-6.69068
-6.69103
-6.69133
-6.69188
-6.69053
-6.68992
-6.6886
-6.68787
-6.68772
-6.6872
-6.68661
-6.68564
-6.68494
-6.68337
-6.68218
-6.68127
-6.68095
-6.67994
-6.67889
-6.6778
-6.67666
-6.67516
-6.67205
-6.67044
-6.66881
-6.66746
-6.66577
-6.66438
-6.66264
-6.6612
-6.6604
-6.65745
-6.65628
-6.65478
-6.65327
-6.65111
-6.6496
-6.64874
-6.64756
-6.64605
-6.64371
-6.64223
-6.64044
-6.63866
-6.63722
-6.6358
-6.63439
-6.63365
-6.63294
-6.62964
-6.629
-6.62774
-6.62684
-6.62597
-6.62546
-6.62433
-6.62324
-6.62284
-6.6202
-6.61927
-6.61838
-6.61753
-6.61672
-6.61595
-6.61555
-6.61455
-6.61392
-6.61343
-6.61196
-6.61184
-6.61111
-6.6114
-6.61109
-6.61147
-6.61061
-6.61044
-6.61025
-6.61055
-6.61089
-6.61096
-6.6101
-6.61058
-6.61142
-6.61199
-6.61163
-6.612
-6.61208
-6.61253
-6.61301
-6.61354
-6.61442
-6.61501
-6.61596
-6.61694
-6.61867
-6.61941
-6.62083
-6.62163
-6.62213
-6.62265
-6.62352
-6.62407
-6.62465
-6.62682
-6.62777
-6.62841
-6.6297
-6.63068
-6.63231
-6.63363
-6.63463
-6.63435
-6.63702
-6.63804
-6.63874
-6.63976
-6.64079
-6.64117
-6.64252
-6.6442
-6.64523
-6.64665
-6.64736
-6.64839
-6.64943
-6.65079
-6.6515
-6.6519
-6.65294
-6.65398
-6.65639
-6.65712
-6.65784
-6.65922
-6.66091
-6.66229
-6.66334
-6.66407
-6.66479
-6.66688
-6.66824
-6.66895
-6.67062
-6.67099
-6.67233
-6.673
-6.67398
-6.67495
-6.67555
-6.67647
-6.67769
-6.67856
-6.67908
-6.67958
-6.6807
-6.68114
-6.68219
-6.6842
-6.68515
-6.68574
-6.68629
-6.68647
-6.68726
-6.68767
-6.68771
-6.68835
