0.8
0.799916
0.799665
0.799248
0.798664
0.797914
0.797
0.79592
0.794677
0.791703
0.789973
0.788082
0.786031
0.783822
0.781456
0.778933
0.776256
0.773426
0.767314
0.764036
0.760612
0.757043
0.753332
0.749477
0.745484
0.741355
0.737089
0.728154
0.723488
0.718693
0.713769
0.708719
0.703545
0.698249
0.692835
0.687303
0.675899
0.670032
0.664057
0.65798
0.651803
0.645528
0.639159
0.6327
0.626152
0.612805
0.606014
0.599149
0.592214
0.585213
0.57815
0.571029
0.563855
0.556632
0.542055
0.534709
0.527332
0.519929
0.512503
0.505059
0.497603
0.49014
0.482673
0.46775
0.460304
0.452875
0.445469
0.438089
0.430742
0.423433
0.416167
0.408949
0.394677
0.387634
0.380658
0.373757
0.366933
0.360193
0.353541
0.346981
0.34052
0.327907
0.321765
0.315738
0.309831
0.304046
0.298389
0.292863
0.287472
0.282218
0.376096
0.37032
0.364682
0.359185
0.353831
0.348625
0.343567
0.338662
0.33391
0.324874
0.320594
0.316474
0.312516
0.308721
0.305089
0.301621
0.298318
0.295179
0.289394
0.286748
0.284264
0.281943
0.279783
0.277782
0.27594
0.274255
0.272724
0.27012
0.269042
0.26811
0.267321
0.266673
0.266163
0.265787
0.265544
0.265429
0.265571
0.265822
0.266187
0.266665
0.26725
0.267939
0.268728
0.269613
0.270591
0.272808
0.27404
0.275348
0.276729
0.278179
0.279694
0.28127
0.282902
0.284588
0.288103
0.289925
0.291785
0.293679
0.295604
0.297555
0.29953
0.301524
0.303535
0.307593
0.309634
0.311679
0.313725
0.315768
0.317805
0.319835
0.321853
0.323858
0.327818
0.329769
0.331697
0.3336
0.335475
0.337321
0.339136
0.340917
0.342664
0.346045
0.347677
0.349267
0.350816
0.352321
0.353781
0.355195
0.356562
0.357882
0.94149
0.943208
0.944667
0.945866
0.946805
0.947485
0.947907
0.948071
0.947979
0.947032
0.94618
0.945077
0.943726
0.942128
0.940285
0.938201
0.935877
0.933317
0.9275
0.924248
0.920772
0.917075
0.913161
0.909034
0.904698
0.900158
0.895419
0.885357
0.880044
0.87455
0.86888
0.863039
0.857034
0.850868
0.844548
0.838082
0.824731
0.817858
0.810862
0.80375
0.796531
0.789209
0.781792
0.774288
0.766703
0.751321
0.74354
0.735708
0.727834
0.719925
0.711991
0.704039
0.696077
0.688114
0.672215
0.664297
0.656412
0.648566
0.64077
0.633032
0.625361
0.617766
0.610253
0.595508
0.588292
0.581191
0.574214
0.567367
0.560659
0.554098
0.547691
0.541446
0.529469
0.523752
0.518225
0.512893
0.507762
0.502839
0.498129
0.493639
0.489373
0.481531
0.477963
0.474637
0.471555
0.468721
0.466138
0.463808
0.461736
0.45992
0.500393
0.499074
0.498004
0.497182
0.496608
0.496283
0.496206
0.496376
0.496791
0.498354
0.499496
0.500877
0.502492
0.50434
0.506417
0.508719
0.511242
0.513981
0.520093
0.523455
0.527014
0.530764
0.5347
0.538814
0.543102
0.547557
0.552172
0.561853
0.566906
0.572089
0.577396
0.58282
0.588351
0.593983
0.599709
0.60552
0.617367
0.623387
0.629459
0.635576
0.641729
0.647911
0.654114
0.660329
0.66655
0.678977
0.685169
0.691336
0.697471
0.703568
0.709618
0.715617
0.721557
0.727432
0.738964
0.744608
0.750164
0.755625
0.760988
0.766246
0.771394
0.776429
0.781345
0.790805
0.795343
0.799749
0.804017
0.808145
0.812129
0.815966
0.819656
0.823194
0.829809
0.832883
0.8358
0.838557
0.841155
0.843592
0.845868
0.847983
0.849936
0.853358
0.854828
0.856137
0.857288
0.858281
0.859117
0.859798
0.860325
0.860701
1.01738
1.0172
1.01682
1.01626
1.0155
1.01456
1.01344
1.01214
1.01067
1.00722
1.00525
1.00314
1.00087
0.998456
0.995906
0.993225
0.990416
0.987489
0.981302
0.978056
0.974718
0.971294
0.967791
0.964215
0.960575
0.956877
0.953129
0.945511
0.941655
0.937778
0.933887
0.929989
0.92609
0.922199
0.918322
0.914467
0.906847
0.903096
0.899392
0.895741
0.892147
0.888616
0.885154
0.881765
0.878454
0.872083
0.869031
0.86607
0.863206
0.86044
0.857777
0.855217
0.852761
0.85041
0.846024
0.84399
0.842061
0.840239
0.838522
0.83691
0.835402
0.833997
0.832692
0.830375
0.829358
0.828433
0.827598
0.826849
0.826185
0.825602
0.825097
0.824669
0.824026
0.823806
0.823649
0.823552
0.823511
0.823525
0.823592
0.823706
0.823867
0.824318
0.824602
0.82492
0.825271
0.825653
0.826064
0.826502
0.826965
0.82745
0.739372
0.73978
0.740232
0.740727
0.741262
0.741836
0.742449
0.743099
0.743785
0.745263
0.746052
0.746873
0.747726
0.748611
0.749526
0.750471
0.751446
0.752448
0.754535
0.755619
0.756728
0.757863
0.759022
0.760205
0.761411
0.762639
0.763889
0.766449
0.76776
0.769088
0.770435
0.771798
0.773177
0.774572
0.77598
0.7774
0.780272
0.781721
0.783179
0.784644
0.786114
0.787588
0.789065
0.790545
0.792025
0.794983
0.796458
0.79793
0.799397
0.800858
0.802311
0.803756
0.805192
0.806617
0.809434
0.810823
0.812199
0.813559
0.814905
0.816234
0.817548
0.818844
0.820123
0.822625
0.82385
0.825056
0.826243
0.827411
0.828561
0.829693
0.830805
0.831897
0.834028
0.835067
0.836089
0.837093
0.838081
0.839056
0.840017
0.840964
0.841897
0.843723
0.84462
0.845506
0.846383
0.847252
0.848113
0.848966
0.849812
0.850653
0.857494
0.858216
0.858934
0.85965
0.860363
0.861074
0.861786
0.862498
0.863212
0.864646
0.865368
0.866093
0.866824
0.867559
0.8683
0.869047
0.869799
0.870558
0.872093
0.872869
0.873652
0.87444
0.875234
0.876033
0.876836
0.877643
0.878454
0.880084
0.880901
0.881717
0.882532
0.883344
0.884153
0.884957
0.885754
0.886545
0.888099
0.88886
0.889608
0.890342
0.891062
0.891765
0.892452
0.89312
0.893768
0.895002
0.895588
0.896151
0.896691
0.897207
0.897697
0.898161
0.898597
0.899007
0.899741
0.900067
0.900366
0.900636
0.90088
0.901096
0.901286
0.90145
0.901588
0.901786
0.901847
0.901884
0.901898
0.90189
0.90186
0.901809
0.901739
0.901651
0.901422
0.901284
0.90113
0.900963
0.900784
0.900594
0.900395
0.900186
0.89997
0.899516
0.899281
0.899041
0.898797
0.89855
0.8983
0.898047
0.897793
0.897537
0.808093
0.807761
0.807452
0.807165
0.806901
0.806659
0.80644
0.806244
0.80607
0.805788
0.805681
0.805595
0.805531
0.805487
0.805464
0.805461
0.805478
0.805515
0.805642
0.805732
0.805839
0.805962
0.806099
0.806252
0.806419
0.8066
0.806794
0.807219
0.807449
0.807691
0.807944
0.808207
0.80848
0.808762
0.809053
0.809351
0.80997
0.81029
0.810617
0.81095
0.81129
0.811635
0.811986
0.812342
0.812704
0.813439
0.813812
0.814189
0.81457
0.814956
0.815344
0.815736
0.81613
0.816527
0.817328
0.817733
0.818137
0.818542
0.818946
0.81935
0.819754
0.820155
0.820554
0.821343
0.821731
0.822115
0.822493
0.822867
0.823233
0.823593
0.823945
0.824289
0.824952
0.825268
0.825573
0.825867
0.826149
0.826419
0.826675
0.826917
0.827145
0.82755
0.827726
0.827884
0.828022
0.82814
0.828237
0.828313
0.828368
0.828401
0.812932
0.8128
0.812648
0.812476
0.812284
0.812071
0.811839
0.811587
0.811314
0.810708
0.810375
0.810023
0.809654
0.809268
0.808865
0.808445
0.808009
0.807558
0.806617
0.806129
0.80563
0.805123
0.804608
0.804089
0.803564
0.803037
0.802509
0.801451
0.800924
0.800401
0.799884
0.799375
0.798873
0.798381
0.7979
0.797432
0.796538
0.796115
0.795709
0.795321
0.794953
0.794605
0.794276
0.79397
0.793686
0.793184
0.792966
0.79277
0.792597
0.792445
0.792315
0.792205
0.792116
0.792046
0.791961
0.791945
0.791944
0.791959
0.791986
0.792026
0.792075
0.792133
0.792199
0.792345
0.792422
0.7925
0.792575
0.792648
0.792715
0.792776
0.79283
0.792874
0.792927
0.792932
0.792921
0.792892
0.792844
0.792777
0.792688
0.792576
0.792439
0.79209
0.791875
0.791631
0.791358
0.791055
0.790722
0.790358
0.789962
0.789535
0.790807
0.790185
0.789528
0.788837
0.788112
0.787354
0.786563
0.78574
0.784884
0.783075
0.782123
0.781142
0.780132
0.779094
0.778026
0.776932
0.775811
0.774664
0.772298
0.77108
0.769842
0.768583
0.767306
0.766013
0.764705
0.763382
0.762047
0.759344
0.75798
0.756609
0.755233
0.753851
0.752468
0.751084
0.749703
0.748324
0.745578
0.744215
0.742861
0.741516
0.740183
0.738861
0.737552
0.736259
0.734982
0.73248
0.731257
0.730053
0.728871
0.72771
0.726573
0.725459
0.724369
0.723303
0.721248
0.720259
0.719297
0.718362
0.717455
0.716576
0.715728
0.714908
0.714116
0.712619
0.711914
0.711238
0.710592
0.709975
0.709387
0.708828
0.708298
0.707797
0.706885
0.706474
0.706092
0.705741
0.705419
0.705127
0.704866
0.704635
0.704434
0.704126
0.70402
0.703945
0.703902
0.703891
0.70391
0.703962
0.704046
0.704162
0.762991
0.763085
0.763197
0.763326
0.763473
0.763638
0.763822
0.764024
0.764246
0.764747
0.765027
0.765326
0.765644
0.765981
0.766335
0.766708
0.767098
0.767506
0.768375
0.768835
0.76931
0.769802
0.770309
0.770831
0.771367
0.771916
0.772476
0.773626
0.774215
0.774813
0.775418
0.776029
0.776644
0.777264
0.777886
0.778509
0.779755
0.780375
0.780991
0.781602
0.782206
0.782803
0.783392
0.78397
0.784537
0.785631
0.786157
0.786665
0.787156
0.787629
0.788082
0.788514
0.788923
0.789307
0.789999
0.790303
0.790578
0.790822
0.791035
0.791215
0.791361
0.791472
0.791546
0.791578
0.791534
0.791448
0.791319
0.791146
0.790929
0.790666
0.790357
0.79
0.78914
0.788635
0.788079
0.787472
0.786812
0.786099
0.785333
0.784515
0.783643
0.781737
0.780704
0.779616
0.778474
0.77728
0.776034
0.774735
0.773385
0.771983
0.76903
0.76748
0.765884
0.764243
0.762558
0.760832
0.759066
0.757262
0.755422
0.751644
0.749712
0.747752
0.745769
0.743766
0.741744
0.739707
0.737659
0.735602
0.73148
0.72942
0.727366
0.725321
0.723289
0.721276
0.719284
0.717317
0.715378
0.711606
0.70978
0.707998
0.706265
0.704586
0.702963
0.701401
0.699905
0.698477
0.695843
0.694644
0.693528
0.692499
0.69156
0.690714
0.689965
0.689314
0.688766
0.687981
0.687749
0.687626
0.687615
0.687715
0.687929
0.688256
0.688699
0.689256
0.690719
0.691622
0.69264
0.693771
0.695015
0.69637
0.697836
0.69941
0.70109
0.704756
0.706738
0.708815
0.710983
0.713239
0.71558
0.718002
0.7205
0.723071
0.728413
0.731175
0.733991
0.736859
0.739772
0.742726
0.745715
0.748735
0.75178
0.757931
0.761024
0.764123
0.767223
0.770319
0.773408
0.776484
0.779542
0.782578
0.788569
0.791515
0.794422
0.797287
0.800107
0.802879
0.805599
0.808263
0.810869
0.815895
0.81831
0.820657
0.822936
0.825144
0.827278
0.829337
0.831319
0.833224
0.836801
0.838471
0.840062
0.841575
0.843009
0.844363
0.845637
0.846834
0.847954
0.849966
0.850859
0.851679
0.852428
0.853107
0.853718
0.854264
0.854746
0.855169
0.855842
0.856098
0.856305
0.856464
0.856578
0.856651
0.856685
0.856683
0.856651
0.856503
0.856395
0.856269
0.856127
0.855974
0.855812
0.855647
0.85548
0.855314
0.854999
0.854857
0.85473
0.85462
0.85453
0.854464
0.854423
0.854412
0.854433
0.854583
0.854716
0.85489
0.855107
0.855369
0.855676
0.856029
0.856432
0.856885
0.857941
0.858547
0.859205
0.859916
0.86068
0.861496
0.862364
0.863281
0.864249
0.866334
0.867449
0.86861
0.869815
0.871062
0.872349
0.873673
0.875033
0.876425
0.879294
0.880768
0.882263
0.883777
0.885306
0.886847
0.888396
0.88995
0.891506
0.894607
0.896147
0.897675
0.899188
0.900682
0.902154
0.9036
0.905017
0.906402
0.909061
0.910328
0.911551
0.912727
0.91385
0.91492
0.915933
0.916886
0.917777
0.919363
0.920054
0.920675
0.921223
0.921698
0.922097
0.92242
0.922663
0.922828
0.922917
0.922841
0.922684
0.922444
0.92212
0.921712
0.921221
0.920647
0.91999
0.918428
0.917525
0.91654
0.915475
0.914332
0.913113
0.911818
0.91045
0.909009
0.905914
0.904265
0.902552
0.900775
0.898938
0.897042
0.89509
0.893085
0.891031
0.886782
0.884593
0.882365
0.8801
0.877802
0.875473
0.873118
0.870739
0.86834
0.863492
0.86105
0.858601
0.856147
0.853691
0.851237
0.848789
0.846349
0.84392
0.839103
0.836722
0.834363
0.832028
0.829721
0.827444
0.825198
0.822987
0.820813
0.816583
0.814531
0.812523
0.810561
0.808647
0.806781
0.804964
0.803198
0.801483
0.79821
0.796653
0.79515
0.7937
0.792305
0.790964
0.789678
0.788445
0.787266
0.785068
0.784049
0.783081
0.782165
0.7813
0.780486
0.779723
0.779008
0.77834
0.777146
0.776618
0.776134
0.775693
0.775293
0.774933
0.774612
0.774329
0.774083
0.773695
0.77355
0.773438
0.773356
0.773303
0.773277
0.773277
0.773302
0.77335
0.773508
0.773615
0.773738
0.773875
0.774026
0.774189
0.774362
0.774546
0.774737
0.775135
0.77534
0.775547
0.775754
0.77596
0.776165
0.776366
0.776562
0.776754
0.777115
0.777282
0.777441
0.77759
0.777729
0.777857
0.777973
0.778078
0.778171
0.778324
0.778383
0.778431
0.778468
0.778492
0.778505
0.778507
0.778497
0.778478
0.778415
0.77837
0.778319
0.77826
0.778196
0.778126
0.778053
0.777978
0.777901
0.777748
0.777674
0.777605
0.777541
0.777483
0.777433
0.777392
0.777361
0.777342
0.777343
0.777368
0.77741
0.777472
0.777552
0.777653
0.777776
0.777922
0.778091
0.778504
0.778748
0.779019
0.779318
0.779644
0.78
0.780385
0.780799
0.781242
0.782219
0.782752
0.783314
0.783905
0.784524
0.78517
0.785844
0.786543
0.787267
0.788785
0.789579
0.790393
0.791228
0.792083
0.792956
0.793846
0.794751
0.795669
0.797539
0.798488
0.799445
0.800406
0.801372
0.802341
0.80331
0.804278
0.805242
0.807157
0.808103
0.809039
0.809963
0.810873
0.811767
0.812644
0.813502
0.814338
0.815945
0.81671
0.817449
0.81816
0.818841
0.819491
0.820108
0.820693
0.821244
0.822236
0.822677
0.823077
0.823437
0.823755
0.82403
0.824261
0.824448
0.824591
0.82474
0.824745
0.824704
0.824615
0.824479
0.824295
0.824064
0.823785
0.823459
0.822668
0.822203
0.821693
0.821137
0.820537
0.819894
0.819208
0.818482
0.817715
0.816068
0.815191
0.814282
0.81334
0.812367
0.811366
0.810339
0.809288
0.808214
0.80601
0.804884
0.803746
0.802597
0.80144
0.800278
0.799113
0.79795
0.79679
0.794487
0.793348
0.792221
0.791107
0.79001
0.788932
0.787874
0.786837
0.785823
0.783869
0.782933
0.782023
0.781142
0.780289
0.779464
0.778668
0.777899
0.777158
0.775756
0.775092
0.774452
0.773834
0.773238
0.772661
0.772102
0.771559
0.77103
0.770008
0.76951
0.769018
0.768531
0.768046
0.767563
0.76708
0.766597
0.76611
0.765123
0.764623
0.764117
0.763605
0.763087
0.762562
0.762032
0.761498
0.760959
0.759872
0.759326
0.758781
0.758238
0.757699
0.757166
0.756641
0.756128
0.755627
0.754674
0.754227
0.753803
0.753405
0.753035
0.752697
0.752391
0.75212
0.751889
0.751552
0.75145
0.751397
0.751394
0.751443
0.751545
0.751702
0.751916
0.752187
0.75291
0.753364
0.753881
0.754463
0.755109
0.755819
0.756595
0.757437
0.758345
0.760357
0.76146
0.762626
0.763854
0.765145
0.766496
0.767907
0.769378
0.770905
0.774126
0.775816
0.777558
0.779348
0.781185
0.783065
0.784988
0.786952
0.788953
0.793058
0.795156
0.797281
0.79943
0.801601
0.80379
0.805995
0.808211
0.810438
0.814908
0.817146
0.819382
0.821613
0.823836
0.826047
0.828245
0.830425
0.832586
0.836839
0.838924
0.840979
0.843001
0.844987
0.846936
0.848846
0.850714
0.85254
0.856054
0.857739
0.859374
0.860957
0.862487
0.863964
0.865386
0.866753
0.868064
0.870515
0.871654
0.872735
0.873759
0.874727
0.875637
0.876491
0.877288
0.87803
0.879347
0.879926
0.880452
0.880929
0.881356
0.881736
0.882068
0.882356
0.8826
0.882965
0.88309
0.883179
0.883234
0.883256
0.883248
0.883211
0.883147
0.883058
0.88281
0.882655
0.882483
0.882295
0.882092
0.881876
0.881648
0.88141
0.881165
0.88066
0.880403
0.880144
0.879885
0.879626
0.879369
0.879114
0.878863
0.878615
0.878134
0.877904
0.877681
0.877464
0.877254
0.877052
0.87686
0.876676
0.8765
0.876179
0.876033
0.875897
0.87577
0.875651
0.875542
0.875442
0.875351
0.875269
0.875131
0.875073
0.875022
0.874978
0.87494
0.874908
0.874881
0.874858
0.87484
0.874815
0.874807
0.8748
0.874793
0.874786
0.874779
0.87477
0.874759
0.874745
0.874702
0.874673
0.874637
0.874594
0.874542
0.874481
0.874409
0.874325
0.874228
0.873991
0.873848
0.873688
0.873509
0.873311
0.873093
0.872853
0.87259
0.872303
0.871654
0.871291
0.870902
0.870486
0.87004
0.869565
0.869059
0.868521
0.867952
0.866713
0.866043
0.865338
0.864597
0.863821
0.863008
0.862157
0.86127
0.860345
0.85838
0.85734
0.856261
0.855144
0.853989
0.852795
0.851563
0.850293
0.848987
0.846267
0.844854
0.843407
0.841926
0.840412
0.838866
0.837288
0.83568
0.834043
0.830685
0.828966
0.827222
0.825455
0.823666
0.821857
0.82003
0.818185
0.816323
0.812554
0.810648
0.808732
0.806805
0.804869
0.802926
0.800976
0.79902
0.797059
0.793128
0.79116
0.789191
0.787222
0.785254
0.783287
0.781324
0.779363
0.777407
0.77351
0.771571
0.769637
0.767711
0.765792
0.763882
0.76198
0.760086
0.758202
0.754465
0.752613
0.750774
0.748948
0.747134
0.745333
0.743546
0.741775
0.740021
0.736566
0.734868
0.733191
0.731536
0.729907
0.728302
0.726724
0.725173
0.723652
0.720709
0.719289
0.717908
0.716565
0.715264
0.714006
0.712791
0.711624
0.710504
0.708417
0.707453
0.706544
0.705692
0.704899
0.704167
0.703496
0.702887
0.702342
0.701447
0.701098
0.700814
0.700598
0.70045
0.700371
0.700358
0.700413
0.700534
0.700973
0.70129
0.701672
0.702117
0.702623
0.70319
0.703817
0.704502
0.705244
0.706891
0.707793
0.708745
0.709746
0.710794
0.711888
0.713027
0.71421
0.715436
0.718004
0.719344
0.720718
0.722126
0.723565
0.725034
0.726533
0.728058
0.72961
0.732785
0.734406
0.736046
0.737705
0.739381
0.741073
0.74278
0.744499
0.746231
0.749725
0.751483
0.753247
0.755016
0.756787
0.758561
0.760336
0.762111
0.763884
0.767421
0.769181
0.770935
0.77268
0.774415
0.77614
0.777852
0.779552
0.781237
0.784559
0.786195
0.787812
0.789411
0.790988
0.792543
0.794076
0.795586
0.797071
0.799963
0.801368
0.802745
0.804093
0.805411
0.806698
0.807954
0.809179
0.810371
0.812659
0.813752
0.814809
0.81583
0.816816
0.817764
0.818677
0.819552
0.82039
0.821953
0.822679
0.823366
0.824015
0.824627
0.825202
0.82574
0.826241
0.826704
0.827523
0.82788
0.828203
0.828493
0.828751
0.82898
0.829179
0.82935
0.829493
0.82971
0.829785
0.829842
0.829882
0.829907
0.829918
0.829918
0.829911
0.829898
0.82987
0.829859
0.829853
0.829856
0.82987
0.8299
0.829946
0.830011
0.830098
0.830347
0.830513
0.830709
0.830939
0.831203
0.831502
0.831839
0.832214
0.832629
0.833581
0.834118
0.834697
0.835316
0.835975
0.836673
0.837408
0.83818
0.838986
0.840692
0.841589
0.842511
0.843457
0.844423
0.845408
0.846408
0.847422
0.848448
0.850521
0.851561
0.852599
0.853632
0.854657
0.855671
0.856671
0.857655
0.85862
0.860482
0.861375
0.86224
0.863074
0.863875
0.86464
0.865368
0.866057
0.866706
0.867877
0.868397
0.868872
0.869301
0.869684
0.870022
0.870311
0.870553
0.870747
0.87099
0.871038
0.871037
0.870988
0.87089
0.870745
0.870552
0.870314
0.870031
0.869334
0.868922
0.868468
0.867972
0.867437
0.866865
0.866256
0.865612
0.864933
0.86348
0.862708
0.861908
0.861083
0.860232
0.859358
0.858461
0.857545
0.856611
0.854692
0.853712
0.852718
0.851713
0.8507
0.849677
0.848648
0.847613
0.846573
0.844486
0.843441
0.842396
0.841352
0.84031
0.83927
0.838233
0.8372
0.836171
0.834125
0.833108
0.832097
0.831092
0.830092
0.829098
0.828112
0.827131
0.826158
0.82423
0.823275
0.822325
0.821382
0.820444
0.819513
0.818587
0.817668
0.816755
0.814948
0.814055
0.813168
0.812286
0.81141
0.810539
0.809674
0.808816
0.807965
0.806282
0.805451
0.804625
0.803807
0.802996
0.802193
0.801398
0.800612
0.799835
0.798309
0.79756
0.79682
0.796091
0.795371
0.794662
0.793964
0.793278
0.792603
0.791293
0.790657
0.790034
0.789425
0.788828
0.788244
0.787674
0.787116
0.78657
0.785515
0.785006
0.78451
0.784025
0.78355
0.783085
0.782631
0.782187
0.781753
0.780912
0.780502
0.780101
0.779706
0.779317
0.778933
0.778555
0.778181
0.777808
0.77707
0.776702
0.776334
0.775967
0.775599
0.775229
0.774856
0.77448
0.774101
0.773329
0.772935
0.772536
0.772131
0.771719
0.771302
0.77088
0.770454
0.770022
0.769139
0.768687
0.768229
0.767765
0.767296
0.766822
0.766345
0.765864
0.76538
0.764402
0.763911
0.763418
0.762927
0.762435
0.761945
0.761457
0.760973
0.760494
0.759551
0.759088
0.758632
0.758185
0.757746
0.757317
0.756898
0.756491
0.756095
0.755344
0.754991
0.754652
0.754328
0.754019
0.753725
0.753447
0.753186
0.75294
0.752498
0.752301
0.752121
0.751958
0.751812
0.751683
0.75157
0.751473
0.751392
0.751275
0.751238
0.751215
0.751206
0.75121
0.751226
0.751253
0.751292
0.751342
0.751469
0.751546
0.751632
0.751727
0.751828
0.751936
0.75205
0.752169
0.752294
0.752562
0.752704
0.752851
0.753001
0.753156
0.753316
0.75348
0.753649
0.753823
0.754191
0.754387
0.75459
0.754802
0.755023
0.755254
0.755497
0.755754
0.756024
0.756609
0.756926
0.75726
0.757612
0.757984
0.758376
0.75879
0.759228
0.75969
0.760689
0.761228
0.761795
0.762391
0.763016
0.76367
0.764354
0.765067
0.76581
0.767388
0.768221
0.769084
0.769976
0.770898
0.771849
0.772828
0.773835
0.774869
0.777012
0.778119
0.779249
0.780402
0.781575
0.782767
0.783978
0.785205
0.786447
0.788967
0.790242
0.791525
0.792815
0.794112
0.795412
0.796715
0.798021
0.799327
0.801936
0.803236
0.80453
0.805819
0.8071
0.808373
0.809636
0.810887
0.812126
0.814562
0.815757
0.816934
0.818095
0.819237
0.82036
0.821462
0.822543
0.823601
0.825649
0.826637
0.8276
0.828538
0.829449
0.830334
0.83119
0.832018
0.832817
0.834328
0.835038
0.835716
0.836362
0.836977
0.83756
0.838111
0.83863
0.839115
0.839984
0.840368
0.840719
0.841036
0.841319
0.841569
0.841783
0.841963
0.842109
0.842298
0.84234
0.842348
0.842323
0.842264
0.842171
0.842046
0.841887
0.841696
0.841218
0.840931
0.840613
0.840265
0.839887
0.83948
0.839045
0.838581
0.838088
0.837021
0.836448
0.83585
0.835227
0.834581
0.833912
0.833221
0.832508
0.831775
0.83025
0.82946
0.828656
0.827837
0.827003
0.826156
0.825298
0.824428
0.82355
0.821769
0.820871
0.819969
0.819064
0.818159
0.817254
0.816351
0.815451
0.814556
0.812785
0.811914
0.811054
0.810207
0.809375
0.80856
0.807762
0.806983
0.806225
0.804774
0.804085
0.803422
0.802788
0.802182
0.801606
0.801062
0.800552
0.800076
0.799232
0.798865
0.798535
0.798245
0.797994
0.797783
0.797614
0.797487
0.797404
0.797367
0.797416
0.79751
0.797649
0.797832
0.798062
0.798337
0.798659
0.799027
0.799902
0.800409
0.800962
0.80156
0.802202
0.802888
0.803618
0.80439
0.805205
0.806956
0.807893
0.808869
0.809884
0.810937
0.812029
0.813156
0.814318
0.815514
0.818001
0.819291
0.82061
0.821959
0.823334
0.824734
0.826158
0.827606
0.829075
0.832068
0.833588
0.835122
0.836669
0.838226
0.839791
0.841363
0.84294
0.84452
0.847678
0.849254
0.850826
0.85239
0.853945
0.855489
0.857019
0.858534
0.860033
0.862972
0.864407
0.865818
0.867203
0.86856
0.869886
0.87118
0.87244
0.873663
0.875997
0.877107
0.878177
0.879203
0.880186
0.881124
0.882016
0.882862
0.883662
0.885114
0.885767
0.886369
0.886921
0.887423
0.887874
0.888275
0.888626
0.888927
0.889381
0.889536
0.889642
0.889701
0.889714
0.88968
0.889602
0.889479
0.889315
0.888863
0.888576
0.88825
0.887885
0.887481
0.887041
0.886565
0.886055
0.885512
0.884333
0.8837
0.883039
0.88235
0.881633
0.880891
0.880126
0.879339
0.87853
0.876852
0.875985
0.8751
0.874199
0.87328
0.872346
0.871398
0.870435
0.869459
0.867469
0.866457
0.865435
0.864402
0.86336
0.862308
0.861247
0.860178
0.8591
0.856924
0.855828
0.854726
0.853617
0.852502
0.851383
0.850258
0.849128
0.847992
0.845704
0.844551
0.843393
0.84223
0.841063
0.839892
0.838716
0.837535
0.83635
0.833967
0.832769
0.831567
0.830362
0.829154
0.827942
0.826727
0.825508
0.824286
0.821833
0.820604
0.819374
0.818143
0.816913
0.815683
0.814454
0.813226
0.811999
0.809555
0.80834
0.807128
0.805922
0.804722
0.803529
0.802344
0.801167
0.800001
0.797699
0.796563
0.79544
0.794329
0.793231
0.792147
0.791077
0.790023
0.788985
0.786959
0.785974
0.785007
0.784061
0.783134
0.782227
0.78134
0.780474
0.779629
0.778
0.777218
0.776455
0.775715
0.774997
0.7743
0.773623
0.772969
0.772336
0.771129
0.770555
0.770001
0.769466
0.768949
0.768451
0.767971
0.767509
0.767065
0.766228
0.765835
0.765458
0.765097
0.764752
0.764423
0.76411
0.763813
0.763531
0.763016
0.762782
0.762565
0.762365
0.762181
0.762015
0.761865
0.761734
0.761623
0.76146
0.761407
0.761376
0.761366
0.761377
0.761412
0.761471
0.761554
0.761662
0.761956
0.762144
0.762361
0.762606
0.762882
0.763187
0.763523
0.763888
0.764285
0.765175
0.765668
0.766195
0.766753
0.767344
0.767968
0.768625
0.769316
0.77004
0.771592
0.772417
0.773276
0.774166
0.775087
0.77604
0.777023
0.778036
0.77908
0.781256
0.782387
0.783546
0.784731
0.785943
0.78718
0.788441
0.789726
0.791032
0.793709
0.795076
0.796463
0.797866
0.799286
0.800722
0.802171
0.803633
0.805107
0.808086
0.809589
0.8111
0.812618
0.81414
0.815666
0.817194
0.818723
0.820254
0.823309
0.824829
0.826344
0.827852
0.829351
0.830839
0.832317
0.833782
0.835233
0.838085
0.839484
0.840862
0.842221
0.843556
0.844867
0.846153
0.847412
0.848645
0.851023
0.852165
0.853273
0.854348
0.855388
0.856391
0.857358
0.858287
0.859177
0.860836
0.861603
0.862329
0.863011
0.86365
0.864245
0.864796
0.865303
0.865765
0.866558
0.866888
0.867173
0.867414
0.86761
0.867763
0.867872
0.867937
0.86796
0.867879
0.867778
0.867635
0.867452
0.867228
0.866966
0.866665
0.866328
0.865953
0.865096
0.864615
0.864101
0.863554
0.862974
0.862364
0.861723
0.861053
0.860355
0.858876
0.858096
0.85729
0.856459
0.855605
0.854728
0.853827
0.852903
0.851958
0.850007
0.849003
0.84798
0.846939
0.845881
0.844805
0.843713
0.842604
0.84148
0.839188
0.838022
0.836842
0.835648
0.834442
0.833223
0.831993
0.830752
0.8295
0.826961
0.825676
0.824381
0.823076
0.821762
0.82044
0.819108
0.817768
0.81642
0.813704
0.812337
0.810963
0.809584
0.808202
0.806815
0.805424
0.80403
0.802635
0.799841
0.798445
0.797049
0.795657
0.794269
0.792886
0.791509
0.790139
0.788777
0.786084
0.784756
0.783441
0.782142
0.78086
0.779598
0.778356
0.777137
0.775941
0.773627
0.772512
0.771429
0.770377
0.76936
0.768379
0.767435
0.766531
0.765668
0.764074
0.763346
0.762666
0.762035
0.761454
0.760926
0.76045
0.76003
0.759665
0.759102
0.758906
0.758766
0.758683
0.758657
0.758688
0.758776
0.758922
0.759126
0.759705
0.760077
0.760502
0.76098
0.76151
0.762091
0.76272
0.763397
0.76412
0.765698
0.766549
0.767439
0.768365
0.769328
0.770324
0.771352
0.772408
0.773492
0.775728
0.776876
0.778042
0.779223
0.780417
0.78162
0.782832
0.78405
0.785271
0.787714
0.788933
0.790147
0.791354
0.792551
0.793738
0.794913
0.796073
0.797215
0.799441
0.800523
0.801581
0.802615
0.803621
0.804599
0.805548
0.806466
0.807353
0.809029
0.809816
0.810567
0.811282
0.81196
0.812601
0.813204
0.813769
0.814296
0.815235
0.815647
0.816021
0.816358
0.816658
0.816922
0.817149
0.817342
0.8175
0.817713
0.81777
0.817794
0.817787
0.81775
0.817683
0.817589
0.817467
0.817319
0.816953
0.816736
0.816499
0.816244
0.815972
0.815682
0.815378
0.815061
0.814732
0.814043
0.813686
0.813321
0.812949
0.81257
0.812187
0.811799
0.811408
0.811014
0.810221
0.809822
0.809423
0.809023
0.808621
0.80822
0.807817
0.807414
0.80701
0.806199
0.805792
0.805383
0.804971
0.804558
0.804142
0.803722
0.803297
0.802869
0.801994
0.801547
0.801092
0.800629
0.800155
0.79967
0.799175
0.798667
0.798146
0.797061
0.796494
0.79591
0.795307
0.794687
0.794049
0.79339
0.792711
0.792009
0.790535
0.789762
0.788963
0.788138
0.787286
0.786407
0.7855
0.784564
0.783601
0.781588
0.780539
0.779461
0.778354
0.777218
0.776052
0.774859
0.773638
0.772389
0.76981
0.768482
0.767129
0.765752
0.764353
0.762933
0.761493
0.760035
0.758561
0.755569
0.754056
0.752535
0.751008
0.749477
0.747943
0.746409
0.744879
0.743354
0.740328
0.738833
0.737353
0.735892
0.734451
0.733035
0.731645
0.730285
0.728958
0.726413
0.725201
0.724034
0.722913
0.72184
0.720819
0.719851
0.71894
0.718088
0.716566
0.715901
0.715302
0.714771
0.714309
0.713919
0.713601
0.713356
0.713186
0.713073
0.713131
0.713265
0.713475
0.713762
0.714126
0.714566
0.715081
0.715671
0.71707
0.717877
0.718754
0.7197
0.720713
0.721791
0.722931
0.724133
0.725395
0.728086
0.72951
0.730984
0.732505
0.734069
0.735676
0.737323
0.739006
0.740724
0.744248
0.74605
0.747873
0.749716
0.751577
0.753452
0.755338
0.757233
0.759134
0.762942
0.764846
0.766747
0.768642
0.770528
0.772406
0.774273
0.776127
0.777966
0.781591
0.783375
0.785138
0.786879
0.788596
0.79029
0.791959
0.793603
0.795221
0.798379
0.799918
0.80143
0.802915
0.804374
0.805806
0.80721
0.808588
0.80994
0.812566
0.81384
0.815091
0.816319
0.817525
0.818709
0.819871
0.821012
0.822134
0.824321
0.825388
0.826439
0.827475
0.828495
0.829502
0.830495
0.831475
0.832442
0.834341
0.835275
0.836199
0.837113
0.838018
0.838916
0.839806
0.840689
0.841565
0.843296
0.844151
0.844999
0.84584
0.846676
0.847504
0.848326
0.84914
0.849946
0.851535
0.852317
0.853091
0.853856
0.854611
0.855356
0.856092
0.856817
0.857529
0.858918
0.859592
0.860252
0.860896
0.861525
0.862139
0.862736
0.863316
0.863877
0.864941
0.865442
0.865923
0.866382
0.866817
0.86723
0.867619
0.867983
0.868322
0.868922
0.869182
0.869413
0.869616
0.869789
0.869934
0.870048
0.870133
0.870189
0.870208
0.870171
0.870102
0.870002
0.86987
0.869707
0.869513
0.869288
0.869031
0.868422
0.868072
0.86769
0.867276
0.866832
0.866358
0.865854
0.865321
0.864758
0.863547
0.862899
0.862226
0.861527
0.860804
0.860056
0.859286
0.858494
0.857681
0.855994
0.855122
0.854232
0.853326
0.852404
0.851468
0.850517
0.849555
0.848583
0.846608
0.845609
0.844604
0.843594
0.842581
0.841566
0.84055
0.839534
0.838519
0.836496
0.835491
0.83449
0.833497
0.832512
0.831536
0.830571
0.829617
0.828675
0.82683
0.82593
0.825045
0.824177
0.823327
0.822495
0.821682
0.820889
0.820115
0.81863
0.817918
0.817226
0.816556
0.815907
0.81528
0.814673
0.814087
0.813522
0.812455
0.811952
0.811469
0.811005
0.81056
0.810132
0.809722
0.809329
0.808952
0.808246
0.807916
0.807599
0.807294
0.807001
0.806719
0.806447
0.806185
0.805931
0.805446
0.805213
0.804985
0.80476
0.804538
0.804319
0.804103
0.803887
0.803672
0.80324
0.803022
0.802802
0.802578
0.80235
0.802118
0.801881
0.801637
0.801387
0.800864
0.80059
0.800308
0.800017
0.799717
0.799406
0.799087
0.798757
0.798415
0.797697
0.79732
0.796931
0.796529
0.796116
0.795691
0.795254
0.794805
0.794345
0.793387
0.792891
0.792384
0.791865
0.791337
0.790797
0.790247
0.789687
0.789117
0.787953
0.787358
0.786758
0.786151
0.785539
0.784923
0.784302
0.78368
0.783056
0.781804
0.781178
0.780554
0.779933
0.779317
0.778706
0.778102
0.777505
0.776917
0.77577
0.775213
0.774668
0.774137
0.77362
0.773118
0.772632
0.772163
0.771711
0.770866
0.770474
0.770102
0.769752
0.769423
0.769115
0.768831
0.76857
0.768334
0.767932
0.767766
0.767624
0.767505
0.76741
0.767339
0.767292
0.767269
0.76727
0.767341
0.767412
0.767505
0.767622
0.767762
0.767925
0.76811
0.768317
0.768547
0.769075
0.769374
0.769698
0.770046
0.770418
0.770815
0.771237
0.771684
0.772157
0.773182
0.773736
0.774317
0.774926
0.775565
0.776233
0.776931
0.777659
0.778417
0.780027
0.780878
0.78176
0.782671
0.783613
0.784585
0.785586
0.786617
0.787676
0.789877
0.791019
0.792185
0.793374
0.794586
0.795817
0.797067
0.798331
0.79961
0.8022
0.803508
0.804822
0.806138
0.807455
0.808771
0.810082
0.811386
0.81268
0.815232
0.816486
0.817721
0.818937
0.82013
0.821299
0.822441
0.823556
0.82464
0.826709
0.827689
0.828632
0.829536
0.8304
0.831222
0.832001
0.832735
0.833424
0.834662
0.83521
0.83571
0.836162
0.836564
0.836916
0.837217
0.837467
0.837666
0.837912
0.837958
0.837953
0.837899
0.837796
0.837643
0.837439
0.837187
0.836888
0.836146
0.835706
0.835219
0.834687
0.834111
0.833491
0.832829
0.832126
0.831384
0.829787
0.828934
0.828047
0.827127
0.826176
0.825196
0.824188
0.823154
0.822095
0.819909
0.818786
0.817646
0.81649
0.815322
0.814144
0.812958
0.811766
0.81057
0.808172
0.806974
0.805779
0.804589
0.803407
0.802234
0.801073
0.799925
0.798793
0.796583
0.795509
0.794456
0.793429
0.792428
0.791454
0.790509
0.789595
0.788712
0.787049
0.78627
0.785529
0.784826
0.784163
0.783539
0.782957
0.782415
0.781916
0.781044
0.780673
0.780345
0.780062
0.779822
0.779627
0.779478
0.779374
0.779315
0.779332
0.779408
0.779529
0.779695
0.779904
0.780158
0.780455
0.780796
0.781178
0.782071
0.78258
0.783128
0.783715
0.784339
0.784999
0.785696
0.786427
0.787192
0.788822
0.789685
0.790577
0.791499
0.792449
0.793427
0.794431
0.795458
0.796508
0.798674
0.799787
0.800918
0.802064
0.803224
0.804398
0.805584
0.806782
0.807988
0.810424
0.811653
0.812885
0.814121
0.815358
0.816595
0.817831
0.819066
0.820296
0.822745
0.82396
0.825167
0.826366
0.827557
0.828739
0.82991
0.831067
0.832211
0.834457
0.835558
0.836643
0.837713
0.838766
0.839802
0.840821
0.841824
0.84281
0.844729
0.845662
0.846578
0.847477
0.84836
0.849227
0.850077
0.85091
0.851727
0.853314
0.854084
0.85484
0.85558
0.856305
0.857016
0.857712
0.858395
0.859065
0.860366
0.860998
0.861616
0.862221
0.862811
0.863387
0.863948
0.864495
0.865026
0.866043
0.866527
0.866994
0.867444
0.867876
0.868289
0.868681
0.869051
0.869398
0.870019
0.870292
0.870537
0.870754
0.870939
0.871093
0.871213
0.871299
0.871349
0.871335
0.871267
0.871158
0.871006
0.870808
0.870564
0.870272
0.869931
0.869539
0.868601
0.868052
0.86745
0.866793
0.86608
0.865312
0.864487
0.863605
0.862665
0.860611
0.859496
0.858324
0.857093
0.855805
0.85446
0.853059
0.851603
0.850092
0.846909
0.84524
0.843521
0.841754
0.83994
0.838081
0.83618
0.834237
0.832254
0.828177
0.826087
0.823964
0.821813
0.819635
0.817433
0.815209
0.812964
0.810702
0.806138
0.80384
0.801536
0.799227
0.796916
0.794607
0.792302
0.790002
0.787713
0.78317
0.780922
0.778692
0.776483
0.774296
0.772134
0.77
0.767895
0.765823
0.761782
0.759818
0.757894
0.756011
0.754172
0.752379
0.750633
0.748937
0.747292
0.744161
0.742677
0.741249
0.739878
0.738567
0.737315
0.736123
0.734993
0.733925
0.73198
0.731104
0.730293
0.729548
0.72887
0.728258
0.727714
0.727239
0.726831
0.726217
0.726011
0.725872
0.7258
0.725793
0.725852
0.725977
0.726165
0.726416
0.727107
0.727544
0.72804
0.728595
0.729206
0.729872
0.730592
0.731364
0.732188
0.733981
0.734946
0.735953
0.737002
0.738089
0.739212
0.740369
0.741557
0.742774
0.745286
0.746576
0.747884
0.749209
0.750546
0.751895
0.753253
0.754616
0.755984
0.758718
0.76008
0.761434
0.762779
0.764111
0.765429
0.766731
0.768014
0.769277
0.771731
0.77292
0.77408
0.77521
0.776309
0.777374
0.778404
0.779398
0.780356
0.782153
0.782991
0.783789
0.784546
0.78526
0.785932
0.786562
0.78715
0.787694
0.788656
0.789074
0.789452
0.789788
0.790084
0.790341
0.790558
0.790739
0.790882
0.791065
0.791107
0.791118
0.791099
0.791052
0.790978
0.790877
0.790754
0.790609
0.790257
0.790054
0.789836
0.789604
0.78936
0.789106
0.788844
0.788576
0.788304
0.787756
0.787483
0.787213
0.786948
0.786689
0.786439
0.7862
0.785974
0.785762
0.785388
0.785228
0.78509
0.784973
0.784881
0.784813
0.784771
0.784756
0.78477
0.784889
0.784996
0.785137
0.785313
0.785524
0.78577
0.786053
0.786372
0.786728
0.787555
0.788026
0.788536
0.789085
0.789673
0.790298
0.79096
0.791659
0.792395
0.793977
0.79482
0.795698
0.796609
0.797552
0.798526
0.79953
0.800562
0.801622
0.803816
0.804949
0.806102
0.807275
0.808467
0.809674
0.810897
0.812135
0.813385
0.815913
0.817187
0.818465
0.819747
0.82103
0.822311
0.82359
0.824865
0.826134
0.828647
0.82989
0.83112
0.832336
0.833538
0.834722
0.83589
0.83704
0.838169
0.840366
0.841432
0.842475
0.843494
0.844487
0.845455
0.846396
0.847311
0.848197
0.849888
0.850692
0.851468
0.852215
0.852934
0.853628
0.854293
0.85493
0.855539
0.856673
0.857197
0.857693
0.858161
0.858602
0.859016
0.859403
0.859762
0.860096
0.860685
0.860941
0.861172
0.861378
0.861559
0.861716
0.861849
0.861961
0.862049
0.862156
0.862174
0.862168
0.862138
0.862085
0.862007
0.861906
0.861781
0.861633
0.861268
0.861049
0.860807
0.860542
0.860252
0.859937
0.859598
0.859235
0.858848
0.857999
0.857538
0.857051
0.856539
0.856002
0.855439
0.85485
0.854237
0.8536
0.852251
0.85154
0.850804
0.850045
0.849263
0.848458
0.847633
0.846787
0.84592
0.844128
0.843205
0.842265
0.84131
0.84034
0.839356
0.83836
0.837352
0.836334
0.834274
0.833235
0.832191
0.831145
0.830096
0.829048
0.828002
0.826958
0.825919
0.823867
0.822857
0.821858
0.820872
0.8199
0.818944
0.818005
0.817086
0.816186
0.814452
0.813619
0.81281
0.812027
0.811271
0.810542
0.809842
0.809171
0.808529
0.807337
0.806788
0.806269
0.80578
0.805323
0.804895
0.804498
0.804131
0.803792
0.8032
0.802945
0.802717
0.802514
0.802337
0.802183
0.802052
0.801942
0.801852
0.801723
0.801681
0.801651
0.801634
0.801626
0.801625
0.801631
0.801642
0.801656
0.801689
0.801703
0.801713
0.801719
0.801718
0.801708
0.801687
0.801655
0.80161
0.801474
0.801381
0.80127
0.801139
0.800988
0.800816
0.800623
0.800406
0.800167
0.799618
0.799309
0.798976
0.79862
0.798244
0.797846
0.797426
0.796984
0.79652
0.795532
0.795009
0.794468
0.793911
0.793339
0.792754
0.792155
0.791545
0.790925
0.789662
0.789023
0.788382
0.787739
0.787098
0.78646
0.785827
0.785202
0.784585
0.783387
0.782808
0.782246
0.781702
0.781176
0.780673
0.780195
0.779742
0.779316
0.77855
0.778214
0.777912
0.777644
0.777412
0.777217
0.77706
0.776942
0.776865
0.776837
0.776889
0.776986
0.777129
0.777319
0.777556
0.77784
0.778171
0.77855
0.779452
0.779977
0.78055
0.78117
0.781839
0.782555
0.783318
0.784127
0.784983
0.78683
0.78782
0.788853
0.789927
0.791043
0.792198
0.793393
0.794626
0.795896
0.798539
0.799909
0.80131
0.80274
0.804196
0.805678
0.807184
0.808711
0.810258
0.813404
0.815
0.81661
0.818231
0.819861
0.821498
0.82314
0.824786
0.826434
0.829727
0.831368
0.833003
0.83463
0.836246
0.837851
0.839442
0.841019
0.842578
0.845637
0.847135
0.848609
0.850056
0.851477
0.85287
0.854234
0.855566
0.856864
0.859355
0.860544
0.861692
0.862799
0.863864
0.864885
0.865861
0.866789
0.86767
0.869282
0.870011
0.870686
0.871307
0.871873
0.872383
0.872834
0.873227
0.87356
0.874046
0.874197
0.874288
0.874319
0.874286
0.874189
0.87403
0.873808
0.873524
0.872773
0.872305
0.871776
0.871185
0.870533
0.869824
0.869057
0.868233
0.867353
0.865432
0.864395
0.863309
0.862177
0.861
0.85978
0.85852
0.857222
0.85589
0.853132
0.851712
0.850267
0.848801
0.847315
0.845812
0.844295
0.842768
0.841232
0.838149
0.836608
0.83507
0.83354
0.832019
0.830509
0.829014
0.827535
0.826075
0.823226
0.82184
0.820483
0.819156
0.817862
0.816603
0.815381
0.814197
0.813053
0.810891
0.809875
0.808906
0.807986
0.807115
0.806293
0.805521
0.804801
0.804133
0.80296
0.802456
0.80201
0.801622
0.801292
0.801021
0.80081
0.800659
0.800567
0.800568
0.80066
0.800814
0.801029
0.801304
0.801638
0.802033
0.802489
0.803005
0.804213
0.804904
0.805651
0.806456
0.807315
0.808228
0.809192
0.810206
0.811268
0.813531
0.814728
0.815966
0.817243
0.818558
0.819907
0.821288
0.822698
0.824135
0.827082
0.828585
0.830106
0.831641
0.833187
0.834742
0.836303
0.837864
0.839425
0.842531
0.844072
0.8456
0.847113
0.848609
0.850085
0.851537
0.852964
0.854363
0.857067
0.858367
0.859631
0.860855
0.862039
0.863181
0.864277
0.865327
0.86633
0.868184
0.869033
0.869829
0.870569
0.871254
0.871881
0.872449
0.872958
0.873408
0.87413
0.874398
0.874606
0.874753
0.874839
0.874864
0.874826
0.874726
0.874564
0.874054
0.873707
0.873299
0.872832
0.872305
0.87172
0.871078
0.870378
0.869622
0.867944
0.867026
0.866055
0.865033
0.86396
0.862838
0.861668
0.86045
0.859186
0.856526
0.855132
0.853697
0.852222
0.850707
0.849155
0.847567
0.845944
0.844286
0.840871
0.839117
0.837333
0.835519
0.833677
0.831808
0.829912
0.827993
0.82605
0.8221
0.820092
0.818064
0.816018
0.813954
0.811874
0.80978
0.807669
0.805545
0.801259
0.7991
0.796931
0.794753
0.792568
0.790377
0.78818
0.78598
0.783778
0.779372
0.77717
0.774973
0.772781
0.770597
0.768421
0.766257
0.764106
0.76197
0.757751
0.755672
0.753617
0.751588
0.749588
0.74762
0.745686
0.743788
0.741929
0.738337
0.73661
0.734931
0.733303
0.731726
0.730203
0.728737
0.727329
0.725982
0.723475
0.722317
0.721225
0.720198
0.719239
0.718347
0.717523
0.716767
0.716079
0.714906
0.714419
0.713997
0.71364
0.713346
0.713115
0.712943
0.71283
0.712772
0.712817
0.712916
0.713062
0.713254
0.713488
0.713763
0.714076
0.714425
0.714808
0.715663
0.71613
0.71662
0.717131
0.717659
0.718204
0.718764
0.719334
0.719914
0.721098
0.721696
0.722297
0.722898
0.723498
0.724097
0.724692
0.725281
0.725864
0.727011
0.727572
0.728125
0.72867
0.729206
0.729732
0.730249
0.730758
0.731258
0.732235
0.732713
0.733186
0.733656
0.734122
0.734586
0.735048
0.73551
0.735973
0.736909
0.737385
0.737871
0.738367
0.738874
0.739394
0.739929
0.740481
0.741052
0.742252
0.742885
0.743543
0.744226
0.744936
0.745675
0.746443
0.747241
0.748068
0.749815
0.750735
0.751687
0.75267
0.753683
0.754726
0.755797
0.756897
0.758023
0.760351
0.76155
0.762768
0.764005
0.765257
0.766523
0.7678
0.769085
0.770375
0.77296
0.77425
0.775533
0.776807
0.77807
0.779317
0.780546
0.781754
0.782938
0.785219
0.78631
0.787364
0.788379
0.789352
0.790281
0.791164
0.791999
0.792785
0.794202
0.794829
0.795401
0.795917
0.796376
0.796779
0.797125
0.797413
0.797642
0.797928
0.797985
0.797987
0.797933
0.797827
0.797667
0.797455
0.797192
0.796879
0.796115
0.795667
0.79518
0.794654
0.794093
0.793501
0.79288
0.79223
0.791554
0.790136
0.789399
0.788649
0.787887
0.787118
0.786344
0.785569
0.784794
0.784025
0.782512
0.781776
0.781057
0.78036
0.779688
0.779041
0.778425
0.777841
0.777292
0.776315
0.775893
0.775517
0.775191
0.774917
0.774698
0.774536
0.774434
0.774394
0.774504
0.774659
0.774881
0.775173
0.775534
0.775967
0.776472
0.777048
0.777697
0.779213
0.78008
0.78102
0.782032
0.783115
0.784269
0.785492
0.786784
0.788143
0.791058
0.792608
0.794218
0.795886
0.797609
0.799385
0.80121
0.803082
0.805
0.808962
0.810999
0.813067
0.815163
0.817285
0.819427
0.821589
0.823765
0.825953
0.830347
0.832545
0.834741
0.83693
0.839109
0.841275
0.843426
0.845556
0.847662
0.851788
0.853803
0.855781
0.857721
0.859619
0.861472
0.863278
0.865035
0.86674
0.869984
0.871521
0.873
0.874419
0.875776
0.877069
0.878298
0.879461
0.880557
0.882545
0.883438
0.884263
0.885019
0.885706
0.886323
0.886871
0.88735
0.88776
0.888379
0.888588
0.88873
0.888808
0.888823
0.888775
0.888667
0.8885
0.888276
0.887662
0.887276
0.88684
0.886356
0.885824
0.885248
0.884628
0.883969
0.883272
0.881769
0.880969
0.88014
0.879283
0.8784
0.877496
0.87657
0.875626
0.874666
0.872707
0.871711
0.870707
0.869697
0.868684
0.867671
0.866659
0.865648
0.864641
0.862644
0.861659
0.860684
0.859721
0.858771
0.857836
0.856916
0.856013
0.855127
0.853411
0.852584
0.851778
0.850994
0.850232
0.849491
0.848773
0.848079
0.847407
0.846133
0.845531
0.844952
0.844396
0.843864
0.843355
0.842868
0.842402
0.841958
0.841135
0.840754
0.840393
0.84005
0.839726
0.839419
0.83913
0.838859
0.838605
0.838144
0.837935
0.837741
0.837559
0.837389
0.837229
0.83708
0.83694
0.83681
0.836575
0.836469
0.83637
0.836276
0.836186
0.836101
0.836019
0.83594
0.835863
0.83571
0.835633
0.835556
0.835477
0.835396
0.835312
0.835226
0.835135
0.83504
0.834828
0.834711
0.834585
0.83445
0.834307
0.834152
0.833987
0.833809
0.833617
0.833192
0.832956
0.832703
0.832433
0.832145
0.831838
0.831511
0.831163
0.830793
0.829986
0.829547
0.829083
0.828593
0.828076
0.827531
0.826958
0.826356
0.825725
0.824371
0.823649
0.822894
0.822108
0.821291
0.820441
0.819558
0.818642
0.817693
0.815698
0.814651
0.813571
0.812458
0.811311
0.810134
0.808925
0.807684
0.806414
0.803786
0.80243
0.801048
0.79964
0.798208
0.796751
0.795273
0.793774
0.792257
0.789169
0.787603
0.786024
0.784436
0.78284
0.781237
0.77963
0.77802
0.776408
0.773189
0.771586
0.769992
0.768408
0.766836
0.765277
0.763733
0.762208
0.760704
0.757762
0.756329
0.754925
0.75355
0.752207
0.750898
0.749624
0.748387
0.747188
0.744914
0.743844
0.742819
0.741841
0.74091
0.74003
0.7392
0.738422
0.737698
0.736416
0.735859
0.735358
0.734915
0.73453
0.734203
0.733935
0.733727
0.733579
0.733465
0.733499
0.733594
0.733751
0.733969
0.734247
0.734586
0.734984
0.735442
0.736532
0.737163
0.73785
0.738592
0.739387
0.740234
0.741132
0.742079
0.743073
0.745195
0.746321
0.747486
0.74869
0.749928
0.751199
0.7525
0.75383
0.755185
0.757962
0.759379
0.760812
0.762258
0.763715
0.76518
0.766651
0.768123
0.769596
0.772535
0.773997
0.775451
0.776894
0.778324
0.779741
0.781142
0.782526
0.78389
0.786556
0.787854
0.789128
0.790377
0.791601
0.792798
0.793968
0.795111
0.796225
0.798368
0.799397
0.800396
0.801367
0.802311
0.803226
0.804112
0.804972
0.805804
0.807388
0.808142
0.808869
0.809572
0.81025
0.810905
0.811539
0.81215
0.812741
0.81386
0.81439
0.814901
0.815394
0.815869
0.816326
0.816766
0.81719
0.817597
0.818365
0.818728
0.819077
0.819411
0.819733
0.82004
0.820334
0.820613
0.820878
0.821366
0.821589
0.821798
0.821992
0.822173
0.822338
0.82249
0.822628
0.822752
0.822956
0.823035
0.823098
0.823145
0.823177
0.823193
0.823194
0.823181
0.823152
0.82305
0.822976
0.822888
0.822785
0.822669
0.822539
0.822395
0.82224
0.822075
0.821708
0.821508
0.821298
0.821079
0.82085
0.820614
0.82037
0.82012
0.819864
0.819339
0.819073
0.818804
0.818533
0.818262
0.81799
0.817719
0.817449
0.817181
0.816653
0.816394
0.816138
0.815887
0.815639
0.815396
0.815156
0.814922
0.814691
0.814244
0.814027
0.813816
0.813609
0.813406
0.813208
0.813013
0.812823
0.812636
0.81227
0.81209
0.811911
0.811732
0.811555
0.811378
0.8112
0.811022
0.810844
0.810487
0.810307
0.810124
0.809938
0.809751
0.809562
0.80937
0.809176
0.808978
0.808575
0.80837
0.808164
0.807955
0.807746
0.807536
0.807325
0.807115
0.806905
0.806491
0.806289
0.806091
0.805898
0.805712
0.805531
0.805358
0.805193
0.805037
0.804753
0.804627
0.804513
0.80441
0.804321
0.804245
0.804183
0.804135
0.804103
0.804084
0.804099
0.804132
0.804182
0.80425
0.804335
0.804436
0.804555
0.804692
0.805015
0.805201
0.805404
0.805623
0.805856
0.806104
0.806364
0.806638
0.806925
0.807531
0.807848
0.808174
0.808507
0.808846
0.809192
0.809545
0.809903
0.810263
0.810989
0.811352
0.811714
0.812073
0.812429
0.812781
0.813126
0.813465
0.813796
0.814431
0.814731
0.815019
0.815292
0.81555
0.815791
0.816014
0.816218
0.816402
0.816707
0.816823
0.816915
0.81698
0.817017
0.817026
0.817005
0.816954
0.816872
0.816612
0.81643
0.816213
0.81596
0.81567
0.815343
0.814978
0.814574
0.814132
0.813133
0.812574
0.811977
0.81134
0.810665
0.809952
0.8092
0.80841
0.807582
0.80582
0.804886
0.803918
0.802917
0.801883
0.800819
0.799726
0.798607
0.797462
0.7951
0.793885
0.792651
0.791399
0.790131
0.78885
0.787556
0.786252
0.78494
0.7823
0.780976
0.779651
0.778328
0.777009
0.775695
0.774388
0.773091
0.771804
0.769266
0.768018
0.766786
0.765571
0.764374
0.763198
0.762042
0.760908
0.759795
0.75764
0.756599
0.755582
0.754591
0.753626
0.752687
0.751775
0.75089
0.750033
0.748403
0.747631
0.746888
0.746173
0.745486
0.744827
0.744198
0.743596
0.743022
0.741954
0.741461
0.740995
0.740556
0.740143
0.739755
0.739393
0.739056
0.738744
0.738191
0.73795
0.737732
0.737537
0.737364
0.737211
0.737079
0.736967
0.736876
0.736749
0.736711
0.736691
0.736687
0.7367
0.736729
0.736773
0.736832
0.736907
0.737098
0.737214
0.737342
0.737483
0.737637
0.737803
0.737982
0.738173
0.738376
0.738819
0.73906
0.739315
0.739583
0.739866
0.740162
0.740474
0.7408
0.741143
0.741878
0.742273
0.742687
0.74312
0.743572
0.744045
0.74454
0.745056
0.745596
0.746746
0.747359
0.748
0.748669
0.749367
0.750093
0.750848
0.751634
0.752451
0.754179
0.755092
0.756039
0.757019
0.758035
0.759085
0.760172
0.761293
0.762452
0.76488
0.76615
0.767458
0.768804
0.770191
0.771617
0.773084
0.77459
0.776136
0.779347
0.781013
0.78272
0.784469
0.786258
0.788089
0.789962
0.791878
0.793837
0.797886
0.799975
0.802108
0.804283
0.8065
0.808759
0.811061
0.813404
0.81579
0.820683
0.823188
0.825729
0.828308
0.830921
0.833567
0.836245
0.838954
0.841691
0.84724
0.850048
0.852875
0.855717
0.858571
0.861434
0.864303
0.867175
0.870047
0.875778
0.87863
0.881469
0.884292
0.887094
0.889873
0.892624
0.895345
0.898032
0.903293
0.905859
0.908379
0.91085
0.91327
0.915634
0.917941
0.920188
0.922373
0.92655
0.928538
0.930455
0.932302
0.934077
0.935777
0.937401
0.938949
0.94042
0.943127
0.944363
0.945519
0.946596
0.947592
0.948507
0.949343
0.950097
0.950774
0.951891
0.952331
0.952693
0.952979
0.953187
0.95332
0.953376
0.953358
0.953267
0.952869
0.952567
0.952199
0.951763
0.951263
0.950699
0.950072
0.949384
0.948635
0.946965
0.946047
0.945076
0.944052
0.942978
0.941857
0.940689
0.939477
0.938221
0.935584
0.934208
0.932795
0.931348
0.929868
0.928356
0.926815
0.925247
0.923653
0.920393
0.91873
0.917049
0.91535
0.913636
0.911909
0.910168
0.908417
0.906657
0.903112
0.901331
0.899547
0.89776
0.895973
0.894187
0.892403
0.890621
0.888844
0.885308
0.883549
0.8818
0.88006
0.878332
0.876615
0.874911
0.873218
0.871538
0.868221
0.866586
0.864969
0.863368
0.861782
0.860215
0.858664
0.85713
0.855613
0.852631
0.851165
0.849716
0.848285
0.84687
0.845473
0.844093
0.842731
0.841386
0.838745
0.83745
0.83617
0.834906
0.833657
0.832421
0.831198
0.829989
0.828794
0.826443
0.825285
0.824138
0.823003
0.821878
0.820762
0.819656
0.818559
0.817471
0.815319
0.814253
0.813195
0.812143
0.811098
0.810059
0.809025
0.807997
0.806975
0.804944
0.803936
0.802932
0.801932
0.800936
0.799945
0.798958
0.797976
0.796998
0.795055
0.794091
0.793132
0.792178
0.791229
0.790285
0.789347
0.788414
0.787488
0.785653
0.784746
0.783846
0.782956
0.782075
0.781203
0.78034
0.779487
0.778645
0.776995
0.776187
0.775392
0.774609
0.773838
0.773081
0.772336
0.771605
0.770888
0.769499
0.768825
0.768167
0.767524
0.766897
0.766286
0.765691
0.765111
0.764547
0.763464
0.762946
0.762444
0.761959
0.761489
0.761035
0.760595
0.760169
0.759758
0.758976
0.758605
0.758248
0.757904
0.757574
0.757255
0.756947
0.756651
0.756367
0.755832
0.75558
0.755338
0.755106
0.754884
0.754671
0.754467
0.754271
0.754082
0.753729
0.753564
0.753407
0.753257
0.753116
0.752983
0.752857
0.752738
0.752627
0.75243
0.752344
0.752266
0.752197
0.752135
0.75208
0.752035
0.751998
0.751971
0.751942
0.751941
0.751948
0.751964
0.751989
0.752023
0.752065
0.752116
0.752176
0.752323
0.752408
0.752502
0.752604
0.752713
0.75283
0.752954
0.753085
0.753222
0.753512
0.753664
0.75382
0.75398
0.754143
0.754309
0.754477
0.754646
0.754816
0.755155
0.755323
0.755491
0.755656
0.755819
0.755978
0.756133
0.756284
0.75643
0.756704
0.756832
0.756954
0.757071
0.757181
0.757285
0.757383
0.757473
0.757556
0.757703
0.757767
0.757824
0.757877
0.757924
0.757965
0.758003
0.758037
0.758068
0.758128
0.758157
0.758187
0.758217
0.758249
0.758285
0.758324
0.758367
0.758417
0.758538
0.758613
0.758698
0.758794
0.758902
0.759023
0.759158
0.759308
0.759474
0.759856
0.760075
0.760313
0.760571
0.760851
0.761152
0.761476
0.761824
0.762195
0.763008
0.763451
0.76392
0.764414
0.764934
0.765479
0.766051
0.766648
0.767271
0.768596
0.769297
0.770025
0.770778
0.771557
0.772361
0.77319
0.774046
0.774925
0.776757
0.777709
0.778683
0.77968
0.780698
0.781736
0.782794
0.78387
0.784965
0.787208
0.788354
0.789517
0.790695
0.791888
0.793094
0.794311
0.795539
0.796777
0.79928
0.800541
0.801807
0.803079
0.804354
0.805632
0.80691
0.808188
0.809465
0.812012
0.813281
0.814544
0.8158
0.81705
0.818291
0.819523
0.820744
0.821954
0.824336
0.825505
0.826658
0.827795
0.828915
0.830016
0.831099
0.832161
0.833203
0.835223
0.836199
0.837152
0.838082
0.838987
0.839868
0.840724
0.841553
0.842357
0.843884
0.844607
0.845302
0.845971
0.846613
0.847227
0.847813
0.848372
0.848906
0.849889
0.850339
0.850759
0.851152
0.851516
0.851853
0.852163
0.852444
0.852699
0.85313
0.853306
0.853457
0.853581
0.853679
0.853752
0.8538
0.853823
0.853821
0.853748
0.853677
0.853585
0.85347
0.853333
0.853175
0.852998
0.852799
0.852581
0.852088
0.851815
0.851523
0.851214
0.850887
0.850544
0.850185
0.84981
0.849418
0.84859
0.848155
0.847705
0.84724
0.846762
0.846271
0.845769
0.845253
0.844726
0.843635
0.843072
0.842498
0.841913
0.841317
0.84071
0.840092
0.839461
0.838819
0.837498
0.83682
0.83613
0.835428
0.834715
0.833991
0.833255
0.832506
0.831745
0.830187
0.829392
0.828585
0.827765
0.826932
0.826087
0.82523
0.824361
0.823479
0.821677
0.820757
0.819826
0.818883
0.817929
0.816964
0.815989
0.815004
0.814011
0.811999
0.810984
0.809962
0.808936
0.807907
0.806875
0.805843
0.80481
0.803779
0.801725
0.800706
0.799693
0.798689
0.797696
0.796716
0.79575
0.7948
0.793867
0.792058
0.791186
0.790338
0.789516
0.788721
0.787956
0.787221
0.786517
0.785846
0.784605
0.784037
0.783506
0.783013
0.782559
0.782142
0.781765
0.781426
0.781128
0.780649
0.780471
0.780334
0.780237
0.780178
0.780157
0.780173
0.780227
0.780316
0.780599
0.780791
0.781015
0.78127
0.781555
0.781869
0.782211
0.782579
0.782972
0.783827
0.784287
0.784766
0.785262
0.785775
0.786302
0.786842
0.787395
0.787959
0.789111
0.789696
0.790286
0.790879
0.791474
0.792068
0.792661
0.793252
0.793838
0.794992
0.795556
0.79611
0.796653
0.797183
0.797698
0.798198
0.798683
0.799151
0.800031
0.800442
0.800832
0.801199
0.801544
0.801865
0.802162
0.802434
0.80268
0.803094
0.803262
0.803402
0.803515
0.803601
0.803658
0.803687
0.803688
0.80366
0.803518
0.803404
0.803262
0.803091
0.802893
0.802666
0.802412
0.802131
0.801823
0.801126
0.800739
0.800328
0.799892
0.799432
0.798948
0.79844
0.79791
0.797359
0.796196
0.795584
0.794954
0.794306
0.793641
0.792961
0.792266
0.791556
0.790833
0.789347
0.788588
0.787818
0.787039
0.786253
0.78546
0.784662
0.783859
0.783051
0.781428
0.780616
0.779804
0.778993
0.778186
0.777383
0.776585
0.775793
0.775009
0.773468
0.772712
0.771967
0.771235
0.770516
0.769812
0.769124
0.768453
0.7678
0.766551
0.765957
0.765383
0.764832
0.764304
0.763801
0.763322
0.76287
0.762446
0.761682
0.761345
0.761038
0.760762
0.760519
0.76031
0.760136
0.759998
0.759895
0.759801
0.759813
0.759865
0.759959
0.760096
0.760277
0.760501
0.760771
0.761087
0.761859
0.762319
0.762828
0.763387
0.763996
0.764654
0.765361
0.766118
0.766924
0.768685
0.769637
0.770634
0.771678
0.772767
0.773898
0.77507
0.776281
0.77753
0.780131
0.78148
0.782858
0.784261
0.785688
0.787136
0.788603
0.790084
0.791577
0.794585
0.796095
0.797605
0.799111
0.800612
0.802104
0.803585
0.80505
0.806497
0.809325
0.810701
0.812049
0.813366
0.81465
0.8159
0.817113
0.818288
0.819424
0.821572
0.822582
0.823548
0.824471
0.825351
0.826185
0.826974
0.827718
0.828418
0.829687
0.830257
0.830784
0.83127
0.831718
0.832126
0.832497
0.832831
0.833131
0.833633
0.833838
0.834016
0.834168
0.834296
0.834401
0.834486
0.834551
0.8346
0.834654
0.834664
0.834665
0.834658
0.834648
0.834635
0.83462
0.834603
0.834588
0.834568
0.834565
0.834569
0.834581
0.8346
0.834629
0.834668
0.83472
0.834784
0.834951
0.835053
0.835167
0.835295
0.835436
0.83559
0.835755
0.835933
0.836122
0.836533
0.836754
0.836985
0.837224
0.83747
0.837724
0.837984
0.838248
0.838515
0.839056
0.839327
0.839597
0.839865
0.840129
0.84039
0.840645
0.840894
0.841135
0.841589
0.841798
0.841995
0.842178
0.842347
0.8425
0.842636
0.842754
0.842854
0.842996
0.843037
0.843058
0.843058
0.843038
0.842995
0.84293
0.842845
0.842739
0.842461
0.84229
0.842099
0.841886
0.841654
0.841402
0.841132
0.840844
0.84054
0.839889
0.839545
0.839189
0.838824
0.838451
0.838072
0.837688
0.8373
0.836909
0.836131
0.835747
0.83537
0.835002
0.834644
0.834299
0.833969
0.833655
0.833361
0.832839
0.832615
0.832418
0.832251
0.832115
0.832013
0.831945
0.831913
0.831921
0.832058
0.832189
0.832362
0.83258
0.832843
0.833154
0.833511
0.833914
0.834365
0.835404
0.835992
0.836624
0.837302
0.838022
0.838784
0.839587
0.84043
0.841309
0.843173
0.844153
0.845161
0.846197
0.847256
0.848337
0.849437
0.850555
0.851685
0.853975
0.855128
0.856283
0.857437
0.858588
0.859732
0.860866
0.861987
0.863094
0.86525
0.866292
0.867308
0.868294
0.869251
0.870175
0.871063
0.871913
0.872722
0.874212
0.87489
0.875522
0.876105
0.876639
0.877123
0.877554
0.877934
0.87826
0.878754
0.878921
0.879034
0.879092
0.879095
0.879043
0.878937
0.878777
0.878562
0.877973
0.877598
0.877171
0.876692
0.876163
0.875583
0.874955
0.87428
0.873558
0.87198
0.871125
0.870229
0.869293
0.868318
0.867305
0.866255
0.86517
0.864053
0.861727
0.860521
0.859291
0.858036
0.856759
0.85546
0.854143
0.852808
0.851458
0.84872
0.847335
0.845943
0.844547
0.843147
0.841746
0.840344
0.838944
0.83755
0.83478
0.833408
0.832047
0.8307
0.829367
0.82805
0.826751
0.825472
0.824212
0.821757
0.820563
0.819396
0.818254
0.817139
0.81605
0.814987
0.813951
0.812942
0.811004
0.810075
0.809174
0.808299
0.807451
0.806627
0.805829
0.805054
0.804303
0.802867
0.80218
0.801511
0.800858
0.80022
0.799596
0.798985
0.798384
0.797792
0.796627
0.796051
0.795477
0.794903
0.794328
0.793751
0.793168
0.792579
0.791982
0.790759
0.790128
0.789484
0.788823
0.788146
0.78745
0.786735
0.786
0.785243
0.783658
0.782829
0.781974
0.781092
0.780185
0.77925
0.778288
0.777298
0.776281
0.774163
0.773063
0.771936
0.770784
0.769607
0.768406
0.767181
0.765935
0.764669
0.762082
0.760765
0.759435
0.758094
0.756743
0.755384
0.754021
0.752657
0.751292
0.748574
0.747226
0.745889
0.744566
0.74326
0.741975
0.740712
0.739476
0.738266
0.735942
0.734833
0.733763
0.732735
0.731751
0.730815
0.729927
0.72909
0.728306
0.726901
0.726285
0.725727
0.72523
0.724793
0.724417
0.724103
0.723852
0.723664
0.723475
0.723475
0.723538
0.723663
0.723849
0.724095
0.724402
0.724769
0.725194
0.726217
0.726813
0.727463
0.728166
0.728922
0.729728
0.730583
0.731485
0.732434
0.734465
0.735543
0.736662
0.73782
0.739013
0.740241
0.741503
0.742796
0.744121
0.746856
0.748262
0.749692
0.751146
0.75262
0.754113
0.755625
0.757153
0.758694
0.761815
0.763391
0.764975
0.766565
0.768161
0.769761
0.771363
0.772966
0.774569
0.777767
0.779359
0.780945
0.782525
0.784096
0.785656
0.787205
0.788741
0.790262
0.793262
0.794738
0.796197
0.797637
0.799057
0.800458
0.801837
0.803194
0.80453
0.807131
0.808396
0.809636
0.810852
0.812043
0.813208
0.814347
0.815461
0.816549
0.818648
0.819659
0.820646
0.821609
0.822549
0.823467
0.824362
0.825234
0.826085
0.82773
0.828524
0.829299
0.830057
0.830798
0.831524
0.832236
0.832935
0.833623
0.834968
0.835629
0.836283
0.836932
0.837575
0.838214
0.83885
0.839486
0.84012
0.841392
0.842032
0.842675
0.843323
0.843975
0.844633
0.845296
0.845966
0.846643
0.848019
0.848718
0.849423
0.850134
0.850851
0.851572
0.852298
0.853028
0.85376
0.855226
0.855957
0.856685
0.857407
0.858122
0.858827
0.859521
0.860203
0.860869
0.86215
0.862758
0.863343
0.863903
0.864436
0.864939
0.865412
0.865852
0.866256
0.866953
0.867243
0.867493
0.8677
0.867862
0.867981
0.868053
0.868079
0.868058
0.867873
0.867708
0.867496
0.867238
0.866933
0.866581
0.866185
0.865745
0.86526
0.864165
0.863557
0.862912
0.862231
0.861515
0.860766
0.859987
0.85918
0.858347
0.856613
0.855716
0.854802
0.853874
0.852933
0.851981
0.851021
0.850055
0.849087
0.847152
0.84619
0.845233
0.844282
0.84334
0.842406
0.841485
0.840577
0.839682
0.83794
0.837095
0.836268
0.83546
0.83467
0.833901
0.83315
0.83242
0.831711
0.830356
0.829708
0.829081
0.828473
0.827884
0.827314
0.826762
0.826227
0.825709
0.82472
0.824248
0.823791
0.823347
0.822916
0.822497
0.822089
0.821691
0.821303
0.82055
0.820185
0.819827
0.819477
0.819132
0.818793
0.81846
0.818133
0.817813
0.817194
0.816893
0.816597
0.816306
0.81602
0.81574
0.815465
0.815196
0.814933
0.814424
0.814179
0.813941
0.813711
0.813488
0.813273
0.813064
0.812864
0.812671
0.81231
0.812141
0.811982
0.811833
0.811693
0.811565
0.811447
0.811338
0.81124
0.811072
0.811003
0.810943
0.810893
0.810852
0.810821
0.810801
0.810789
0.810785
0.810803
0.810823
0.810851
0.810885
0.810925
0.810971
0.811022
0.811077
0.811138
0.811271
0.811342
0.811416
0.811491
0.811568
0.811646
0.811724
0.811801
0.811879
0.812032
0.812106
0.81218
0.812251
0.812321
0.812389
0.812457
0.812524
0.81259
0.812716
0.812778
0.81284
0.8129
0.81296
0.81302
0.813081
0.813144
0.813209
0.813348
0.813423
0.813502
0.813587
0.813679
0.813777
0.813882
0.813995
0.814117
0.81439
0.814542
0.814706
0.814883
0.815073
0.815277
0.815494
0.815726
0.815972
0.816509
0.8168
0.817106
0.817427
0.817762
0.818111
0.818474
0.818851
0.81924
0.820055
0.820479
0.820914
0.821359
0.821811
0.82227
0.822735
0.823204
0.823677
0.824626
0.8251
0.82557
0.826036
0.826496
0.826948
0.82739
0.827822
0.82824
0.829032
0.829404
0.829759
0.830093
0.830405
0.830694
0.830957
0.831194
0.831404
0.831737
0.831859
0.83195
0.832009
0.832035
0.832027
0.831985
0.831908
0.831796
0.831469
0.831254
0.831004
0.830719
0.8304
0.830046
0.829657
0.829235
0.828779
0.82777
0.827218
0.826636
0.826025
0.825387
0.824722
0.824031
0.823316
0.822576
0.821025
0.820217
0.819389
0.81854
0.817673
0.816786
0.815882
0.81496
0.814021
0.8121
0.811118
0.810124
0.809115
0.808094
0.807062
0.806018
0.804962
0.803894
0.801725
0.800624
0.799512
0.798389
0.797255
0.796111
0.794957
0.793793
0.792619
0.790242
0.789039
0.787827
0.786607
0.785377
0.78414
0.782896
0.781645
0.780387
0.777854
0.77658
0.775302
0.77402
0.772735
0.771449
0.770161
0.768873
0.767585
0.765015
0.763735
0.762459
0.761188
0.759924
0.758667
0.75742
0.756183
0.754959
0.752551
0.751369
0.750206
0.749063
0.747939
0.746836
0.745757
0.744702
0.743673
0.741699
0.740755
0.739843
0.738964
0.738119
0.737309
0.736535
0.735797
0.735099
0.733819
0.73324
0.732704
0.732211
0.731762
0.731357
0.730998
0.730684
0.730418
0.730026
0.729903
0.729829
0.729803
0.729825
0.729896
0.730016
0.730186
0.730403
0.730979
0.731339
0.731745
0.732197
0.732694
0.733235
0.733818
0.734446
0.735116
0.73658
0.73737
0.738199
0.739063
0.739964
0.740899
0.741867
0.742868
0.7439
0.746055
0.747173
0.748317
0.749485
0.750674
0.751885
0.753116
0.754366
0.755634
0.758218
0.759531
0.760856
0.762191
0.763536
0.764889
0.76625
0.767616
0.768987
0.771737
0.773115
0.774492
0.775868
0.777242
0.778612
0.779978
0.781338
0.782692
0.785375
0.786703
0.788022
0.78933
0.790626
0.791909
0.793179
0.794434
0.795673
0.798102
0.799291
0.800463
0.801616
0.802751
0.803867
0.804964
0.806041
0.807096
0.809143
0.810134
0.811104
0.812053
0.81298
0.813885
0.814769
0.815631
0.816471
0.81809
0.818869
0.819628
0.820369
0.821091
0.821795
0.822483
0.823156
0.823815
0.825091
0.825711
0.82632
0.82692
0.827513
0.828099
0.82868
0.829257
0.829831
0.830972
0.831542
0.832113
0.832685
0.83326
0.833839
0.834422
0.83501
0.835605
0.836814
0.837428
0.83805
0.838678
0.839313
0.839953
0.840599
0.84125
0.841903
0.843216
0.843873
0.844528
0.845181
0.845829
0.84647
0.847102
0.847724
0.848333
0.849503
0.85006
0.850595
0.851106
0.851591
0.852046
0.852471
0.852861
0.853216
0.853809
0.854045
0.854239
0.854389
0.854492
0.854548
0.854555
0.854511
0.854416
0.85407
0.853818
0.853513
0.853155
0.852743
0.852279
0.851764
0.851197
0.850581
0.8492
0.848439
0.847633
0.846783
0.84589
0.844956
0.843983
0.842973
0.841926
0.839738
0.8386
0.837436
0.836249
0.835042
0.833816
0.832575
0.831322
0.830058
0.827508
0.826228
0.824947
0.823669
0.822395
0.821129
0.819873
0.81863
0.817402
0.814997
0.813826
0.812679
0.811556
0.810461
0.809394
0.808358
0.807354
0.806383
0.804548
0.803685
0.802862
0.802079
0.801336
0.800636
0.799979
0.799364
0.798792
0.797778
0.797338
0.796942
0.796591
0.796284
0.796022
0.795806
0.795633
0.795505
0.795382
0.795386
0.795433
0.795522
0.795652
0.795822
0.796032
0.796281
0.796569
0.797256
0.797654
0.798086
0.798552
0.79905
0.79958
0.80014
0.80073
0.801348
0.802663
0.803357
0.804075
0.804814
0.805573
0.806351
0.807145
0.807956
0.80878
0.810467
0.811327
0.812196
0.813073
0.813956
0.814844
0.815735
0.81663
0.817525
0.819315
0.820207
0.821096
0.821979
0.822857
0.823727
0.824589
0.825442
0.826284
0.827932
0.828734
0.82952
0.83029
0.831042
0.831776
0.832491
0.833184
0.833854
0.83512
0.835716
0.836283
0.836823
0.837333
0.837813
0.838261
0.838676
0.839059
0.839722
0.84
0.840242
0.840446
0.840611
0.840736
0.84082
0.840863
0.840862
0.840732
0.840602
0.840426
0.840206
0.83994
0.839629
0.839271
0.838868
0.838418
0.837381
0.836793
0.836159
0.835481
0.834758
0.833992
0.833183
0.832331
0.831438
0.829533
0.828521
0.827473
0.826391
0.825275
0.824126
0.822946
0.821738
0.820503
0.817958
0.816651
0.815325
0.813982
0.812625
0.811255
0.809874
0.808485
0.807091
0.804298
0.802905
0.80152
0.800143
0.798779
0.79743
0.796098
0.794786
0.793497
0.790998
0.789793
0.788623
0.78749
0.786396
0.785344
0.784337
0.783377
0.782468
0.780811
0.780066
0.77938
0.778753
0.778189
0.777688
0.777253
0.776885
0.776584
0.776188
0.776095
0.776071
0.776119
0.776236
0.776424
0.776683
0.777011
0.777409
0.778411
0.779012
0.779679
0.780409
0.781202
0.782054
0.782966
0.783934
0.784957
0.787159
0.788335
0.789556
0.790822
0.792129
0.793476
0.794859
0.796277
0.797726
0.800711
0.802241
0.803792
0.805362
0.806949
0.808551
0.810166
0.81179
0.81342
0.816694
0.818332
0.819968
0.821599
0.823222
0.824837
0.826439
0.828027
0.829599
0.832688
0.834202
0.835693
0.837157
0.838596
0.840005
0.841385
0.842733
0.844047
0.846571
0.847777
0.848945
0.850073
0.851161
0.852207
0.85321
0.85417
0.855085
0.856777
0.857551
0.858278
0.858956
0.859584
0.860163
0.860691
0.861168
0.861594
0.86229
0.86256
0.862777
0.862941
0.863051
0.863107
0.86311
0.86306
0.862956
0.862589
0.862325
0.862007
0.861636
0.861211
0.860734
0.860204
0.859623
0.858991
0.857574
0.856791
0.855959
0.855079
0.854152
0.853179
0.852161
0.851098
0.849992
0.847661
0.846438
0.845179
0.843884
0.842556
0.841196
0.839807
0.83839
0.836948
0.833993
0.832485
0.83096
0.829419
0.827865
0.8263
0.824727
0.823146
0.82156
0.818383
0.816796
0.815213
0.813637
0.812069
0.810511
0.808966
0.807436
0.805921
0.802944
0.801484
0.800045
0.798629
0.797236
0.795868
0.794525
0.793208
0.791918
0.789421
0.788214
0.787036
0.785887
0.784766
0.783671
0.782603
0.781562
0.780547
0.778592
0.77765
0.776728
0.775828
0.774947
0.774084
0.773238
0.772406
0.771589
0.769989
0.769203
0.768426
0.767656
0.766893
0.766133
0.765375
0.764618
0.763861
0.762341
0.761577
0.76081
0.760038
0.759261
0.758479
0.757691
0.756897
0.756097
0.754478
0.753661
0.752838
0.752011
0.75118
0.750347
0.749514
0.74868
0.747846
0.746185
0.74536
0.744541
0.743729
0.742926
0.742133
0.741353
0.740585
0.739834
0.738382
0.737687
0.737013
0.736363
0.735737
0.735137
0.734565
0.734021
0.733507
0.732573
0.732156
0.731772
0.731424
0.731112
0.730836
0.730597
0.730394
0.730228
0.730012
0.72996
0.729947
0.729971
0.730032
0.73013
0.730265
0.730437
0.730645
0.73117
0.731486
0.731839
0.732227
0.732652
0.733112
0.733609
0.734142
0.734709
0.735946
0.736615
0.737319
0.738058
0.738831
0.739639
0.740481
0.741356
0.742266
0.744185
0.745196
0.746241
0.74732
0.748433
0.749579
0.750756
0.751964
0.753204
0.755774
0.757104
0.758462
0.759848
0.76126
0.762697
0.764158
0.765642
0.767148
0.77022
0.771783
0.773361
0.774952
0.776555
0.778167
0.779788
0.781413
0.783042
0.786305
0.787934
0.78956
0.791179
0.792787
0.794384
0.795968
0.797534
0.799082
0.802114
0.803593
0.805046
0.806468
0.807858
0.809214
0.810535
0.811818
0.81306
0.815418
0.81653
0.817596
0.818613
0.819581
0.820498
0.821362
0.822173
0.822931
0.824282
0.824873
0.825408
0.825886
0.826308
0.826675
0.826986
0.827242
0.827443
0.827679
0.827717
0.827703
0.827636
0.82752
0.827356
0.827144
0.826888
0.826588
0.825863
0.825443
0.824987
0.824498
0.823979
0.823431
0.822858
0.82226
0.821642
0.820353
0.819687
0.819011
0.818327
0.817639
0.81695
0.816262
0.815577
0.814898
0.81357
0.812925
0.812297
0.811689
0.811104
0.810542
0.810006
0.809498
0.809019
0.808157
0.807778
0.807435
0.80713
0.806863
0.806637
0.806452
0.806308
0.806208
0.806138
0.806168
0.806242
0.806359
0.80652
0.806725
0.806973
0.807262
0.807592
0.808372
0.808822
0.809308
0.80983
0.810386
0.810976
0.811595
0.812244
0.812919
0.814344
0.815089
0.815852
0.816632
0.817426
0.818233
0.819049
0.819873
0.820703
0.822372
0.823205
0.824034
0.824857
0.825671
0.826473
0.827262
0.828034
0.828789
0.830238
0.830928
0.831594
0.832231
0.832838
0.833413
0.833954
0.834462
0.834935
0.835765
0.836121
0.836436
0.836709
0.836939
0.837124
0.837264
0.83736
0.837409
0.837365
0.837272
0.837131
0.836943
0.836707
0.836425
0.836096
0.83572
0.835298
0.834317
0.83376
0.833161
0.832521
0.831839
0.831118
0.830358
0.82956
0.828728
0.82696
0.826029
0.825069
0.824081
0.823067
0.82203
0.820972
0.819894
0.8188
0.816567
0.815434
0.814293
0.813148
0.812
0.810855
0.809713
0.808576
0.807447
0.805219
0.804125
0.803048
0.80199
0.800953
0.79994
0.798953
0.797995
0.797067
0.795311
0.794486
0.7937
0.792951
0.792243
0.791576
0.790951
0.79037
0.789834
0.788897
0.788497
0.788144
0.787836
0.787574
0.787357
0.787184
0.787055
0.78697
0.786925
0.786962
0.787036
0.787146
0.787289
0.787464
0.787669
0.787901
0.788159
0.78874
0.789059
0.789392
0.789739
0.790096
0.790461
0.790831
0.791203
0.791574
0.792305
0.792659
0.793004
0.793336
0.793653
0.793952
0.794232
0.794491
0.794728
0.795124
0.79528
0.795407
0.795503
0.795568
0.795601
0.795601
0.795567
0.795498
0.795259
0.795089
0.794885
0.794649
0.79438
0.79408
0.793749
0.793389
0.793
0.792143
0.791678
0.79119
0.790683
0.790156
0.789613
0.789055
0.788484
0.787903
0.78672
0.786124
0.785527
0.784934
0.784346
0.783765
0.783193
0.782631
0.782082
0.781032
0.780534
0.780058
0.779605
0.779178
0.778777
0.778402
0.778057
0.77774
0.777199
0.776976
0.776787
0.776631
0.776508
0.77642
0.776365
0.776343
0.776354
0.776473
0.776581
0.776719
0.776887
0.777082
0.777305
0.777553
0.777826
0.778123
0.77878
0.779138
0.779514
0.779906
0.780311
0.78073
0.78116
0.781601
0.782048
0.782957
0.783415
0.783874
0.784332
0.784789
0.785241
0.785689
0.786131
0.786564
0.787403
0.787806
0.788197
0.788575
0.788938
0.789285
0.789615
0.789928
0.790224
0.790759
0.790996
0.791213
0.791409
0.791584
0.791739
0.791871
0.791983
0.792073
0.792186
0.792211
0.792212
0.792192
0.792149
0.792085
0.792
0.791894
0.791767
0.791454
0.791268
0.791063
0.79084
0.790599
0.790342
0.790069
0.78978
0.789477
0.788831
0.78849
0.788139
0.787778
0.787409
0.787032
0.786648
0.786258
0.785863
0.785062
0.784659
0.784256
0.783854
0.783455
0.783059
0.782666
0.782279
0.781899
0.781165
0.780811
0.780468
0.780137
0.779819
0.779515
0.779227
0.778955
0.7787
0.778249
0.778052
0.777875
0.77772
0.777589
0.777481
0.777396
0.777335
0.777298
0.777298
0.777335
0.777398
0.777486
0.777599
0.777737
0.777899
0.778084
0.778293
0.778778
0.779053
0.779349
0.779664
0.779998
0.78035
0.780718
0.781101
0.781498
0.782329
0.782758
0.783195
0.783638
0.784086
0.784537
0.784989
0.785441
0.785889
0.786772
0.787204
0.787628
0.788041
0.788443
0.788833
0.789209
0.78957
0.789915
0.790554
0.790847
0.791122
0.791377
0.791614
0.791831
0.792029
0.792208
0.792369
0.792639
0.792749
0.792842
0.79292
0.792985
0.793037
0.793079
0.793111
0.793134
0.793163
0.793172
0.79318
0.793189
0.793201
0.793217
0.793241
0.793274
0.793316
0.793439
0.793521
0.793621
0.793739
0.793878
0.794038
0.794222
0.79443
0.794663
0.79521
0.795524
0.795868
0.796242
0.796647
0.797082
0.797548
0.798047
0.798578
0.799734
0.800359
0.801017
0.801705
0.802423
0.803171
0.80395
0.804757
0.805593
0.807347
0.808264
0.809206
0.810172
0.811164
0.812178
0.813215
0.814273
0.815351
0.817562
0.818693
0.81984
0.821002
0.822179
0.823369
0.824571
0.825785
0.82701
0.82949
0.830742
0.832003
0.83327
0.834544
0.835824
0.837109
0.838397
0.839689
0.842282
0.843581
0.844882
0.846183
0.847484
0.848783
0.850079
0.851373
0.852664
0.855232
0.856509
0.857781
0.859046
0.860304
0.861553
0.862794
0.864025
0.865248
0.86766
0.86885
0.870029
0.871199
0.872356
0.873501
0.874633
0.875753
0.876861
0.879043
0.880115
0.881175
0.882221
0.883255
0.884277
0.885286
0.886283
0.88727
0.889211
0.890167
0.891114
0.892052
0.892981
0.893902
0.894816
0.895724
0.896626
0.898418
0.899308
0.900195
0.901079
0.90196
0.90284
0.90372
0.9046
0.905479
0.907243
0.908128
0.909014
0.909901
0.910791
0.911682
0.912574
0.913467
0.914361
0.91615
0.917043
0.917935
0.918826
0.919713
0.920598
0.921479
0.922355
0.923226
0.924945
0.925791
0.926628
0.927454
0.928268
0.929069
0.929855
0.930625
0.931376
0.93282
0.933508
0.934173
0.934811
0.935421
0.936003
0.936554
0.937074
0.93756
0.938427
0.938802
0.939136
0.939426
0.939671
0.939872
0.940024
0.940128
0.94018
0.940125
0.940015
0.939849
0.939628
0.939348
0.939009
0.938609
0.938146
0.93762
0.936376
0.935657
0.93487
0.934015
0.933092
0.932099
0.931037
0.929906
0.928704
0.92609
0.924676
0.92319
0.921633
0.920005
0.918306
0.916537
0.914697
0.912787
0.90876
0.906643
0.904459
0.902209
0.899894
0.897516
0.895076
0.892575
0.890014
0.884718
0.881986
0.879202
0.876369
0.873486
0.870556
0.867581
0.864561
0.8615
0.855265
0.852094
0.848891
0.845659
0.842399
0.839116
0.835812
0.83249
0.829152
0.822441
0.819073
0.815702
0.81233
0.80896
0.805593
0.802234
0.798884
0.795548
0.788928
0.78565
0.782398
0.779174
0.775981
0.772822
0.769701
0.76662
0.763582
0.757643
0.754749
0.751907
0.74912
0.74639
0.74372
0.741111
0.738566
0.736087
0.731333
0.729061
0.726861
0.724735
0.722685
0.720712
0.718816
0.717
0.715262
0.712029
0.710534
0.70912
0.707788
0.706538
0.705369
0.704282
0.703277
0.702352
0.700743
0.700057
0.69945
0.698922
0.698473
0.698099
0.6978
0.697575
0.697421
0.697326
0.697381
0.697503
0.697689
0.697938
0.698248
0.698616
0.699042
0.699522
0.700642
0.701276
0.701957
0.702682
0.703447
0.704252
0.705094
0.70597
0.706878
0.708781
0.709771
0.710781
0.71181
0.712854
0.713911
0.714979
0.716053
0.717132
0.719294
0.72037
0.721441
0.722504
0.723555
0.724594
0.725617
0.726622
0.727605
0.729502
0.730411
0.73129
0.732138
0.732954
0.733735
0.73448
0.735187
0.735855
0.737066
0.737608
0.738106
0.738559
0.738968
0.739331
0.739648
0.739919
0.740145
0.740463
0.740556
0.740604
0.740609
0.740572
0.740493
0.740374
0.740218
0.740026
0.739537
0.739246
0.738925
0.738579
0.738208
0.737815
0.737404
0.736978
0.736539
0.735633
0.735173
0.734711
0.734252
0.733799
0.733354
0.732921
0.732503
0.732102
0.731363
0.731031
0.730728
0.730456
0.730218
0.730017
0.729855
0.729734
0.729656
0.729635
0.729696
0.729808
0.72997
0.730182
0.730447
0.730763
0.731132
0.731556
0.732564
0.733148
0.733785
0.734475
0.735218
0.736013
0.73686
0.737757
0.738704
0.740743
0.741832
0.742966
0.744143
0.745362
0.746622
0.747922
0.749261
0.750636
0.753487
0.754959
0.756461
0.75799
0.759546
0.761128
0.762732
0.764357
0.766001
0.769344
0.771037
0.772744
0.774462
0.776189
0.777926
0.779671
0.781422
0.783178
0.786704
0.788472
0.790241
0.792012
0.793783
0.795552
0.797319
0.799083
0.800844
0.804355
0.806104
0.807848
0.809587
0.81132
0.813046
0.814767
0.816481
0.818188
0.821575
0.823253
0.824921
0.826577
0.828222
0.829856
0.831477
0.833087
0.834683
0.83783
0.83938
0.840913
0.842429
0.843925
0.845402
0.84686
0.848298
0.849715
0.852481
0.853828
0.85515
0.856447
0.857716
0.858957
0.860169
0.861352
0.862505
0.864717
0.865774
0.866798
0.867791
0.86875
0.869675
0.870565
0.87142
0.87224
0.873773
0.874486
0.875161
0.8758
0.876403
0.876967
0.877495
0.877984
0.878435
0.879223
0.879559
0.879859
0.880122
0.880347
0.880535
0.880686
0.8808
0.880875
0.88091
0.88087
0.880792
0.880675
0.880519
0.880324
0.880089
0.879816
0.879505
0.878767
0.878342
0.877878
0.877375
0.876834
0.876253
0.875632
0.874972
0.874272
0.872753
0.871935
0.871078
0.870183
0.869249
0.868275
0.867262
0.866209
0.865118
0.862819
0.861611
0.860366
0.859083
0.857764
0.856407
0.855014
0.853586
0.852125
0.849097
0.847532
0.845932
0.8443
0.842637
0.840942
0.839217
0.837463
0.83568
0.832033
0.830171
0.828286
0.826379
0.824451
0.822504
0.820537
0.818553
0.816553
0.812508
0.810467
0.808415
0.806355
0.804287
0.802213
0.800133
0.79805
0.795965
0.791795
0.789713
0.787636
0.785565
0.783503
0.781451
0.779412
0.777387
0.775378
0.771415
0.769465
0.767541
0.765642
0.763771
0.761931
0.760123
0.75835
0.756613
0.753261
0.751649
0.750083
0.748566
0.747099
0.745685
0.744327
0.743026
0.741786
0.739497
0.738451
0.737473
0.736566
0.735733
0.734973
0.73429
0.733683
0.733154
0.732336
0.732049
0.731843
0.731719
0.731676
0.731715
0.731834
0.732034
0.732314
0.733112
0.733627
0.734218
0.734882
0.735617
0.736421
0.737293
0.738228
0.739225
0.741395
0.742563
0.743782
0.745049
0.74636
0.747712
0.749101
0.750525
0.751979
0.754968
0.756496
0.758043
0.759604
0.761177
0.762759
0.764347
0.765936
0.767525
0.770692
0.772264
0.773825
0.775372
0.776904
0.778418
0.779912
0.781384
0.782831
0.785644
0.787006
0.788337
0.789636
0.790901
0.792131
0.793326
0.794485
0.795607
0.797739
0.798747
0.799715
0.800645
0.801536
0.802388
0.803202
0.803979
0.804718
0.806089
0.806722
0.807321
0.807887
0.808422
0.808928
0.809404
0.809853
0.810277
0.811053
0.811409
0.811746
0.812065
0.81237
0.812661
0.81294
0.813209
0.813471
0.813974
0.814221
0.814466
0.814713
0.814962
0.815216
0.815474
0.815738
0.81601
0.816582
0.816885
0.817199
0.817525
0.817865
0.818218
0.818585
0.818967
0.819363
0.820199
0.82064
0.821095
0.821564
0.822048
0.822545
0.823057
0.823581
0.824118
0.825228
0.8258
0.826383
0.826975
0.827575
0.828183
0.828799
0.829421
0.830049
0.831319
0.83196
0.832603
0.83325
0.833899
0.834549
0.8352
0.83585
0.836499
0.837789
0.838431
0.83907
0.839704
0.840334
0.840959
0.841579
0.842193
0.8428
0.843993
0.844578
0.845156
0.845726
0.846288
0.84684
0.847383
0.847916
0.848438
0.849452
0.849943
0.850425
0.850895
0.851354
0.851802
0.852239
0.852665
0.85308
0.853878
0.85426
0.85463
0.85499
0.855338
0.855675
0.856001
0.856316
0.85662
0.857198
0.857472
0.857738
0.857994
0.858241
0.85848
0.858712
0.858935
0.859151
0.859558
0.85975
0.859935
0.860113
0.860287
0.860456
0.860619
0.860776
0.860928
0.861216
0.861351
0.861481
0.861606
0.861724
0.861837
0.861944
0.862047
0.862143
0.862323
0.862406
0.862481
0.862551
0.862614
0.862671
0.862721
0.862766
0.862803
0.862855
0.862871
0.86288
0.862882
0.862877
0.862865
0.862846
0.86282
0.862788
0.862702
0.86265
0.862595
0.862533
0.862467
0.862396
0.862319
0.862239
0.862154
0.861977
0.861883
0.861789
0.861696
0.861604
0.861513
0.861423
0.861337
0.861256
0.861108
0.861041
0.86098
0.860928
0.860884
0.860849
0.860822
0.860805
0.860799
0.860822
0.860854
0.860899
0.860958
0.86103
0.861116
0.861216
0.861329
0.861455
0.861746
0.86191
0.862087
0.862275
0.862474
0.862682
0.862898
0.863122
0.863352
0.863825
0.864065
0.864305
0.864544
0.86478
0.865011
0.865235
0.86545
0.865654
0.866023
0.866186
0.866331
0.866456
0.866559
0.866638
0.866693
0.866721
0.866721
0.866626
0.86653
0.8664
0.866234
0.866032
0.865792
0.865515
0.865198
0.864842
0.864011
0.863536
0.863021
0.862467
0.861874
0.861243
0.860575
0.859871
0.85913
0.857544
0.856703
0.855833
0.854933
0.854006
0.853053
0.852075
0.851075
0.850055
0.847963
0.846896
0.845816
0.844727
0.843631
0.842529
0.841424
0.840319
0.839216
0.837024
0.83594
0.834866
0.833805
0.832759
0.83173
0.83072
0.829731
0.828765
0.826905
0.826015
0.825153
0.824321
0.823519
0.82275
0.822013
0.821311
0.820645
0.819423
0.818869
0.818353
0.817877
0.817439
0.817041
0.816683
0.816366
0.81609
0.81566
0.815505
0.815389
0.815313
0.815276
0.815277
0.815317
0.815393
0.815506
0.81584
0.816059
0.81631
0.816594
0.816908
0.817251
0.817623
0.818022
0.818446
0.819364
0.819853
0.82036
0.820883
0.821419
0.821968
0.822527
0.823093
0.823666
0.824821
0.825397
0.825969
0.826535
0.827094
0.827642
0.828177
0.828698
0.829202
0.830146
0.830579
0.830985
0.83136
0.831701
0.832007
0.832275
0.832502
0.832687
0.83292
0.832963
0.832954
0.832891
0.832773
0.832597
0.832362
0.832066
0.831707
0.830794
0.830238
0.829614
0.828921
0.828157
0.827322
0.826417
0.82544
0.82439
0.822069
0.820797
0.819452
0.818034
0.816543
0.81498
0.813344
0.811638
0.80986
0.806101
0.804122
0.80208
0.799975
0.79781
0.795588
0.793312
0.790984
0.788606
0.783714
0.781207
0.778662
0.776084
0.773475
0.770839
0.768179
0.765501
0.762807
0.757391
0.754675
0.751961
0.749251
0.746551
0.743864
0.741195
0.738547
0.735925
0.730771
0.728246
0.725761
0.723319
0.720923
0.718577
0.716282
0.714043
0.711861
0.707682
0.705689
0.703763
0.701907
0.700122
0.698409
0.696769
0.695203
0.693713
0.69096
0.689699
0.688515
0.687409
0.686382
0.685432
0.684561
0.683768
0.683053
0.681855
0.681373
0.680967
0.680636
0.68038
0.680199
0.68009
0.680055
0.680093
0.68038
0.680628
0.680943
0.681324
0.681771
0.682283
0.682859
0.683497
0.684196
0.685773
0.68665
0.687582
0.68857
0.68961
0.690701
0.691844
0.693034
0.69427
0.69687
0.698232
0.699632
0.701068
0.702537
0.704038
0.70557
0.707129
0.708714
0.711949
0.713594
0.715254
0.716926
0.718606
0.720294
0.721985
0.723677
0.725367
0.728732
0.7304
0.732054
0.733693
0.735312
0.73691
0.738483
0.740028
0.741542
0.744466
0.745869
0.747231
0.748548
0.749819
0.751039
0.752207
0.753319
0.754374
0.756302
0.75717
0.757972
0.758705
0.759367
0.759957
0.760474
0.760915
0.76128
0.761774
0.761901
0.761947
0.761912
0.761796
0.761598
0.761318
0.760957
0.760514
0.759386
0.758702
0.757938
0.757097
0.75618
0.755189
0.754126
0.752991
0.751787
0.749185
0.747794
0.746345
0.744843
0.743291
0.741693
0.740053
0.738376
0.736663
0.733154
0.731365
0.72956
0.727744
0.725922
0.724098
0.722279
0.720467
0.718669
0.715133
0.713405
0.71171
0.710054
0.708441
0.706875
0.705361
0.703904
0.702508
0.699916
0.698728
0.697617
0.696585
0.695637
0.694776
0.694005
0.693326
0.692742
0.691867
0.691581
0.691397
0.691317
0.691344
0.691478
0.69172
0.69207
0.692529
0.693773
0.694557
0.69545
0.696449
0.697555
0.698767
0.700082
0.7015
0.70302
0.706359
0.708174
0.710083
0.712084
0.714175
0.716353
0.718618
0.720965
0.723391
0.728468
0.731113
0.733826
0.736602
0.739438
0.742331
0.745276
0.748271
0.751311
0.757514
0.76067
0.763857
0.767072
0.770313
0.773574
0.776853
0.780146
0.783449
0.79007
0.793383
0.796692
0.799994
0.803287
0.806567
0.809832
0.813079
0.816305
0.822683
0.82583
0.828946
0.83203
0.835079
0.83809
0.841062
0.843992
0.846879
0.852516
0.855264
0.857963
0.860613
0.863212
0.865759
0.868253
0.870694
0.87308
0.877686
0.879905
0.882068
0.884174
0.886223
0.888215
0.890152
0.892031
0.893854
0.897334
0.898992
0.900595
0.902145
0.903641
0.905083
0.906473
0.907811
0.9091
0.911526
0.912667
0.913759
0.914806
0.915807
0.916763
0.917678
0.918551
0.919383
0.92093
0.921646
0.922326
0.92297
0.92358
0.924156
0.9247
0.925212
0.925694
0.926577
0.926979
0.927356
0.927706
0.928031
0.928332
0.92861
0.928865
0.929099
0.929502
0.929673
0.929824
0.929954
0.930065
0.930156
0.930227
0.930279
0.930312
0.93032
0.930295
0.930251
0.930187
0.930104
0.93
0.929874
0.929728
0.92956
0.929158
0.928924
0.928667
0.928386
0.928081
0.927752
0.927398
0.92702
0.926616
0.925729
0.925245
0.924732
0.924191
0.923622
0.923026
0.9224
0.921745
0.921063
0.919613
0.918844
0.918046
0.91722
0.916366
0.915484
0.914573
0.913634
0.912667
0.910652
0.909604
0.90853
0.90743
0.906305
0.905154
0.90398
0.902784
0.901565
0.89906
0.897776
0.896474
0.895152
0.893813
0.892455
0.891081
0.889691
0.888285
0.885431
0.883983
0.882522
0.881049
0.879565
0.878071
0.876566
0.875051
0.873528
0.870456
0.868909
0.867356
0.865796
0.86423
0.862659
0.861083
0.859503
0.857919
0.854736
0.853138
0.851534
0.849925
0.848313
0.846696
0.845075
0.84345
0.841822
0.838554
0.836914
0.83527
0.833623
0.831972
0.830317
0.828658
0.826995
0.825329
0.821982
0.820303
0.818619
0.816933
0.815243
0.81355
0.811854
0.810156
0.808454
0.805046
0.80334
0.801631
0.799922
0.798214
0.796506
0.794799
0.793093
0.79139
0.787994
0.786302
0.784616
0.782936
0.781265
0.779604
0.777954
0.776317
0.774693
0.771494
0.76992
0.768366
0.766833
0.765324
0.76384
0.762382
0.760951
0.759552
0.75685
0.755553
0.754297
0.753081
0.751907
0.750778
0.749694
0.748658
0.747672
0.745858
0.745034
0.744267
0.74356
0.742915
0.742333
0.741815
0.741363
0.740979
0.740417
0.740243
0.74014
0.740111
0.740155
0.740274
0.740468
0.740739
0.741085
0.742007
0.742581
0.74323
0.743955
0.744755
0.745628
0.746575
0.747593
0.748682
0.751068
0.752361
0.753719
0.755139
0.756618
0.758155
0.759749
0.761395
0.763092
0.766627
0.768459
0.770328
0.772232
0.774169
0.776135
0.778127
0.780142
0.782177
0.786291
0.788362
0.790439
0.792517
0.794593
0.796663
0.798724
0.800773
0.802806
0.80681
0.808775
0.810711
0.812614
0.814482
0.816313
0.818103
0.819848
0.821547
0.824798
0.826346
0.827837
0.829272
0.830648
0.831964
0.833219
0.83441
0.835535
0.837581
0.838499
0.839347
0.840124
0.840828
0.841459
0.842015
0.842498
0.842907
0.843505
0.843692
0.843804
0.843845
0.843814
0.843711
0.843537
0.843293
0.842979
0.842145
0.841626
0.841043
0.840395
0.839684
0.838914
0.838086
0.837201
0.836261
0.834226
0.833137
0.832001
0.830822
0.829603
0.828345
0.827052
0.825728
0.824373
0.821586
0.820158
0.818713
0.817252
0.81578
0.814299
0.812812
0.81132
0.809827
0.806849
0.805369
0.803899
0.802442
0.800999
0.799574
0.798167
0.796781
0.795419
0.792771
0.791488
0.790235
0.789013
0.787823
0.786668
0.785546
0.78446
0.783409
0.781417
0.780476
0.779572
0.778706
0.777878
0.777088
0.776335
0.775622
0.77495
0.773722
0.773166
0.772648
0.772168
0.771727
0.771324
0.77096
0.770635
0.770347
0.769883
0.769707
0.769567
0.769464
0.769397
0.769367
0.769372
0.769412
0.769485
0.769734
0.769908
0.770114
0.770352
0.770621
0.770921
0.77125
0.771608
0.771994
0.772849
0.773315
0.773804
0.774316
0.774848
0.775401
0.775973
0.776562
0.777168
0.778427
0.779078
0.779741
0.780413
0.781095
0.781785
0.782482
0.783186
0.783894
0.785322
0.78604
0.786761
0.787482
0.788204
0.788927
0.789649
0.79037
0.791091
0.79253
0.793247
0.793961
0.794673
0.795383
0.79609
0.796796
0.7975
0.798202
0.799603
0.800303
0.801003
0.801702
0.802402
0.803103
0.803804
0.804505
0.805208
0.806618
0.807326
0.808035
0.808745
0.809456
0.810169
0.810883
0.811599
0.812317
0.813756
0.814476
0.815199
0.815923
0.816647
0.81737
0.818093
0.818813
0.81953
0.820951
0.821654
0.82235
0.823039
0.82372
0.824391
0.825052
0.825701
0.826338
0.827567
0.828159
0.828733
0.829287
0.829821
0.830333
0.830823
0.83129
0.831733
0.832542
0.832907
0.833242
0.833548
0.833823
0.834067
0.834278
0.834457
0.834602
0.83479
0.83483
0.834834
0.834801
0.834731
0.834624
0.83448
0.834299
0.83408
0.833533
0.833206
0.832844
0.832447
0.832016
0.831552
0.831056
0.830529
0.829971
0.828771
0.82813
0.827464
0.826776
0.826066
0.825338
0.824592
0.82383
0.823054
0.821468
0.820665
0.819858
0.819048
0.818238
0.81743
0.816627
0.81583
0.815043
0.813503
0.812756
0.812027
0.811318
0.810632
0.80997
0.809335
0.808729
0.808154
0.807105
0.806635
0.806203
0.805811
0.80546
0.805152
0.804887
0.804667
0.804492
0.804279
0.804241
0.80425
0.804306
0.804408
0.804557
0.804754
0.804996
0.805283
0.805988
0.806404
0.806862
0.807361
0.807898
0.808471
0.809081
0.809724
0.8104
0.811838
0.812598
0.813383
0.814189
0.815016
0.815861
0.816723
0.817601
0.818489
0.820296
0.821208
0.822124
0.823042
0.823959
0.824873
0.825783
0.826686
0.827583
0.829344
0.830205
0.831051
0.83188
0.832693
0.833489
0.834265
0.83502
0.835752
0.837143
0.837802
0.838434
0.839038
0.839616
0.840166
0.840686
0.841179
0.841642
0.842481
0.842856
0.843202
0.843518
0.843807
0.844068
0.8443
0.844505
0.844681
0.844948
0.845042
0.845109
0.845149
0.845164
0.845154
0.845118
0.845056
0.844969
0.844722
0.844562
0.844378
0.84417
0.843938
0.843685
0.843408
0.843109
0.842785
0.842068
0.841674
0.841256
0.840813
0.840347
0.839855
0.839339
0.838797
0.838229
0.837015
0.836369
0.835696
0.834997
0.834271
0.833519
0.832738
0.831929
0.831091
0.82933
0.828407
0.827455
0.826476
0.825467
0.82443
0.823363
0.822268
0.821144
0.818813
0.817607
0.816374
0.815116
0.813832
0.812524
0.811192
0.809838
0.808462
0.805649
0.804213
0.802759
0.801288
0.799801
0.798301
0.796789
0.795265
0.793732
0.790639
0.789082
0.787519
0.785953
0.784385
0.782815
0.781244
0.779674
0.778106
0.77498
0.773424
0.771874
0.770332
0.768799
0.767275
0.765762
0.764262
0.762776
0.759847
0.758408
0.756986
0.755583
0.754199
0.752837
0.751497
0.750179
0.748885
0.746372
0.745155
0.743965
0.742803
0.741672
0.740571
0.739502
0.738464
0.737459
0.735549
0.734645
0.733776
0.732944
0.732149
0.731393
0.730676
0.729998
0.72936
0.728205
0.727689
0.727214
0.726782
0.726393
0.726045
0.72574
0.725478
0.725261
0.724958
0.724872
0.724832
0.724837
0.724887
0.724982
0.725121
0.725304
0.725532
0.72612
0.726482
0.726888
0.727339
0.727835
0.728376
0.72896
0.729589
0.730259
0.731728
0.732525
0.733364
0.734243
0.735162
0.73612
0.737115
0.738149
0.739218
0.741461
0.742633
0.743839
0.745076
0.746345
0.747643
0.748969
0.750323
0.751702
0.754534
0.755983
0.757453
0.758941
0.760447
0.76197
0.763507
0.765058
0.76662
0.769771
0.771357
0.772948
0.774542
0.776137
0.777732
0.779325
0.780916
0.782502
0.785654
0.787216
0.788767
0.790304
0.791827
0.793334
0.794822
0.796291
0.797739
0.800565
0.801941
0.803288
0.804607
0.805896
0.807154
0.808379
0.80957
0.810724
0.812922
0.813965
0.814968
0.815931
0.816851
0.817729
0.818565
0.819357
0.820105
0.821467
0.82208
0.822647
0.82317
0.823648
0.82408
0.824465
0.824806
0.825102
0.825561
0.825725
0.825846
0.825925
0.825963
0.82596
0.825919
0.82584
0.825726
0.825395
0.82518
0.824933
0.824657
0.824354
0.824023
0.823666
0.823285
0.822884
0.822024
0.821569
0.821098
0.820614
0.820118
0.81961
0.819094
0.818572
0.818044
0.816976
0.81644
0.815903
0.815368
0.814836
0.814309
0.813788
0.813274
0.812768
0.811785
0.81131
0.810846
0.810397
0.809962
0.809542
0.809138
0.808751
0.808381
0.807697
0.807384
0.807092
0.806822
0.806574
0.806349
0.806149
0.805972
0.80582
0.805592
0.805516
0.805467
0.805444
0.805448
0.805479
0.805538
0.805626
0.805742
0.80606
0.806263
0.806495
0.806757
0.807049
0.807372
0.807725
0.80811
0.808526
0.809453
0.809965
0.810509
0.811085
0.811693
0.812334
0.813008
0.813716
0.814457
0.816039
0.81688
0.817755
0.818662
0.819602
0.820577
0.821584
0.822624
0.823697
0.825942
0.827114
0.828317
0.829551
0.830818
0.832115
0.833443
0.834803
0.836192
0.839062
0.840541
0.842049
0.843584
0.845147
0.846736
0.848349
0.849985
0.851643
0.855025
0.856744
0.85848
0.86023
0.861996
0.863774
0.865563
0.867363
0.869169
0.8728
0.874619
0.876439
0.878256
0.880071
0.88188
0.883682
0.885474
0.887256
0.890773
0.892505
0.894217
0.895905
0.897566
0.899198
0.900799
0.902367
0.903898
0.906846
0.908257
0.909623
0.910941
0.91221
0.913427
0.91459
0.915698
0.916748
0.918665
0.919529
0.920329
0.92106
0.921723
0.922316
0.922838
0.923286
0.923659
0.924181
0.924326
0.924392
0.924379
0.924286
0.924114
0.923861
0.923528
0.923113
0.922045
0.921392
0.920661
0.919852
0.918966
0.918005
0.91697
0.915861
0.91468
0.91211
0.910724
0.909273
0.90776
0.906187
0.904556
0.902869
0.90113
0.89934
0.89562
0.893694
0.891729
0.889728
0.887694
0.885629
0.883535
0.881417
0.879275
0.874936
0.872742
0.870535
0.868317
0.866091
0.86386
0.861625
0.859391
0.857158
0.852708
0.850493
0.848287
0.846092
0.843909
0.84174
0.839586
0.837451
0.835334
0.83116
0.829106
0.827074
0.825066
0.823083
0.821126
0.819194
0.817289
0.815412
0.811739
0.809946
0.808183
0.80645
0.804747
0.803074
0.801433
0.799822
0.798241
0.795172
0.793681
0.792221
0.790792
0.789391
0.78802
0.786677
0.785362
0.784075
0.781583
0.780377
0.779197
0.778043
0.776915
0.775812
0.774733
0.773678
0.772645
0.770646
0.76968
0.768735
0.767811
0.766908
0.766023
0.765156
0.764309
0.76348
0.761873
0.761094
0.760332
0.759586
0.758855
0.758139
0.757438
0.756752
0.75608
0.754778
0.754148
0.753533
0.752932
0.752346
0.751774
0.751216
0.750673
0.750144
0.749132
0.74865
0.748183
0.747732
0.747296
0.746878
0.746478
0.746095
0.745731
0.745058
0.744749
0.744461
0.744193
0.743946
0.74372
0.743517
0.743337
0.74318
0.742939
0.742855
0.742799
0.742769
0.742766
0.742791
0.742844
0.742926
0.743037
0.74335
0.743552
0.743785
0.74405
0.744346
0.744674
0.745034
0.745427
0.745853
0.746801
0.747324
0.74788
0.748468
0.749088
0.749738
0.75042
0.751132
0.751874
0.753444
0.754271
0.755124
0.756002
0.756905
0.757832
0.758782
0.759753
0.760743
0.762777
0.763817
0.764872
0.765939
0.767016
0.768101
0.769192
0.770288
0.771387
0.773588
0.774686
0.775782
0.776873
0.777957
0.779034
0.7801
0.781155
0.782198
0.784239
0.785235
0.786212
0.787171
0.78811
0.789028
0.789923
0.790796
0.791648
0.793283
0.794064
0.79482
0.795551
0.796258
0.79694
0.797597
0.798227
0.798832
0.799965
0.800493
0.800996
0.801475
0.801928
0.802357
0.802761
0.803142
0.803498
0.804145
0.804437
0.804706
0.804954
0.80518
0.805385
0.805571
0.805737
0.805882
0.806115
0.806202
0.806271
0.806321
0.806353
0.806369
0.806369
0.806353
0.80632
0.806205
0.806122
0.806024
0.805911
0.805784
0.805642
0.805486
0.805316
0.805134
0.804736
0.80452
0.804293
0.804055
0.803806
0.803548
0.803281
0.803005
0.802721
0.802129
0.801822
0.801508
0.801187
0.80086
0.800527
0.800188
0.799842
0.79949
0.798772
0.798404
0.798029
0.797649
0.797263
0.796871
0.796474
0.796071
0.795661
0.79482
0.794387
0.793947
0.793499
0.793041
0.792575
0.792101
0.79162
0.79113
0.790119
0.789598
0.789067
0.788525
0.787974
0.787412
0.786841
0.786259
0.785668
0.784455
0.783836
0.783209
0.782575
0.781933
0.781285
0.780631
0.779973
0.77931
0.777978
0.777311
0.776643
0.775977
0.775313
0.774653
0.773998
0.77335
0.772709
0.771457
0.770848
0.770253
0.769671
0.769105
0.768555
0.768025
0.767515
0.767026
0.766115
0.765696
0.765301
0.764933
0.764591
0.764276
0.763991
0.763737
0.763513
0.763159
0.763029
0.762931
0.762866
0.762835
0.762839
0.762878
0.762952
0.763061
0.763388
0.763607
0.763864
0.764158
0.764489
0.76486
0.765269
0.765718
0.766205
0.7673
0.767908
0.768556
0.769244
0.769973
0.770742
0.771553
0.772404
0.773295
0.7752
0.776212
0.777263
0.778354
0.779484
0.780651
0.781856
0.783098
0.784377
0.787041
0.788426
0.789844
0.791293
0.792774
0.794285
0.795825
0.797392
0.798986
0.80225
0.803916
0.805603
0.807309
0.809033
0.810773
0.812529
0.814298
0.816081
0.819676
0.821486
0.823302
0.825121
0.826943
0.828767
0.830589
0.83241
0.834228
0.837848
0.839648
0.841438
0.843218
0.844985
0.84674
0.848479
0.850203
0.851908
0.855259
0.856901
0.858521
0.860115
0.861682
0.863221
0.864731
0.866208
0.867653
0.870437
0.871773
0.87307
0.874325
0.875537
0.876706
0.877829
0.878905
0.879932
0.881835
0.882708
0.883526
0.884287
0.884992
0.885638
0.886223
0.886747
0.887208
0.887936
0.888201
0.888399
0.888528
0.888589
0.888579
0.888499
0.888348
0.888124
0.88746
0.887019
0.886508
0.885923
0.885265
0.884534
0.883731
0.882856
0.88191
0.879807
0.878652
0.877427
0.876134
0.874774
0.873349
0.87186
0.870308
0.868695
0.86529
0.863504
0.861662
0.859769
0.857828
0.85584
0.853807
0.851732
0.849619
0.845287
0.843074
0.840835
0.838572
0.83629
0.83399
0.831677
0.829354
0.827025
0.822363
0.820037
0.81772
0.815416
0.813129
0.810862
0.808619
0.806405
0.804223
0.799971
0.79791
0.795896
0.793934
0.792027
0.790179
0.788393
0.786673
0.785022
0.781935
0.780504
0.779152
0.77788
0.776692
0.775588
0.774571
0.773642
0.772801
0.77139
0.770821
0.770344
0.769959
0.769665
0.769463
0.769352
0.769331
0.769401
0.769806
0.770139
0.770557
0.771059
0.771645
0.772312
0.773057
0.773879
0.774776
0.776783
0.777889
0.77906
0.780295
0.781589
0.78294
0.784345
0.785802
0.787307
0.790456
0.792093
0.793768
0.795476
0.797216
0.798985
0.800778
0.802593
0.804428
0.808148
0.810025
0.81191
0.813798
0.815688
0.817578
0.819463
0.82134
0.823206
0.826896
0.828714
0.830511
0.832282
0.834025
0.835737
0.837416
0.839059
0.840664
0.843747
0.845222
0.846647
0.848021
0.849342
0.850607
0.851814
0.852961
0.854045
0.856015
0.856897
0.857709
0.858449
0.859115
0.859707
0.860223
0.860661
0.861019
0.861493
0.861607
0.861638
0.861586
0.861448
0.861226
0.860918
0.860525
0.860047
0.858839
0.858109
0.857297
0.856403
0.855428
0.854374
0.853242
0.852034
0.850751
0.847973
0.846481
0.844923
0.843303
0.841624
0.839888
0.838101
0.836266
0.834386
0.830508
0.828519
0.826502
0.824462
0.822404
0.820331
0.81825
0.816164
0.814079
0.809931
0.807878
0.805846
0.803841
0.801866
0.799926
0.798026
0.79617
0.794362
0.790908
0.78927
0.787696
0.78619
0.784754
0.783391
0.782103
0.780895
0.779765
0.777753
0.776873
0.776078
0.77537
0.774748
0.774211
0.77376
0.773393
0.773109
0.772785
0.772742
0.772775
0.772881
0.773059
0.773308
0.773624
0.774003
0.77444
0.775479
0.776073
0.776711
0.777389
0.778106
0.778856
0.779636
0.780442
0.781271
0.782979
0.783853
0.784734
0.785621
0.786509
0.787396
0.78828
0.789158
0.790027
0.79173
0.79256
0.793374
0.794169
0.794945
0.795698
0.796428
0.797134
0.797816
0.799102
0.799706
0.800284
0.800838
0.801367
0.80187
0.80235
0.802807
0.803241
0.804045
0.804418
0.804773
0.80511
0.805431
0.805738
0.806033
0.806317
0.806593
0.807125
0.807384
0.80764
0.807896
0.808153
0.808413
0.808678
0.80895
0.809232
0.809822
0.810134
0.810458
0.810798
0.811154
0.811525
0.811914
0.812321
0.812746
0.813654
0.814136
0.814638
0.815158
0.815696
0.816253
0.816828
0.817422
0.818031
0.819294
0.819946
0.820609
0.821283
0.821966
0.822658
0.823354
0.824055
0.824758
0.826162
0.826859
0.827551
0.828235
0.82891
0.829573
0.830222
0.830855
0.831471
0.832641
0.833191
0.833716
0.834214
0.834683
0.835121
0.835527
0.835898
0.836234
0.836796
0.83702
0.837205
0.83735
0.837454
0.837517
0.837537
0.837516
0.837452
0.8372
0.837011
0.83678
0.836507
0.836195
0.835842
0.83545
0.83502
0.834553
0.833508
0.832932
0.832322
0.831681
0.831009
0.830308
0.829578
0.82882
0.828036
0.826393
0.825538
0.824663
0.82377
0.822857
0.821929
0.820984
0.820027
0.819058
0.817092
0.816097
0.815098
0.814094
0.813087
0.812079
0.811073
0.810069
0.809067
0.807074
0.806087
0.805108
0.804139
0.803179
0.80223
0.801293
0.80037
0.799461
0.797692
0.796834
0.795996
0.795178
0.794383
0.79361
0.79286
0.792134
0.791432
0.790106
0.789484
0.78889
0.788323
0.787784
0.787273
0.786791
0.786339
0.785916
0.78516
0.784829
0.784529
0.784261
0.784023
0.783816
0.78364
0.783496
0.783385
0.783257
0.783239
0.783252
0.783295
0.783369
0.783473
0.783606
0.783768
0.783958
0.784422
0.784693
0.784991
0.785313
0.785661
0.786032
0.786427
0.786843
0.787281
0.788219
0.788717
0.789232
0.789764
0.790312
0.790874
0.79145
0.792038
0.792638
0.793873
0.794504
0.795143
0.795789
0.796442
0.7971
0.797763
0.798431
0.799103
0.800456
0.801135
0.801816
0.802498
0.803182
0.803866
0.804552
0.805238
0.805925
0.807304
0.807995
0.808686
0.809377
0.810068
0.810759
0.811451
0.812144
0.812838
0.814233
0.814933
0.815632
0.816333
0.817033
0.817735
0.818436
0.819136
0.819835
0.821226
0.821916
0.822604
0.823288
0.823966
0.824639
0.825304
0.82596
0.826607
0.827866
0.828477
0.829074
0.829656
0.830221
0.830769
0.831298
0.831807
0.832295
0.833204
0.833621
0.834013
0.834378
0.834714
0.835021
0.835296
0.83554
0.83575
