-6.65046
-6.65046
-6.65046
-6.65046
-6.65046
-6.65046
-6.65046
-6.65046
-6.65046
-6.65046
-6.65046
-6.65046
-6.65045
-6.65045
-6.65013
-6.65013
-6.64948
-6.64851
-6.64657
-6.64495
-6.64365
-6.64139
-6.64042
-6.63945
-6.63524
-6.63297
-6.632
-6.62779
-6.62552
-6.62487
-6.62326
-6.62228
-6.62034
-6.61969
-6.61807
-6.61678
-6.61516
-6.61419
-6.61322
-6.61192
-6.60998
-6.60901
-6.60739
-6.60739
-6.60641
-6.60609
-6.60512
-6.60447
-6.60382
-6.6035
-6.60285
-6.6022
-6.60058
-6.59929
-6.59929
-6.59799
-6.59702
-6.59637
-6.5954
-6.59475
-6.59378
-6.59281
-6.59248
-6.59151
-6.59151
-6.59022
-6.59022
-6.58989
-6.58989
-6.58924
-6.58859
-6.58762
-6.58762
-6.58697
-6.58697
-6.58665
-6.586
-6.586
-6.58568
-6.5847
-6.5847
-6.58438
-6.58438
-6.58438
-6.58405
-6.58405
-6.58373
-6.58341
-6.58341
-6.58308
-6.42553
-6.4252
-6.42488
-6.42455
-6.42423
-6.42391
-6.42391
-6.42358
-6.42358
-6.42326
-6.42326
-6.42326
-6.42358
-6.42326
-6.42261
-6.42196
-6.42196
-6.42164
-6.42099
-6.42099
-6.42067
-6.42034
-6.42002
-6.42002
-6.4197
-6.4197
-6.4197
-6.41905
-6.41905
-6.41905
-6.41873
-6.41873
-6.41873
-6.41905
-6.41905
-6.41905
-6.41873
-6.41841
-6.41841
-6.41905
-6.41905
-6.41873
-6.41873
-6.41841
-6.41808
-6.41808
-6.41776
-6.41711
-6.41776
-6.41809
-6.41809
-6.41809
-6.41873
-6.41874
-6.41874
-6.41841
-6.41809
-6.41809
-6.41809
-6.41809
-6.41809
-6.41809
-6.41712
-6.41647
-6.41615
-6.41615
-6.4168
-6.4168
-6.4168
-6.4168
-6.4168
-6.41615
-6.41648
-6.4168
-6.41648
-6.41648
-6.41615
-6.41583
-6.41551
-6.41551
-6.41551
-6.41583
-6.41551
-6.41551
-6.41583
-6.41615
-6.41616
-6.41616
-6.41616
-6.41551
-5.54319
-5.54319
-5.54254
-5.54254
-5.54254
-5.54254
-5.54287
-5.54287
-5.54254
-5.54287
-5.54319
-5.54319
-5.54287
-5.54287
-5.54287
-5.54319
-5.54319
-5.54125
-5.54125
-5.54157
-5.54124
-5.54124
-5.54157
-5.54189
-5.54189
-5.54254
-5.54254
-5.54221
-5.54189
-5.54189
-5.54124
-5.54156
-5.54156
-5.54156
-5.54124
-5.54124
-5.54156
-5.54124
-5.54124
-5.54221
-5.54188
-5.54156
-5.54123
-5.54123
-5.54123
-5.54156
-5.54156
-5.54123
-5.54123
-5.54058
-5.54091
-5.54058
-5.5409
-5.54123
-5.54123
-5.5409
-5.54122
-5.5409
-5.5409
-5.54187
-5.54187
-5.54219
-5.54187
-5.5409
-5.54057
-5.54057
-5.54089
-5.54089
-5.53992
-5.5396
-5.53927
-5.53927
-5.53992
-5.53895
-5.53895
-5.53927
-5.53927
-5.53959
-5.53959
-5.5383
-5.53829
-5.53765
-5.53765
-5.53765
-5.53765
-5.53797
-5.53764
-5.53732
-5.53797
-5.53764
-5.47233
-5.47233
-5.47169
-5.47136
-5.47169
-5.47233
-5.47266
-5.47298
-5.47331
-5.47331
-5.47363
-5.47331
-5.47363
-5.47395
-5.47428
-5.47428
-5.4746
-5.4746
-5.47396
-5.47363
-5.47363
-5.47396
-5.47396
-5.47364
-5.47364
-5.47364
-5.47364
-5.47332
-5.47364
-5.47332
-5.47397
-5.47429
-5.47397
-5.47364
-5.47494
-5.47494
-5.47397
-5.47462
-5.47494
-5.47494
-5.47527
-5.47527
-5.47527
-5.47462
-5.47495
-5.47462
-5.4743
-5.47398
-5.47365
-5.47301
-5.47268
-5.47333
-5.47333
-5.47333
-5.47333
-5.47236
-5.47269
-5.47269
-5.47269
-5.47236
-5.47269
-5.47334
-5.47334
-5.47496
-5.47398
-5.47366
-5.47334
-5.47301
-5.47301
-5.47269
-5.47204
-5.47204
-5.47204
-5.47237
-5.47237
-5.47269
-5.47334
-5.47301
-5.47301
-5.47334
-5.47366
-5.47301
-5.47334
-5.47301
-5.47269
-5.47237
-5.47237
-5.47269
-5.47237
-5.47172
-5.23715
-5.23715
-5.23748
-5.23748
-5.23812
-5.23845
-5.23845
-5.23812
-5.23845
-5.23845
-5.23909
-5.23877
-5.23877
-5.23877
-5.23877
-5.23877
-5.23909
-5.23974
-5.24006
-5.23973
-5.24006
-5.23973
-5.23908
-5.23908
-5.23908
-5.23973
-5.24038
-5.24005
-5.24037
-5.2407
-5.2407
-5.2407
-5.2407
-5.24102
-5.24102
-5.24166
-5.24166
-5.24069
-5.24069
-5.24037
-5.24069
-5.24069
-5.24037
-5.24004
-5.24069
-5.24134
-5.24166
-5.24198
-5.24198
-5.24263
-5.24263
-5.24263
-5.24295
-5.24328
-5.24295
-5.24295
-5.24295
-5.24328
-5.2436
-5.2436
-5.24392
-5.24425
-5.24425
-5.24393
-5.2436
-5.24425
-5.2436
-5.24328
-5.24328
-5.24296
-5.24328
-5.24328
-5.24328
-5.24328
-5.24296
-5.24296
-5.24328
-5.24264
-5.24328
-5.24361
-5.24361
-5.24426
-5.24458
-5.2449
-5.24523
-5.2449
-5.2449
-5.24458
-5.24393
-5.24296
-5.3763
-5.37598
-5.37663
-5.37663
-5.37598
-5.37598
-5.37566
-5.37565
-5.37533
-5.37533
-5.37533
-5.37598
-5.37533
-5.37501
-5.37598
-5.37598
-5.37598
-5.37566
-5.37501
-5.37436
-5.37404
-5.37371
-5.37436
-5.37436
-5.37436
-5.37404
-5.37372
-5.37436
-5.37372
-5.37339
-5.37339
-5.37339
-5.37339
-5.37372
-5.37372
-5.37372
-5.37436
-5.37404
-5.37404
-5.37469
-5.37469
-5.37469
-5.37437
-5.37437
-5.37437
-5.37469
-5.37501
-5.37501
-5.37501
-5.37469
-5.37501
-5.37501
-5.37534
-5.37501
-5.37404
-5.3734
-5.3734
-5.37307
-5.37242
-5.37242
-5.37178
-5.37178
-5.37178
-5.37242
-5.37275
-5.37307
-5.37275
-5.37307
-5.37242
-5.3721
-5.3721
-5.3721
-5.37145
-5.37145
-5.37145
-5.3708
-5.37113
-5.37113
-5.37145
-5.37145
-5.37113
-5.37113
-5.37145
-5.37177
-5.37145
-5.37177
-5.37145
-5.37145
-5.3721
-5.3721
-5.36466
-5.36498
-5.36498
-5.36466
-5.36466
-5.36466
-5.36531
-5.36531
-5.36531
-5.36563
-5.36563
-5.36498
-5.36498
-5.36498
-5.36466
-5.36498
-5.36466
-5.3653
-5.36628
-5.3666
-5.36628
-5.36531
-5.36531
-5.36563
-5.36563
-5.36531
-5.36595
-5.36498
-5.36498
-5.36596
-5.36596
-5.36628
-5.36595
-5.36628
-5.36596
-5.3666
-5.3666
-5.3666
-5.36693
-5.36725
-5.36725
-5.36693
-5.36758
-5.36758
-5.36758
-5.36725
-5.36628
-5.36564
-5.36564
-5.36596
-5.36596
-5.36628
-5.36693
-5.3679
-5.36693
-5.36726
-5.36693
-5.36758
-5.36855
-5.36725
-5.36758
-5.3679
-5.3679
-5.36855
-5.36855
-5.36952
-5.37017
-5.37049
-5.37049
-5.36985
-5.36984
-5.36984
-5.36984
-5.37017
-5.37049
-5.37082
-5.37082
-5.37082
-5.37146
-5.37114
-5.37146
-5.37243
-5.37211
-5.37243
-5.37211
-5.37276
-5.37276
-5.37211
-5.37179
-5.37146
-5.50453
-5.50453
-5.50389
-5.50389
-5.50421
-5.50389
-5.50421
-5.50389
-5.50389
-5.50453
-5.50551
-5.50583
-5.50615
-5.50615
-5.50615
-5.50551
-5.50486
-5.50551
-5.50615
-5.50518
-5.50518
-5.50518
-5.50551
-5.50583
-5.50551
-5.50518
-5.50551
-5.50518
-5.50615
-5.50583
-5.50518
-5.50486
-5.50518
-5.50518
-5.50518
-5.50518
-5.50518
-5.50518
-5.50454
-5.50486
-5.50421
-5.50454
-5.50486
-5.50486
-5.50518
-5.50551
-5.50615
-5.5068
-5.5068
-5.50648
-5.5068
-5.50745
-5.50713
-5.50777
-5.5068
-5.50745
-5.50745
-5.50745
-5.50745
-5.50777
-5.50777
-5.50777
-5.50777
-5.50777
-5.50777
-5.50777
-5.5081
-5.50745
-5.50745
-5.50777
-5.50777
-5.50777
-5.50842
-5.5081
-5.50875
-5.5081
-5.50745
-5.50713
-5.50777
-5.50713
-5.50616
-5.50583
-5.50616
-5.50648
-5.50583
-5.50551
-5.50551
-5.50519
-5.50519
-5.50454
-5.52774
-5.52709
-5.52774
-5.52742
-5.52709
-5.52774
-5.52709
-5.52742
-5.52742
-5.52709
-5.52742
-5.52806
-5.52839
-5.52871
-5.52903
-5.52903
-5.52871
-5.52903
-5.52936
-5.52936
-5.53
-5.53033
-5.53
-5.52968
-5.52936
-5.52936
-5.52903
-5.52903
-5.52936
-5.52806
-5.52709
-5.52741
-5.52709
-5.52709
-5.52612
-5.52579
-5.52644
-5.52644
-5.52644
-5.52612
-5.52612
-5.52612
-5.52709
-5.52676
-5.52741
-5.52741
-5.52774
-5.52741
-5.52806
-5.52774
-5.52838
-5.52838
-5.52838
-5.52838
-5.52871
-5.52838
-5.52741
-5.52741
-5.52741
-5.52774
-5.52774
-5.52741
-5.52741
-5.52774
-5.52677
-5.52677
-5.52677
-5.52709
-5.52677
-5.52677
-5.52644
-5.52612
-5.52579
-5.52579
-5.52644
-5.52709
-5.52677
-5.52741
-5.52741
-5.52709
-5.52677
-5.52644
-5.52579
-5.52612
-5.52612
-5.5258
-5.52677
-5.52677
-5.52677
-5.52741
-5.5244
-5.52375
-5.52375
-5.52375
-5.52343
-5.5231
-5.52375
-5.52407
-5.52407
-5.52407
-5.5244
-5.52602
-5.52602
-5.52602
-5.52602
-5.52634
-5.52634
-5.52666
-5.52699
-5.52699
-5.52699
-5.52763
-5.52699
-5.52763
-5.52763
-5.52699
-5.52666
-5.52731
-5.52634
-5.52666
-5.52699
-5.52731
-5.52699
-5.52796
-5.52763
-5.52763
-5.52796
-5.52763
-5.52731
-5.52698
-5.52634
-5.52601
-5.52569
-5.52601
-5.52569
-5.52536
-5.52569
-5.52536
-5.52569
-5.52601
-5.52569
-5.52601
-5.52569
-5.52569
-5.52666
-5.52698
-5.52698
-5.52731
-5.52763
-5.52666
-5.52569
-5.52537
-5.52569
-5.52569
-5.52569
-5.52537
-5.52504
-5.52569
-5.52569
-5.52537
-5.52537
-5.52601
-5.52634
-5.52601
-5.52536
-5.52569
-5.52536
-5.52536
-5.52536
-5.52504
-5.52569
-5.52569
-5.52601
-5.52634
-5.52666
-5.52666
-5.52698
-5.52731
-5.52698
-5.52634
-5.43794
-5.43827
-5.43859
-5.43827
-5.43827
-5.43827
-5.43827
-5.43794
-5.43794
-5.43697
-5.43665
-5.43697
-5.43632
-5.43665
-5.43665
-5.43665
-5.43665
-5.43665
-5.43632
-5.43632
-5.43697
-5.43665
-5.43697
-5.436
-5.43632
-5.43665
-5.43697
-5.436
-5.436
-5.43568
-5.43535
-5.43503
-5.43535
-5.436
-5.43568
-5.43568
-5.436
-5.43568
-5.43568
-5.436
-5.43536
-5.436
-5.436
-5.43633
-5.43665
-5.43633
-5.436
-5.436
-5.43665
-5.43697
-5.43697
-5.43697
-5.43697
-5.43665
-5.43665
-5.43633
-5.43762
-5.43795
-5.4373
-5.4373
-5.4373
-5.43633
-5.436
-5.43665
-5.43665
-5.43665
-5.4373
-5.43795
-5.43827
-5.43859
-5.43827
-5.43795
-5.43762
-5.43762
-5.4373
-5.43698
-5.43698
-5.43633
-5.43601
-5.43601
-5.43568
-5.43503
-5.43536
-5.43536
-5.43536
-5.43439
-5.43342
-5.43374
-5.43374
-5.43374
-5.43471
-5.43503
-5.43503
-5.43503
-5.43471
-5.43503
-5.43503
-5.43536
-5.43438
-5.43374
-5.43406
-5.43406
-5.43438
-5.43406
-5.43438
-5.43471
-5.43438
-5.43438
-5.43406
-5.43406
-5.43406
-5.43438
-5.43438
-5.43503
-5.4347
-5.43503
-5.4347
-5.43405
-5.43405
-5.43405
-5.43405
-5.43438
-5.4347
-5.43438
-5.43438
-5.43373
-5.43437
-5.43405
-5.43437
-5.43373
-5.4334
-5.4334
-5.4334
-5.4334
-5.4334
-5.43372
-5.43372
-5.43372
-5.43405
-5.43405
-5.43372
-5.4334
-5.4334
-5.4334
-5.43308
-5.43308
-5.4334
-5.43308
-5.4334
-5.43405
-5.4347
-5.43437
-5.43405
-5.43275
-5.43243
-5.43243
-5.43178
-5.43211
-5.43211
-5.43146
-5.43146
-5.43114
-5.43082
-5.43082
-5.43146
-5.43114
-5.43146
-5.43179
-5.43179
-5.43211
-5.43341
-5.43341
-5.43341
-5.43309
-5.43309
-5.43276
-5.43309
-5.43341
-5.43341
-5.43341
-5.43374
-5.43374
-5.43374
-5.43406
-5.43503
-5.43536
-5.43536
-5.43536
-5.43568
-5.43504
-5.43504
-5.43633
-5.43666
-5.43698
-5.43763
-5.43763
-5.43763
-5.4373
-5.4373
-5.4373
-5.43763
-5.43763
-5.4373
-5.43795
-5.43795
-5.43763
-5.4373
-5.4373
-5.43698
-5.4373
-5.43698
-5.43665
-5.43633
-5.43568
-5.43633
-5.43665
-5.43633
-5.43795
-5.43827
-5.43859
-5.43924
-5.43892
-5.43859
-5.43859
-5.43827
-5.43924
-5.44021
-5.44021
-5.43989
-5.43989
-5.43956
-5.43988
-5.43988
-5.43988
-5.43923
-5.43956
-5.43956
-5.43956
-5.43956
-5.43988
-5.4402
-5.4402
-5.43988
-5.43955
-5.44053
-5.44053
-5.4402
-5.44053
-5.44085
-5.44117
-5.44214
-5.44214
-5.44312
-5.44311
-5.44344
-5.44311
-5.44344
-5.44376
-5.44376
-5.44409
-5.44441
-5.44506
-5.44538
-5.44474
-5.44474
-5.44441
-5.44376
-5.44344
-5.44312
-5.44312
-5.44377
-5.44441
-5.44538
-5.44441
-5.44441
-5.44409
-5.44442
-5.44442
-5.44409
-5.44409
-5.4428
-5.44312
-5.44312
-5.44312
-5.44313
-5.44248
-5.4428
-5.44215
-5.44118
-5.44151
-5.44086
-5.44086
-5.44021
-5.44086
-5.44151
-5.44119
-5.44119
-5.44183
-5.44151
-5.44119
-5.44086
-5.44086
-5.44119
-5.44086
-5.44086
-5.44086
-5.44086
-5.44086
-5.44054
-5.44022
-5.44022
-5.44022
-5.43989
-5.44022
-5.44054
-5.43989
-5.43989
-5.43989
-5.43989
-5.44054
-5.43957
-5.43924
-5.43989
-5.43989
-5.43924
-5.43957
-5.43892
-5.43924
-5.43924
-5.43989
-5.43956
-5.43956
-5.43956
-5.43989
-5.44021
-5.43956
-5.43956
-5.43956
-5.43892
-5.43827
-5.43794
-5.43827
-5.43794
-5.43762
-5.43762
-5.43762
-5.43794
-5.43794
-5.43924
-5.43891
-5.43924
-5.43891
-5.43859
-5.43762
-5.43729
-5.43664
-5.43664
-5.43632
-5.43632
-5.43599
-5.43632
-5.43664
-5.43664
-5.43697
-5.43664
-5.43632
-5.43696
-5.43761
-5.43826
-5.43858
-5.43858
-5.43858
-5.43891
-5.43923
-5.43955
-5.43955
-5.43955
-5.43923
-5.43923
-5.43923
-5.43923
-5.43988
-5.43988
-5.43955
-5.43955
-5.43988
-5.44053
-5.43956
-5.43891
-5.43858
-5.43858
-5.43858
-5.43858
-5.43858
-5.43826
-5.43826
-5.43858
-5.43826
-5.43826
-5.43826
-5.43826
-5.43794
-5.43729
-5.43697
-5.43761
-5.43761
-5.43729
-5.43761
-5.43761
-5.43794
-5.43761
-5.43826
-5.43794
-5.43729
-5.43729
-5.43762
-5.43794
-5.43762
-5.43729
-5.43697
-5.43729
-5.43729
-5.43729
-5.43697
-5.43697
-5.43697
-5.43665
-5.43697
-5.43697
-5.43697
-5.43729
-5.43729
-5.43697
-5.43632
-5.43665
-5.43665
-5.43665
-5.43632
-5.43632
-5.436
-5.43503
-5.4347
-5.43503
-5.43438
-5.43373
-5.43406
-5.43406
-5.43341
-5.43373
-5.43373
-5.43438
-5.43405
-5.43405
-5.43373
-5.43405
-5.43341
-5.43308
-5.43308
-5.43308
-5.43308
-5.43308
-5.43244
-5.43244
-5.43276
-5.43308
-5.43243
-5.43276
-5.43308
-5.43308
-5.43373
-5.43405
-5.43341
-5.43308
-5.4334
-5.43405
-5.43438
-5.4347
-5.4347
-5.43438
-5.43405
-5.4347
-5.4347
-5.4334
-5.4334
-5.4334
-5.4334
-5.4334
-5.43373
-5.43373
-5.43373
-5.4347
-5.43502
-5.4347
-5.4347
-5.4347
-5.43535
-5.43535
-5.43567
-5.43567
-5.43567
-5.43567
-5.43535
-5.43535
-5.43503
-5.43438
-5.43438
-5.43438
-5.43406
-5.43406
-5.43373
-5.43373
-5.43373
-5.43373
-5.43373
-5.43373
-5.43373
-5.43341
-5.43309
-5.43373
-5.43406
-5.43373
-5.43341
-5.43438
-5.43373
-5.43373
-5.43341
-5.43341
-5.43341
-5.43309
-5.43341
-5.43309
-5.43244
-5.43276
-5.43244
-5.43309
-5.43309
-5.43309
-5.43341
-5.43309
-5.43244
-5.43244
-5.43244
-5.43244
-5.43244
-5.43276
-5.43244
-5.43276
-5.43244
-5.43277
-5.43374
-5.43374
-5.43406
-5.43438
-5.43471
-5.43536
-5.43536
-5.43568
-5.43568
-5.43568
-5.43568
-5.43568
-5.436
-5.43632
-5.436
-5.43632
-5.436
-5.436
-5.43567
-5.436
-5.43567
-5.43632
-5.43567
-5.43503
-5.43567
-5.43567
-5.43567
-5.43535
-5.43535
-5.43503
-5.43535
-5.436
-5.43535
-5.43567
-5.43535
-5.4347
-5.4347
-5.4347
-5.43503
-5.43438
-5.43438
-5.43406
-5.43406
-5.43341
-5.43341
-5.43276
-5.43244
-5.43212
-5.43212
-5.43244
-5.43147
-5.43082
-5.43114
-5.43114
-5.43212
-5.43179
-5.43115
-5.43147
-5.43212
-5.43212
-5.43147
-5.43212
-5.43276
-5.43147
-5.43147
-5.43147
-5.43147
-5.43147
-5.43179
-5.43147
-5.43179
-5.43211
-5.43244
-5.43211
-5.43147
-5.43114
-5.43179
-5.43179
-5.43179
-5.43146
-5.43146
-5.43179
-5.43114
-5.43114
-5.43146
-5.43179
-5.43179
-5.43178
-5.43178
-5.43178
-5.43211
-5.43211
-5.43276
-5.43178
-5.43211
-5.43211
-5.43211
-5.43178
-5.43211
-5.43243
-5.43243
-5.43276
-5.43276
-5.43308
-5.43308
-5.4334
-5.43308
-5.43275
-5.43211
-5.43211
-5.43178
-5.43308
-5.43308
-5.43308
-5.43276
-5.43276
-5.4334
-5.43373
-5.43405
-5.43438
-5.43502
-5.43535
-5.43535
-5.43535
-5.43503
-5.43535
-5.43632
-5.43664
-5.43664
-5.43729
-5.43729
-5.43826
-5.43859
-5.43891
-5.43859
-5.43794
-5.43859
-5.43859
-5.43891
-5.43891
-5.43924
-5.43924
-5.43924
-5.43924
-5.43956
-5.43989
-5.44021
-5.43989
-5.43956
-5.43956
-5.43924
-5.43924
-5.43989
-5.43989
-5.43989
-5.44021
-5.44021
-5.43956
-5.43924
-5.43924
-5.43859
-5.43826
-5.43794
-5.43826
-5.43794
-5.43729
-5.43697
-5.43729
-5.43762
-5.43729
-5.43794
-5.43762
-5.43632
-5.43664
-5.43729
-5.43794
-5.43761
-5.43761
-5.43729
-5.43729
-5.43859
-5.43858
-5.43858
-5.43923
-5.43891
-5.43891
-5.43858
-5.43858
-5.43826
-5.43632
-5.43632
-5.43664
-5.43632
-5.43599
-5.43599
-5.43632
-5.43697
-5.43794
-5.43697
-5.43664
-5.43632
-5.43632
-5.43664
-5.43729
-5.43826
-5.43794
-5.43859
-5.43923
-5.43923
-5.43923
-5.43891
-5.43891
-5.43956
-5.43923
-5.43988
-5.44053
-5.44118
-5.44085
-5.44085
-5.44118
-5.44053
-5.44118
-5.44085
-5.44053
-5.44021
-5.44085
-5.44085
-5.44118
-5.44118
-5.44085
-5.44085
-5.44085
-5.44118
-5.44085
-5.44053
-5.44053
-5.44118
-5.44118
-5.44021
-5.44021
-5.44021
-5.44021
-5.44021
-5.43956
-5.43924
-5.43891
-5.43924
-5.43956
-5.43924
-5.43891
-5.43891
-5.43827
-5.43859
-5.43762
-5.43762
-5.43665
-5.43794
-5.43794
-5.43762
-5.43665
-5.436
-5.43632
-5.436
-5.43503
-5.43438
-5.43438
-5.43438
-5.43406
-5.43406
-5.43438
-5.43373
-5.43373
-5.43373
-5.43373
-5.43341
-5.43373
-5.43406
-5.4347
-5.43438
-5.43438
-5.43406
-5.43471
-5.43471
-5.43438
-5.43438
-5.43438
-5.43406
-5.43406
-5.43438
-5.4347
-5.43503
-5.43503
-5.43503
-5.43503
-5.43406
-5.43438
-5.43406
-5.43438
-5.43405
-5.43438
-5.43405
-5.4347
-5.43503
-5.4347
-5.4347
-5.43438
-5.4347
-5.4347
-5.43535
-5.43535
-5.43567
-5.43535
-5.43535
-5.436
-5.43632
-5.43503
-5.4347
-5.4347
-5.43567
-5.436
-5.436
-5.43632
-5.43632
-5.43632
-5.43503
-5.43535
-5.4347
-5.43438
-5.4347
-5.4347
-5.43535
-5.43535
-5.43567
-5.43567
-5.43567
-5.43535
-5.43567
-5.4347
-5.4347
-5.4347
-5.43502
-5.4347
-5.43405
-5.43243
-5.43211
-5.43081
-5.42984
-5.42984
-5.43017
-5.42952
-5.42952
-5.42952
-5.42952
-5.42919
-5.42887
-5.42952
-5.42952
-5.42984
-5.42984
-5.43016
-5.43081
-5.43081
-5.43081
-5.43049
-5.43114
-5.43178
-5.43146
-5.43081
-5.43114
-5.43275
-5.43211
-5.43243
-5.43276
-5.43243
-5.43179
-5.43179
-5.43114
-5.43114
-5.43146
-5.43146
-5.43179
-5.43211
-5.43243
-5.43243
-5.43276
-5.43276
-5.43276
-5.43373
-5.43341
-5.43373
-5.43341
-5.43406
-5.43373
-5.43438
-5.43503
-5.43503
-5.43568
-5.43568
-5.43503
-5.43503
-5.43503
-5.43438
-5.43471
-5.43438
-5.43471
-5.43568
-5.436
-5.436
-5.436
-5.436
-5.436
-5.43568
-5.43503
-5.43503
-5.43503
-5.43535
-5.43535
-5.43535
-5.43568
-5.436
-5.43633
-5.43665
-5.43665
-5.43697
-5.43665
-5.4373
-5.4373
-5.4373
-5.4373
-5.43795
-5.43859
-5.43892
-5.43892
-5.4386
-5.4386
-5.4386
-5.4386
-5.43827
-5.43762
-5.4373
-5.43795
-5.43762
-5.43795
-5.43827
-5.43859
-5.43859
-5.43859
-5.43892
-5.43924
-5.43924
-5.43859
-5.43892
-5.43827
-5.43762
-5.43795
-5.43859
-5.43827
-5.43795
-5.43795
-5.43795
-5.43762
-5.43762
-5.43698
-5.43698
-5.43665
-5.43698
-5.43698
-5.4373
-5.43795
-5.43795
-5.43762
-5.43762
-5.43762
-5.43762
-5.4373
-5.43697
-5.43795
-5.43795
-5.43795
-5.43795
-5.43794
-5.43794
-5.43794
-5.43827
-5.43827
-5.43762
-5.43665
-5.43665
-5.43632
-5.43665
-5.43665
-5.43665
-5.43665
-5.43632
-5.43632
-5.43632
-5.43632
-5.43632
-5.43665
-5.43697
-5.43762
-5.4373
-5.43697
-5.43697
-5.4373
-5.4373
-5.4373
-5.4373
-5.43795
-5.43827
-5.43892
-5.43859
-5.43827
-5.43924
-5.43924
-5.43924
-5.43957
-5.43924
-5.43989
-5.43989
-5.44086
-5.44119
-5.44086
-5.44022
-5.43957
-5.43892
-5.43892
-5.43892
-5.43892
-5.43924
-5.4386
-5.43925
-5.4386
-5.4386
-5.4386
-5.43892
-5.43828
-5.43892
-5.43925
-5.43892
-5.43827
-5.4386
-5.43827
-5.4386
-5.4386
-5.43827
-5.43795
-5.43763
-5.43698
-5.43633
-5.43601
-5.43536
-5.43568
-5.43601
-5.43601
-5.43633
-5.43601
-5.43698
-5.43763
-5.43763
-5.43698
-5.43665
-5.43665
-5.43665
-5.43698
-5.436
-5.436
-5.436
-5.43536
-5.43536
-5.43568
-5.43568
-5.436
-5.43568
-5.43535
-5.43471
-5.43568
-5.43535
-5.43503
-5.43438
-5.43438
-5.43503
-5.43471
-5.43438
-5.43438
-5.43471
-5.43438
-5.43471
-5.43503
-5.43438
-5.43374
-5.43438
-5.43471
-5.43471
-5.43471
-5.43535
-5.43568
-5.436
-5.43568
-5.43503
-5.43471
-5.436
-5.436
-5.43665
-5.43665
-5.43665
-5.436
-5.436
-5.43633
-5.43665
-5.43633
-5.43665
-5.43665
-5.43697
-5.43697
-5.43697
-5.43633
-5.436
-5.436
-5.43665
-5.43697
-5.43794
-5.43762
-5.4373
-5.4373
-5.4373
-5.43697
-5.43697
-5.43665
-5.43697
-5.4373
-5.43665
-5.43568
-5.43503
-5.43503
-5.43438
-5.43471
-5.43503
-5.43471
-5.43374
-5.43439
-5.43374
-5.43374
-5.43374
-5.43341
-5.43341
-5.43374
-5.43471
-5.43503
-5.43536
-5.43503
-5.43503
-5.43471
-5.43568
-5.43536
-5.436
-5.436
-5.43568
-5.43568
-5.43536
-5.43568
-5.43568
-5.43601
-5.43601
-5.43633
-5.43633
-5.43633
-5.43601
-5.43665
-5.43698
-5.4373
-5.4373
-5.43633
-5.43568
-5.43568
-5.43504
-5.43503
-5.43536
-5.43503
-5.43471
-5.43503
-5.43536
-5.43503
-5.43503
-5.43633
-5.43633
-5.43633
-5.43633
-5.43568
-5.43536
-5.43439
-5.436
-5.43633
-5.43665
-5.43698
-5.43698
-5.43601
-5.43601
-5.43633
-5.436
-5.43536
-5.43503
-5.43471
-5.43503
-5.43536
-5.43536
-5.436
-5.43568
-5.43536
-5.43503
-5.43503
-5.43503
-5.43568
-5.43698
-5.43665
-5.4373
-5.4373
-5.43827
-5.43859
-5.43859
-5.43892
-5.43892
-5.43859
-5.43795
-5.43859
-5.43859
-5.43795
-5.43827
-5.4386
-5.43827
-5.43827
-5.43827
-5.43827
-5.43795
-5.43827
-5.43795
-5.43795
-5.4373
-5.43665
-5.43698
-5.43698
-5.43697
-5.43697
-5.4373
-5.4373
-5.43665
-5.43633
-5.436
-5.43536
-5.43568
-5.436
-5.436
-5.43471
-5.43568
-5.43536
-5.436
-5.43633
-5.43665
-5.43665
-5.43665
-5.43633
-5.43633
-5.43568
-5.43536
-5.43568
-5.43535
-5.43568
-5.43568
-5.43503
-5.43503
-5.43503
-5.43535
-5.43535
-5.43503
-5.43568
-5.43568
-5.43568
-5.43632
-5.43535
-5.43503
-5.43535
-5.43503
-5.43535
-5.43503
-5.43535
-5.436
-5.436
-5.43632
-5.43632
-5.43665
-5.436
-5.436
-5.43665
-5.43665
-5.43665
-5.4373
-5.43697
-5.43697
-5.43633
-5.43697
-5.4373
-5.43697
-5.4373
-5.4373
-5.43762
-5.43827
-5.43794
-5.4373
-5.4373
-5.43794
-5.4373
-5.43762
-5.43795
-5.43697
-5.43697
-5.43697
-5.4373
-5.43697
-5.43762
-5.4373
-5.43697
-5.43698
-5.43665
-5.4373
-5.4373
-5.4373
-5.4373
-5.4373
-5.4373
-5.43698
-5.4373
-5.43762
-5.43795
-5.43859
-5.43762
-5.43762
-5.43762
-5.4373
-5.4373
-5.43795
-5.43827
-5.43859
-5.43827
-5.43859
-5.43957
-5.43924
-5.43957
-5.43957
-5.43957
-5.43924
-5.43892
-5.43892
-5.43924
-5.43892
-5.43892
-5.43924
-5.43956
-5.43924
-5.43827
-5.43795
-5.43762
-5.4373
-5.43665
-5.43697
-5.4373
-5.4373
-5.4373
-5.43697
-5.43665
-5.43697
-5.43665
-5.43633
-5.43697
-5.43633
-5.43697
-5.43762
-5.4373
-5.4373
-5.4373
-5.43762
-5.43762
-5.43795
-5.43859
-5.43859
-5.43859
-5.43924
-5.43956
-5.43924
-5.43956
-5.43924
-5.43924
-5.43794
-5.43891
-5.43891
-5.43891
-5.43859
-5.43924
-5.43956
-5.43988
-5.44053
-5.44086
-5.44118
-5.44118
-5.44085
-5.44053
-5.44053
-5.44118
-5.44118
-5.44053
-5.44053
-5.44118
-5.44118
-5.44085
-5.44085
-5.44053
-5.43988
-5.43891
-5.43859
-5.43988
-5.43924
-5.43827
-5.43859
-5.43794
-5.43665
-5.436
-5.436
-5.43567
-5.43567
-5.436
-5.43632
-5.43632
-5.43665
-5.43632
-5.43665
-5.436
-5.436
-5.436
-5.43632
-5.436
-5.43568
-5.43503
-5.43471
-5.43503
-5.43503
-5.43503
-5.43503
-5.43438
-5.43438
-5.43438
-5.43471
-5.43503
-5.43374
-5.43438
-5.43406
-5.43438
-5.43438
-5.43536
-5.43536
-5.43536
-5.43536
-5.43471
-5.43471
-5.43471
-5.43503
-5.43406
-5.43406
-5.43439
-5.43406
-5.43439
-5.43439
-5.43504
-5.43601
-5.43601
-5.43666
-5.4373
-5.4373
-5.43795
-5.43763
-5.43698
-5.43666
-5.43633
-5.43471
-5.43407
-5.43407
-5.43407
-5.43342
-5.43309
-5.43407
-5.43471
-5.43439
-5.43407
-5.43374
-5.43374
-5.43374
-5.43342
-5.43309
-5.43309
-5.43277
-5.43277
-5.43407
-5.43439
-5.43471
-5.43406
-5.43374
-5.43439
-5.43471
-5.43568
-5.43633
-5.43698
-5.43763
-5.43763
-5.4373
-5.4373
-5.43762
-5.43762
-5.43698
-5.43763
-5.4373
-5.43795
-5.43763
-5.43763
-5.4373
-5.43698
-5.43795
-5.4373
-5.4373
-5.4373
-5.43698
-5.4373
-5.4373
-5.43795
-5.43762
-5.43795
-5.43762
-5.4373
-5.4386
-5.4386
-5.4386
-5.43924
-5.4386
-5.43892
-5.43924
-5.43924
-5.43892
-5.43924
-5.4386
-5.43892
-5.43892
-5.4386
-5.43795
-5.4386
-5.43892
-5.43892
-5.4386
-5.43892
-5.43892
-5.43892
-5.43957
-5.43957
-5.43924
-5.43892
-5.43892
-5.43957
-5.43957
-5.43924
-5.43989
-5.43892
-5.43892
-5.43924
-5.43924
-5.43924
-5.43924
-5.43892
-5.43892
-5.43892
-5.43795
-5.43762
-5.43795
-5.43762
-5.43698
-5.43665
-5.43665
-5.43665
-5.43665
-5.4373
-5.43762
-5.43827
-5.43859
-5.43859
-5.43859
-5.43827
-5.43795
-5.43795
-5.43795
-5.43794
-5.43795
-5.4373
-5.4373
-5.43697
-5.43665
-5.436
-5.436
-5.43633
-5.43633
-5.4373
-5.43762
-5.4373
-5.43827
-5.43827
-5.43795
-5.43762
-5.43762
-5.43827
-5.43762
-5.43762
-5.43795
-5.43762
-5.4373
-5.43665
-5.43665
-5.43633
-5.43633
-5.436
-5.43633
-5.43697
-5.436
-5.436
-5.43633
-5.43697
-5.4373
-5.43762
-5.43762
-5.43762
-5.43795
-5.4373
-5.43697
-5.43665
-5.43697
-5.43697
-5.43697
-5.43665
-5.43697
-5.43795
-5.43827
-5.43892
-5.43956
-5.43989
-5.43924
-5.43956
-5.43924
-5.43924
-5.43892
-5.43827
-5.43794
-5.43794
-5.43762
-5.43859
-5.43827
-5.43859
-5.43859
-5.43892
-5.43924
-5.43989
-5.43989
-5.43989
-5.44021
-5.43989
-5.43892
-5.43924
-5.43859
-5.43827
-5.43827
-5.43794
-5.43794
-5.43794
-5.43827
-5.43827
-5.43762
-5.43794
-5.43827
-5.43762
-5.43697
-5.43762
-5.43859
-5.43827
-5.43859
-5.43827
-5.43762
-5.43697
-5.43697
-5.43633
-5.43633
-5.43665
-5.4373
-5.4373
-5.43698
-5.43633
-5.436
-5.43536
-5.43568
-5.43633
-5.43665
-5.436
-5.436
-5.43665
-5.43697
-5.43762
-5.43762
-5.43698
-5.43665
-5.43697
-5.43698
-5.4373
-5.4373
-5.4373
-5.4373
-5.43762
-5.4373
-5.43762
-5.43698
-5.4373
-5.4373
-5.43698
-5.43698
-5.43795
-5.43762
-5.43762
-5.4373
-5.4373
-5.4373
-5.43795
-5.43827
-5.43795
-5.43762
-5.43698
-5.43665
-5.43698
-5.43698
-5.43665
-5.43665
-5.43665
-5.43698
-5.43698
-5.4373
-5.43763
-5.43763
-5.4373
-5.4373
-5.43698
-5.43698
-5.4373
-5.43601
-5.43665
-5.43665
-5.43665
-5.43698
-5.43665
-5.4373
-5.4373
-5.4373
-5.43762
-5.43698
-5.43762
-5.43762
-5.43762
-5.43762
-5.43762
-5.43762
-5.43795
-5.43762
-5.4373
-5.43762
-5.43697
-5.43633
-5.43633
-5.43633
-5.43633
-5.43568
-5.43697
-5.43665
-5.43665
-5.43665
-5.43665
-5.43633
-5.43633
-5.43633
-5.436
-5.436
-5.43535
-5.43568
-5.43568
-5.436
-5.43535
-5.43438
-5.43471
-5.43503
-5.43535
-5.43471
-5.43471
-5.43406
-5.43406
-5.43406
-5.43373
-5.43373
-5.43374
-5.43373
-5.43406
-5.43438
-5.43535
-5.43535
-5.43503
-5.43503
-5.43471
-5.43373
-5.43373
-5.43373
-5.43406
-5.43309
-5.43309
-5.43373
-5.43406
-5.43406
-5.43341
-5.43406
-5.43438
-5.43438
-5.43438
-5.43341
-5.43244
-5.43211
-5.43211
-5.43147
-5.43179
-5.43211
-5.43211
-5.43211
-5.43147
-5.43147
-5.43179
-5.43244
-5.43179
-5.43211
-5.43211
-5.43211
-5.43276
-5.43276
-5.43308
-5.43341
-5.43405
-5.43373
-5.43373
-5.43373
-5.43405
-5.43438
-5.43405
-5.43438
-5.4347
-5.43502
-5.43632
-5.43535
-5.43502
-5.4347
-5.43502
-5.43502
-5.43502
-5.4347
-5.43405
-5.43405
-5.43405
-5.43405
-5.43405
-5.43373
-5.43373
-5.43341
-5.43341
-5.43373
-5.43341
-5.43341
-5.43341
-5.43373
-5.43373
-5.43373
-5.43406
-5.43503
-5.43503
-5.4347
-5.43535
-5.43535
-5.43503
-5.43503
-5.43438
-5.43535
-5.43568
-5.436
-5.43633
-5.43697
-5.43762
-5.43762
-5.43794
-5.43794
-5.43827
-5.43794
-5.43697
-5.43633
-5.43568
-5.43568
-5.43633
-5.436
-5.436
-5.43568
-5.43568
-5.43535
-5.43568
-5.43665
-5.43697
-5.43762
-5.43665
-5.43665
-5.43697
-5.43697
-5.43859
-5.43891
-5.43924
-5.43891
-5.43891
-5.43924
-5.43891
-5.43891
-5.43891
-5.43891
-5.43924
-5.43891
-5.43859
-5.43859
-5.43827
-5.43827
-5.43827
-5.43794
-5.43859
-5.43827
-5.43794
-5.43794
-5.43762
-5.43762
-5.43762
-5.43729
-5.43729
-5.43794
-5.43826
-5.43988
-5.43988
-5.43956
-5.43956
-5.43988
-5.43956
-5.43956
-5.43956
-5.43988
-5.43988
-5.44021
-5.44021
-5.43988
-5.43956
-5.43988
-5.43988
-5.43924
-5.43891
-5.43859
-5.43826
-5.43924
-5.43956
-5.43956
-5.43956
-5.43988
-5.43988
-5.43891
-5.43891
-5.43891
-5.43924
-5.43924
-5.43891
-5.43891
-5.43924
-5.43989
-5.43989
-5.43956
-5.43956
-5.43956
-5.43924
-5.43924
-5.43892
-5.43892
-5.43924
-5.43892
-5.43827
-5.43859
-5.43892
-5.43859
-5.43827
-5.43859
-5.43924
-5.43989
-5.43989
-5.43989
-5.43989
-5.43989
-5.43989
-5.43989
-5.43989
-5.43956
-5.43956
-5.43924
-5.43956
-5.43956
-5.44021
-5.44021
-5.43956
-5.43924
-5.43891
-5.43891
-5.43794
-5.43762
-5.43762
-5.43632
-5.43632
-5.43567
-5.436
-5.43632
-5.43729
-5.43729
-5.43729
-5.43697
-5.43664
-5.43632
-5.436
-5.43632
-5.43632
-5.43664
-5.43632
-5.43664
-5.43664
-5.43664
-5.43664
-5.43664
-5.43599
-5.43599
-5.43535
-5.43535
-5.4347
-5.43438
-5.43405
-5.43405
-5.43373
-5.43438
-5.43438
-5.4347
-5.43502
-5.43535
-5.43535
-5.43632
-5.43567
-5.43632
-5.43632
-5.43632
-5.43567
-5.436
-5.43567
-5.436
-5.436
-5.43567
-5.43535
-5.436
-5.43632
-5.43665
-5.436
-5.436
-5.43568
-5.43632
-5.43665
-5.43762
-5.43762
-5.43762
-5.43762
-5.4373
-5.4373
-5.43762
-5.43794
-5.43827
-5.43794
-5.43891
-5.43827
-5.43794
-5.43794
-5.43891
-5.43891
-5.43924
-5.43924
-5.43924
-5.43859
-5.43891
-5.43859
-5.43827
-5.43762
-5.43762
-5.43892
-5.43956
-5.43892
-5.43859
-5.43859
-5.43762
-5.43762
-5.43762
-5.43795
-5.4373
-5.4373
-5.43859
-5.43762
-5.4373
-5.4373
-5.4373
-5.43762
-5.43762
-5.43762
-5.43794
-5.43762
-5.43762
-5.43794
-5.43794
-5.43762
-5.43697
-5.43697
-5.43697
-5.43697
-5.4373
-5.43794
-5.43794
-5.43859
-5.43891
-5.43891
-5.43956
-5.43924
-5.43989
-5.44021
-5.44086
-5.44053
-5.44053
-5.44053
-5.4415
-5.4415
-5.4415
-5.44183
-5.44183
-5.4415
-5.4415
-5.4415
-5.4415
-5.44118
-5.44118
-5.4415
-5.44118
-5.44215
-5.44215
-5.44247
-5.44183
-5.44183
-5.44118
-5.4415
-5.44118
-5.44118
-5.44118
-5.44086
-5.44021
-5.44053
-5.44021
-5.44086
-5.44053
-5.44086
-5.44086
-5.44118
-5.44086
-5.44086
-5.44118
-5.44021
-5.44053
-5.44086
-5.44053
-5.44118
-5.43988
-5.43956
-5.43988
-5.44021
-5.44053
-5.44021
-5.43989
-5.44021
-5.44053
-5.44086
-5.44053
-5.44086
-5.44086
-5.44086
-5.44086
-5.44086
-5.44053
-5.44021
-5.43989
-5.43956
-5.43988
-5.44021
-5.44053
-5.44053
-5.44021
-5.43924
-5.43956
-5.43956
-5.43924
-5.43891
-5.43859
-5.43923
-5.43923
-5.43891
-5.43891
-5.43859
-5.43826
-5.43794
-5.43729
-5.43794
-5.43761
-5.43794
-5.43761
-5.43761
-5.43729
-5.43729
-5.43729
-5.43632
-5.436
-5.436
-5.436
-5.436
-5.43567
-5.43502
-5.43502
-5.43567
-5.43599
-5.43632
-5.43729
-5.43761
-5.43761
-5.43794
-5.43761
-5.43729
-5.43664
-5.43664
-5.43632
-5.43664
-5.43697
-5.43729
-5.43697
-5.43697
-5.43664
-5.43664
-5.43664
-5.43632
-5.43632
-5.43535
-5.436
-5.43632
-5.43664
-5.43664
-5.43729
-5.43729
-5.43697
-5.43665
-5.43729
-5.43762
-5.43762
-5.43762
-5.43762
-5.43794
-5.43794
-5.43762
-5.43632
-5.436
-5.436
-5.43535
-5.43503
-5.43438
-5.4347
-5.43438
-5.43438
-5.43503
-5.43567
-5.436
-5.436
-5.43632
-5.43632
-5.43535
-5.43535
-5.43535
-5.43535
-5.43567
-5.43567
-5.43567
-5.43567
-5.43567
-5.43632
-5.43632
-5.43567
-5.43567
-5.43535
-5.43535
-5.43567
-5.43535
-5.436
-5.436
-5.436
-5.436
-5.43632
-5.43665
-5.43665
-5.436
-5.436
-5.43503
-5.43535
-5.436
-5.43535
-5.43503
-5.43535
-5.436
-5.43567
-5.43535
-5.43567
-5.43503
-5.43567
-5.43632
-5.43632
-5.43762
-5.43859
-5.43924
-5.43924
-5.43924
-5.43924
-5.43924
-5.43924
-5.43859
-5.43794
-5.43794
-5.43859
-5.43826
-5.43826
-5.43794
-5.43729
-5.43859
-5.43794
-5.43665
-5.43665
-5.43697
-5.43665
-5.43697
-5.43762
-5.43697
-5.43697
-5.43794
-5.43827
-5.43859
-5.43827
-5.43827
-5.43794
-5.43794
-5.43794
-5.43794
-5.43762
-5.43827
-5.43891
-5.43891
-5.43891
-5.43794
-5.43891
-5.43956
-5.43989
-5.43924
-5.43924
-5.43924
-5.43924
-5.43924
-5.43859
-5.43827
-5.43794
-5.43827
-5.43762
-5.43762
-5.43762
-5.43762
-5.43762
-5.43794
-5.43794
-5.43859
-5.43827
-5.43827
-5.43827
-5.43762
-5.43729
-5.43794
-5.43859
-5.43891
-5.43891
-5.43891
-5.43891
-5.43891
-5.43924
-5.43956
-5.43924
-5.43924
-5.43892
-5.43859
-5.43827
-5.43794
-5.43827
-5.43859
-5.43859
-5.43859
-5.43892
-5.43924
-5.43859
-5.43827
-5.43795
-5.43827
-5.4386
-5.43827
-5.4386
-5.4386
-5.4386
-5.43795
-5.43827
-5.43795
-5.43795
-5.43762
-5.43795
-5.43827
-5.43827
-5.43762
-5.43762
-5.43795
-5.43795
-5.43795
-5.43795
-5.43795
-5.43827
-5.43924
-5.43892
-5.43924
-5.43892
-5.4386
-5.43925
-5.4386
-5.4386
-5.4386
-5.43827
-5.4386
-5.4386
-5.43795
-5.43763
-5.4373
-5.43665
-5.4373
-5.43763
-5.43795
-5.43892
-5.4386
-5.43827
-5.43827
-5.43762
-5.43762
-5.43795
-5.43827
-5.4373
-5.43665
-5.43665
-5.43698
-5.43698
-5.43536
-5.43536
-5.43536
-5.43471
-5.43536
-5.43471
-5.43438
-5.43438
-5.43535
-5.43535
-5.43535
-5.43535
-5.43471
-5.43471
-5.43503
-5.43471
-5.43503
-5.43535
-5.43568
-5.43665
-5.43729
-5.43729
-5.43697
-5.43665
-5.43665
-5.43762
-5.43762
-5.4373
-5.43729
-5.43762
-5.43762
-5.43762
-5.43794
-5.43794
-5.43762
-5.43794
-5.43697
-5.436
-5.43568
-5.43535
-5.436
-5.43633
-5.43665
-5.43665
-5.4373
-5.436
-5.43697
-5.43633
-5.43665
-5.43665
-5.43665
-5.43665
-5.436
-5.43568
-5.43535
-5.43535
-5.43535
-5.43568
-5.43536
-5.43503
-5.43503
-5.43503
-5.43536
-5.43568
-5.43568
-5.43568
-5.43536
-5.43536
-5.43503
-5.43633
-5.43536
-5.43536
-5.43568
-5.43633
-5.436
-5.436
-5.436
-5.43633
-5.43503
-5.43503
-5.43536
-5.43601
-5.43601
-5.43633
-5.43633
-5.43568
-5.43665
-5.43665
-5.43633
-5.43665
-5.43665
-5.43698
-5.4373
-5.4373
-5.43762
-5.43762
-5.43763
-5.43795
-5.4386
-5.43892
-5.4386
-5.43892
-5.4386
-5.4386
-5.43827
-5.43892
-5.4386
-5.4386
-5.43827
-5.43827
-5.4386
-5.4386
-5.43892
-5.4386
-5.43924
-5.4386
-5.4386
-5.43698
-5.43665
-5.43665
-5.43601
-5.43568
-5.43568
-5.43568
-5.43601
-5.43633
-5.43568
-5.43633
-5.43698
-5.43698
-5.4373
-5.43763
-5.4373
-5.43698
-5.43665
-5.43568
-5.43601
-5.43666
-5.43633
-5.43633
-5.43666
-5.43666
-5.43666
-5.43698
-5.43698
-5.43633
-5.43698
-5.4373
-5.4373
-5.43698
-5.43698
-5.43666
-5.43698
-5.43633
-5.43666
-5.43666
-5.43666
-5.4373
-5.43633
-5.43633
-5.43568
-5.43568
-5.43504
-5.43504
-5.43536
-5.43568
-5.43568
-5.43601
-5.43536
-5.43568
-5.43536
-5.43471
-5.43406
-5.43439
-5.43471
-5.43439
-5.43406
-5.43342
-5.43374
-5.43439
-5.43504
-5.43504
-5.43568
-5.43666
-5.43633
-5.43633
-5.43633
-5.43665
-5.43698
-5.4386
-5.4386
-5.43795
-5.43795
-5.4386
-5.43924
-5.43924
-5.43989
-5.43892
-5.43827
-5.43795
-5.43795
-5.43827
-5.43827
-5.43762
-5.4373
-5.4373
-5.43762
-5.43697
-5.43665
-5.43665
-5.43762
-5.4373
-5.43697
-5.43632
-5.43665
-5.43762
-5.43729
-5.43729
-5.43729
-5.43762
-5.43826
-5.43826
-5.43826
-5.43859
-5.43859
-5.43826
-5.43826
-5.43826
-5.43762
-5.43762
-5.43762
-5.43729
-5.43664
-5.43697
-5.43697
-5.43697
-5.43697
-5.43697
-5.43762
-5.43762
-5.43794
-5.43794
-5.43826
-5.43891
-5.43859
-5.43826
-5.43794
-5.43794
-5.43826
-5.43794
-5.43697
-5.43762
-5.43729
-5.43762
-5.43729
-5.43729
-5.43762
-5.43762
-5.43762
-5.43729
-5.4373
-5.4373
-5.4373
-5.43665
-5.43665
-5.43632
-5.43665
-5.43632
-5.43665
-5.4373
-5.43697
-5.43697
-5.43697
-5.43697
-5.43697
-5.43697
-5.43665
-5.43665
-5.43697
-5.43665
-5.43697
-5.43697
-5.43697
-5.43665
-5.43665
-5.43633
-5.436
-5.43568
-5.43568
-5.436
-5.436
-5.436
-5.43633
-5.43633
-5.43633
-5.43568
-5.43568
-5.43568
-5.43503
-5.43535
-5.43471
-5.43471
-5.43438
-5.43373
-5.43373
-5.43341
-5.43406
-5.43373
-5.43341
-5.43212
-5.43179
-5.43179
-5.43179
-5.43179
-5.43147
-5.43179
-5.43244
-5.43244
-5.43309
-5.43341
-5.43373
-5.43438
-5.4347
-5.43567
-5.43535
-5.43535
-5.43535
-5.43502
-5.4347
-5.43438
-5.43405
-5.43438
-5.43405
-5.43437
-5.4347
-5.43535
-5.43567
-5.43534
-5.4347
-5.43437
-5.43437
-5.4347
-5.4347
-5.43437
-5.4347
-5.4347
-5.43502
-5.43502
-5.43405
-5.43372
-5.43405
-5.43437
-5.43502
-5.4334
-5.4334
-5.43372
-5.43372
-5.43372
-5.4334
-5.43437
-5.43405
-5.43372
-5.43405
-5.43437
-5.4347
-5.43534
-5.43567
-5.43535
-5.43567
-5.43502
-5.4347
-5.4347
-5.43502
-5.43535
-5.43535
-5.43599
-5.43567
-5.43567
-5.43503
-5.43535
-5.436
-5.43535
-5.43567
-5.43664
-5.43729
-5.43729
-5.43697
-5.43794
-5.43859
-5.43826
-5.43826
-5.43859
-5.43859
-5.43891
-5.43924
-5.43891
-5.43891
-5.43924
-5.43924
-5.43924
-5.43891
-5.43924
-5.43924
-5.43924
-5.43924
-5.43826
-5.43826
-5.43826
-5.43826
-5.43794
-5.43826
-5.43859
-5.43794
-5.43762
-5.43762
-5.43729
-5.43859
-5.43826
-5.43859
-5.43826
-5.43794
-5.43794
-5.43826
-5.43891
-5.43924
-5.43988
-5.43988
-5.43988
-5.43988
-5.43988
-5.43924
-5.43956
-5.43988
-5.43988
-5.44021
-5.43988
-5.43956
-5.43956
-5.43924
-5.43827
-5.43859
-5.43729
-5.43697
-5.43665
-5.43665
-5.43665
-5.43665
-5.43697
-5.43794
-5.43826
-5.43794
-5.43891
-5.43924
-5.43891
-5.43891
-5.43924
-5.43891
-5.43859
-5.43859
-5.43794
-5.43794
-5.43826
-5.43794
-5.43729
-5.43762
-5.43762
-5.43729
-5.43729
-5.43859
-5.43826
-5.43794
-5.43826
-5.43761
-5.43826
-5.43859
-5.43923
-5.43891
-5.43956
-5.43956
-5.43956
-5.43988
-5.43956
-5.43923
-5.43923
-5.43923
-5.43956
-5.43858
-5.43761
-5.43761
-5.43794
-5.43826
-5.43826
-5.43794
-5.43729
-5.43664
-5.43632
-5.43664
-5.43664
-5.43632
-5.43664
-5.43632
-5.43567
-5.43535
-5.43502
-5.43535
-5.43599
-5.43599
-5.43632
-5.43599
-5.43567
-5.43535
-5.43535
-5.43567
-5.43567
-5.43599
-5.43697
-5.43729
-5.43664
-5.43664
-5.43664
-5.43664
-5.43729
-5.43794
-5.43761
-5.43729
-5.43794
-5.43859
-5.43891
-5.43794
-5.43859
-5.43859
-5.43761
-5.43826
-5.43794
-5.43729
-5.43697
-5.43729
-5.43697
-5.43664
-5.43697
-5.43762
-5.43826
-5.43826
-5.43923
-5.43923
-5.43923
-5.43923
-5.43923
-5.43891
-5.43859
-5.43923
-5.43859
-5.43859
-5.43923
-5.43891
-5.43859
-5.43826
-5.43762
-5.43697
-5.43632
-5.436
-5.436
-5.43632
-5.43664
-5.43664
-5.43632
-5.43632
-5.436
-5.43664
-5.43664
-5.43632
-5.43664
-5.43599
-5.43599
-5.43632
-5.43632
-5.43664
-5.43664
-5.43729
-5.43729
-5.43696
-5.43664
-5.43599
-5.43567
-5.43599
-5.43664
-5.43631
-5.43567
-5.43534
-5.43567
-5.43567
-5.43567
-5.43567
-5.43567
-5.43567
-5.43534
-5.43502
-5.43469
-5.43469
-5.43469
-5.43437
-5.43405
-5.43437
-5.43469
-5.43437
-5.43469
-5.43534
-5.43502
-5.43469
-5.43534
-5.43534
-5.43502
-5.43534
-5.43599
-5.43599
-5.43631
-5.43599
-5.43599
-5.43567
-5.43534
-5.4347
-5.43437
-5.4347
-5.43502
-5.43502
-5.43502
-5.43502
-5.43405
-5.43405
-5.43405
-5.4334
-5.4334
-5.43276
-5.43308
-5.43341
-5.43308
-5.43341
-5.43373
-5.43438
-5.4347
-5.4347
-5.43503
-5.43503
-5.43535
-5.43535
-5.43503
-5.43503
-5.43503
-5.43535
-5.43535
-5.43568
-5.43568
-5.43665
-5.43697
-5.43665
-5.43665
-5.43697
-5.43665
-5.43697
-5.43697
-5.4373
-5.43697
-5.43633
-5.43633
-5.43633
-5.43697
-5.4373
-5.43697
-5.43697
-5.43633
-5.43665
-5.43665
-5.4373
-5.43697
-5.43665
-5.43568
-5.43503
-5.43503
-5.43535
-5.43535
-5.43503
-5.43406
-5.43373
-5.43406
-5.43374
-5.43341
-5.43341
-5.43341
-5.43309
-5.43244
-5.43276
-5.43276
-5.43276
-5.43212
-5.43212
-5.43212
-5.43244
-5.43276
-5.43276
-5.43341
-5.43438
-5.43373
-5.43341
-5.43308
-5.43373
-5.43373
-5.43373
-5.43373
-5.43373
-5.43373
-5.43405
-5.43308
-5.43276
-5.43243
-5.43243
-5.43276
-5.43276
-5.43276
-5.43276
-5.4334
-5.43308
-5.43275
-5.43308
-5.43308
-5.4334
-5.43243
-5.43178
-5.43243
-5.43275
-5.43372
-5.43405
-5.43437
-5.43372
-5.4334
-5.43372
-5.43372
-5.43405
-5.43405
-5.43469
-5.43469
-5.43534
-5.43534
-5.43663
-5.43599
-5.43631
-5.43599
-5.43631
-5.43534
-5.43501
-5.43534
-5.43534
-5.43534
-5.43534
-5.43502
-5.43437
-5.43469
-5.43502
-5.43534
-5.43469
-5.43566
-5.43566
-5.43599
-5.43599
-5.43599
-5.43599
-5.43631
-5.43631
-5.43566
-5.43534
-5.43502
-5.43502
-5.43502
-5.43502
-5.43502
-5.43534
-5.43631
-5.43664
-5.43631
-5.43696
-5.43696
-5.43664
-5.43664
-5.43664
-5.43696
-5.43729
-5.43729
-5.43761
-5.43826
-5.43858
-5.43923
-5.43955
-5.43955
-5.43988
-5.4402
-5.44053
-5.44085
-5.44085
-5.44053
-5.43956
-5.43923
-5.43858
-5.43859
-5.43859
-5.43891
-5.43859
-5.43859
-5.43859
-5.43923
-5.43988
-5.43956
-5.43956
-5.43923
-5.43859
-5.43891
-5.43891
-5.43956
-5.43956
-5.43924
-5.43924
-5.43956
-5.43891
-5.43924
-5.43924
-5.43924
-5.43859
-5.43859
-5.43859
-5.43826
-5.43891
-5.43924
-5.43956
-5.43923
-5.43923
-5.43956
-5.43956
-5.43923
-5.43891
-5.43794
-5.43826
-5.43859
-5.43859
-5.43826
-5.43794
-5.43859
-5.43826
-5.43794
-5.43794
-5.43794
-5.43794
-5.43794
-5.43794
-5.43794
-5.43794
-5.43794
-5.43664
-5.43632
-5.43632
-5.43632
-5.43697
-5.43697
-5.43664
-5.43697
-5.43697
-5.43632
-5.43535
-5.4347
-5.43438
-5.43405
-5.43438
-5.43373
-5.43405
-5.43373
-5.43438
-5.4347
-5.4347
-5.43406
-5.4347
-5.43438
-5.43503
-5.43503
-5.43438
-5.43438
-5.43438
-5.43502
-5.43502
-5.43502
-5.43438
-5.4347
-5.43502
-5.43535
-5.43502
-5.43535
-5.43599
-5.43567
-5.43567
-5.43567
-5.43567
-5.43599
-5.43567
-5.43567
-5.43599
-5.43567
-5.43599
-5.43599
-5.43599
-5.43567
-5.43599
-5.43567
-5.43535
-5.43664
-5.43664
-5.43697
-5.43697
-5.43729
-5.43761
-5.43761
-5.43729
-5.43729
-5.43729
-5.43697
-5.43664
-5.43664
-5.43664
-5.43632
-5.43632
-5.43535
-5.43535
-5.43567
-5.43567
-5.43567
-5.436
-5.43535
-5.43567
-5.43568
-5.43568
-5.43568
-5.43438
-5.4347
-5.43438
-5.43438
-5.43373
-5.43309
-5.43309
-5.43309
-5.43341
-5.43373
-5.43373
-5.43438
-5.43373
-5.43373
-5.43341
-5.43341
-5.43341
-5.43373
-5.43406
-5.43438
-5.43568
-5.436
-5.43632
-5.43697
-5.43697
-5.43729
-5.43697
-5.43665
-5.43729
-5.43697
-5.43665
-5.43697
-5.43729
-5.43794
-5.43794
-5.43794
-5.43762
-5.43826
-5.43859
-5.43859
-5.43826
-5.43826
-5.43794
-5.43794
-5.43826
-5.43826
-5.43762
-5.43826
-5.43826
-5.43794
-5.43826
-5.43762
-5.43762
-5.43762
-5.43632
-5.43697
-5.43665
-5.43665
-5.43632
-5.43665
-5.43697
-5.43665
-5.43632
-5.43503
-5.43535
-5.43503
-5.43438
-5.43438
-5.43471
-5.43373
-5.43309
-5.43276
-5.43341
-5.43341
-5.43309
-5.43309
-5.43309
-5.43309
-5.43374
-5.43341
-5.43309
-5.43277
-5.43277
-5.43277
-5.43309
-5.43309
-5.43277
-5.43277
-5.43309
-5.43341
-5.43374
-5.43406
-5.43374
-5.43471
-5.43438
-5.43406
-5.43438
-5.43438
-5.43406
-5.43438
-5.43406
-5.43438
-5.43406
-5.43535
-5.43568
-5.43568
-5.43632
-5.436
-5.43503
-5.4347
-5.43406
-5.43406
-5.43373
-5.43373
-5.43373
-5.43373
-5.43373
-5.43438
-5.43373
-5.43341
-5.43438
-5.43405
-5.43405
-5.43405
-5.43405
-5.43405
-5.43567
-5.4347
-5.43502
-5.43502
-5.4347
-5.43502
-5.43502
-5.43372
-5.43372
-5.43437
-5.43437
-5.43405
-5.43437
-5.43405
-5.43372
-5.43372
-5.43372
-5.43372
-5.43502
-5.43534
-5.43502
-5.4347
-5.43405
-5.43373
-5.43373
-5.43373
-5.43373
-5.43437
-5.43405
-5.43405
-5.43405
-5.43437
-5.4347
-5.4347
-5.43502
-5.43438
-5.43405
-5.43438
-5.43438
-5.43373
-5.43405
-5.43373
-5.43308
-5.43341
-5.43276
-5.43373
-5.43341
-5.43341
-5.43341
-5.43406
-5.43438
-5.43373
-5.43373
-5.43406
-5.43373
-5.43374
-5.43341
-5.43341
-5.43373
-5.43374
-5.43406
-5.43374
-5.43374
-5.43341
-5.43341
-5.43439
-5.43503
-5.43536
-5.43536
-5.43568
-5.43568
-5.43503
-5.436
-5.43536
-5.43536
-5.43601
-5.43568
-5.43568
-5.436
-5.43633
-5.43633
-5.43665
-5.43697
-5.4373
-5.43698
-5.43697
-5.43795
-5.43827
-5.43795
-5.43924
-5.43956
-5.44021
-5.44086
-5.44053
-5.44086
-5.44086
-5.44118
-5.44086
-5.44053
-5.44183
-5.44215
-5.44183
-5.4415
-5.44215
-5.44183
-5.44215
-5.4428
-5.4428
-5.44215
-5.44215
-5.44215
-5.44215
-5.4428
-5.4428
-5.4428
-5.4428
-5.4428
-5.44182
-5.44247
-5.44215
-5.44247
-5.44279
-5.44312
-5.44344
-5.44312
-5.44279
-5.44215
-5.44279
-5.44182
-5.44182
-5.4415
-5.4415
-5.44118
-5.4402
-5.4402
-5.43923
-5.43923
-5.43891
-5.43923
-5.43923
-5.43923
-5.43956
-5.43956
-5.43988
-5.43988
-5.43988
-5.43956
-5.43988
-5.43891
-5.43891
-5.43826
-5.43794
-5.43859
-5.43794
-5.43827
-5.43891
-5.43891
-5.43891
-5.43924
-5.43891
-5.43891
-5.43891
-5.43827
-5.43859
-5.43859
-5.43891
-5.43827
-5.43794
-5.43859
-5.43827
-5.43794
-5.43794
-5.43762
-5.43794
-5.43794
-5.43794
-5.43827
-5.43859
-5.43827
-5.43827
-5.43827
-5.43827
-5.43827
-5.43762
-5.43697
-5.4373
-5.43697
-5.43697
-5.43762
-5.43827
-5.43827
-5.43827
-5.43827
-5.43762
-5.43827
-5.43795
-5.43762
-5.43697
-5.43568
-5.43535
-5.43503
-5.43503
-5.43438
-5.43471
-5.43471
-5.43503
-5.43503
-5.43503
-5.43503
-5.43503
-5.43568
-5.43536
-5.43536
-5.43568
-5.436
-5.43568
-5.43568
-5.43568
-5.43568
-5.43568
-5.43536
-5.43568
-5.436
-5.436
-5.43568
-5.43536
-5.43471
-5.43471
-5.43439
-5.43439
-5.43406
-5.43439
-5.43406
-5.43406
-5.43374
-5.43341
-5.43277
-5.43244
-5.43244
-5.43244
-5.43179
-5.43147
-5.43179
-5.43147
-5.43179
-5.43244
-5.43211
-5.43244
-5.43211
-5.43276
-5.43211
-5.43211
-5.43179
-5.43244
-5.43276
-5.43244
-5.43211
-5.43244
-5.43244
-5.43244
-5.43211
-5.43244
-5.43308
-5.43341
-5.43341
-5.43405
-5.43373
-5.43405
-5.43373
-5.43438
-5.43373
-5.43373
-5.4334
-5.43373
-5.4334
-5.4334
-5.43373
-5.4334
-5.43308
-5.43276
-5.43308
-5.43276
-5.4334
-5.43373
-5.43405
-5.4334
-5.4334
-5.4334
-5.43308
-5.43341
-5.43341
-5.43308
-5.43308
-5.43308
-5.43341
-5.43405
-5.43405
-5.43373
-5.4347
-5.4347
-5.43502
-5.4347
-5.43438
-5.43438
-5.43438
-5.43438
-5.4347
-5.4347
-5.43567
-5.43535
-5.43503
-5.4347
-5.4347
-5.4347
-5.4347
-5.43503
-5.43471
-5.43471
-5.43503
-5.43503
-5.43535
-5.43665
-5.43697
-5.43665
-5.43697
-5.4373
-5.43762
-5.43762
-5.43762
-5.43665
-5.43633
-5.436
-5.43633
-5.436
-5.436
-5.43536
-5.43568
-5.43503
-5.43568
-5.43568
-5.43568
-5.43536
-5.43536
-5.43536
-5.43568
-5.436
-5.436
-5.43697
-5.436
-5.43633
-5.436
-5.43665
-5.43697
-5.43697
-5.43665
-5.43697
-5.4373
-5.4373
-5.4373
-5.43795
-5.43827
-5.43697
-5.4373
-5.4373
-5.43665
-5.4373
-5.4373
-5.43697
-5.43697
-5.43568
-5.43503
-5.43535
-5.43568
-5.436
-5.43535
-5.43568
-5.43535
-5.436
-5.436
-5.43633
-5.43633
-5.43633
-5.43633
-5.43665
-5.43795
-5.43827
-5.43827
-5.43827
-5.43859
-5.43859
-5.43794
-5.43795
-5.43762
-5.4373
-5.43762
-5.43697
-5.4373
-5.43697
-5.43697
-5.4373
-5.4373
-5.4373
-5.43697
-5.43697
-5.43665
-5.436
-5.43632
-5.43665
-5.436
-5.43568
-5.43568
-5.4347
-5.43406
-5.43341
-5.43276
-5.43179
-5.43244
-5.43244
-5.43276
-5.43211
-5.43147
-5.43114
-5.43082
-5.43017
-5.43017
-5.42985
-5.43049
-5.4305
-5.43082
-5.4305
-5.4305
-5.43114
-5.43114
-5.43082
-5.43114
-5.43082
-5.43017
-5.4305
-5.43082
-5.4305
-5.43017
-5.43082
-5.4305
-5.43017
-5.43082
-5.43082
-5.4305
-5.42985
-5.43017
-5.42985
-5.43018
-5.42985
-5.42985
-5.43018
-5.43018
-5.43018
-5.43018
-5.42985
-5.43018
-5.42953
-5.4292
-5.42888
-5.4292
-5.42953
-5.42888
-5.42953
-5.43018
-5.42985
-5.43018
-5.43082
-5.43082
-5.43082
-5.43082
-5.43082
-5.43115
-5.43115
-5.43115
-5.43115
-5.43115
-5.4305
-5.43018
-5.43018
-5.4305
-5.42985
-5.43017
-5.43082
-5.43147
-5.43179
-5.43212
-5.43309
-5.43276
-5.43276
-5.43276
-5.43276
-5.43212
-5.43244
-5.43244
-5.43244
-5.43309
-5.43374
-5.43374
-5.43503
-5.43503
-5.43471
-5.43568
-5.436
-5.43568
-5.43568
-5.43536
-5.43503
-5.43471
-5.43471
-5.43406
-5.43309
-5.43341
-5.43309
-5.43277
-5.43277
-5.43212
-5.43212
-5.43212
-5.43179
-5.43212
-5.43179
-5.43147
-5.43147
-5.43115
-5.43147
-5.43244
-5.43244
-5.43212
-5.43374
-5.43374
-5.43309
-5.43341
-5.43341
-5.43341
-5.43374
-5.43374
-5.43438
-5.43503
-5.43471
-5.43438
-5.43438
-5.43471
-5.43503
-5.43503
-5.43535
-5.43568
-5.4373
-5.43762
-5.43762
-5.43697
-5.43697
-5.4373
-5.43697
-5.4373
-5.43697
-5.43697
-5.43697
-5.43697
-5.4373
-5.4373
-5.43697
-5.43762
-5.4373
-5.4373
-5.43632
-5.436
-5.436
-5.436
-5.43567
-5.43567
-5.4347
-5.43567
-5.436
-5.436
-5.436
-5.436
-5.43664
-5.43567
-5.43535
-5.43535
-5.43535
-5.43567
-5.43632
-5.43632
-5.43632
-5.43632
-5.43632
-5.43632
-5.43632
-5.43632
-5.43697
-5.43729
-5.43632
-5.43632
-5.43697
-5.43697
-5.43697
-5.43729
-5.43664
-5.43664
-5.43697
-5.43697
-5.43729
-5.43697
-5.43697
-5.43697
-5.43664
-5.43697
-5.43729
-5.43762
-5.43762
-5.43729
-5.43729
-5.43762
-5.43729
-5.43729
-5.43729
-5.43794
-5.43794
-5.43794
-5.43794
-5.43826
-5.43859
-5.43859
-5.43794
-5.43826
-5.43794
-5.43827
-5.43827
-5.43827
-5.43859
-5.43827
-5.43762
-5.43729
-5.43697
-5.43697
-5.43697
-5.43665
-5.43665
-5.43632
-5.436
-5.43568
-5.436
-5.436
-5.436
-5.436
-5.43665
-5.43697
-5.43665
-5.43665
-5.43665
-5.43665
-5.43632
-5.43568
-5.43665
-5.436
-5.436
-5.43632
-5.436
-5.43632
-5.43632
-5.43697
-5.43729
-5.43729
-5.43729
-5.43697
-5.43665
-5.43697
-5.43697
-5.43697
-5.43762
-5.43762
-5.43729
-5.43729
-5.43762
-5.43665
-5.436
-5.43665
-5.436
-5.43632
-5.43632
-5.43665
-5.43632
-5.436
-5.436
-5.43632
-5.43632
-5.43697
-5.43632
-5.43664
-5.43664
-5.43697
-5.43729
-5.43729
-5.43697
-5.43697
-5.43762
-5.43729
-5.43794
-5.43826
-5.43826
-5.43859
-5.43859
-5.43859
-5.43859
-5.43794
-5.43762
-5.43762
-5.43664
-5.43664
-5.43729
-5.43729
-5.43697
-5.43697
-5.43697
-5.43665
-5.43729
-5.43826
-5.43794
-5.43794
-5.43826
-5.43891
-5.43956
-5.43924
-5.43859
-5.43924
-5.43924
-5.43924
-5.43891
-5.43891
-5.43891
-5.43891
-5.43891
-5.43794
-5.43794
-5.43794
-5.43827
-5.43892
-5.43924
-5.43956
-5.43956
-5.43956
-5.43989
-5.43989
-5.44021
-5.44021
-5.43989
-5.43924
-5.43924
-5.43859
-5.43794
-5.43762
-5.4373
-5.43762
-5.43794
-5.43794
-5.4373
-5.43794
-5.43794
-5.43762
-5.43762
-5.43827
-5.43924
-5.43892
-5.44021
-5.44021
-5.44021
-5.44021
-5.43989
-5.43924
-5.43924
-5.43956
-5.44118
-5.44053
-5.44053
-5.43989
-5.44053
-5.44086
-5.44118
-5.4415
-5.44086
-5.44086
-5.44086
-5.44053
-5.43988
-5.44021
-5.43988
-5.44021
-5.44085
-5.44085
-5.44118
-5.4415
-5.44118
-5.44085
-5.44053
-5.43988
-5.43923
-5.43923
-5.43826
-5.43826
-5.43762
-5.43729
-5.43697
-5.43729
-5.43729
-5.43697
-5.43794
-5.43858
-5.43826
-5.43891
-5.43923
-5.43988
-5.43891
-5.43923
-5.43923
-5.43858
-5.43826
-5.43858
-5.43891
-5.43891
-5.43891
-5.43891
-5.43891
-5.43923
-5.43956
-5.43891
-5.43891
-5.43956
-5.43956
-5.43956
-5.43988
-5.43923
-5.43956
-5.43891
-5.43923
-5.43923
-5.43988
-5.43988
-5.43988
-5.4402
-5.4402
-5.43988
-5.43891
-5.43858
-5.43858
-5.43826
-5.43858
-5.43858
-5.43794
-5.43697
-5.43632
-5.43632
-5.43632
-5.43664
-5.43697
-5.43729
-5.43664
-5.43632
-5.43664
-5.43729
-5.43729
-5.43664
-5.43664
-5.43664
-5.43632
-5.43632
-5.43664
-5.43664
-5.43697
-5.43697
-5.43697
-5.43567
-5.43632
-5.436
-5.436
-5.43632
-5.43567
-5.436
-5.436
-5.43697
-5.43697
-5.43697
-5.43697
-5.43664
-5.43664
-5.43664
-5.43632
-5.43632
-5.43535
-5.43567
-5.43535
-5.43567
-5.436
-5.43535
-5.43535
-5.4347
-5.43502
-5.43438
-5.43373
-5.43373
-5.43535
-5.43503
-5.43535
-5.4347
-5.4347
-5.43438
-5.43503
-5.4347
-5.4347
-5.43503
-5.43438
-5.43503
-5.43535
-5.43535
-5.43535
-5.4347
-5.43438
-5.43406
-5.43373
-5.4347
-5.4347
-5.4347
-5.43406
-5.4347
-5.43568
-5.43535
-5.436
-5.43568
-5.43568
-5.43535
-5.43535
-5.43535
-5.43535
-5.43536
-5.43503
-5.43503
-5.43438
-5.43438
-5.43406
-5.43406
-5.43374
-5.43438
-5.43535
-5.43503
-5.43535
-5.43568
-5.43568
-5.43568
-5.43503
-5.43471
-5.43503
-5.43503
-5.43503
-5.43471
-5.43438
-5.43438
-5.43406
-5.43406
-5.43438
-5.43438
-5.43406
-5.43373
-5.43406
-5.43406
-5.43438
-5.43374
-5.43341
-5.43276
-5.43341
-5.43406
-5.43374
-5.43341
-5.43277
-5.43244
-5.43374
-5.43374
-5.43374
-5.43439
-5.43536
-5.43438
-5.43438
-5.43471
-5.43503
-5.43503
-5.43439
-5.43439
-5.43439
-5.43503
-5.43503
-5.43568
-5.436
-5.43633
-5.43633
-5.436
-5.43633
-5.43568
-5.43665
-5.43697
-5.4373
-5.43697
-5.43697
-5.43633
-5.43665
-5.43697
-5.43795
-5.43795
-5.43859
-5.43859
-5.43859
-5.43892
-5.43892
-5.43892
-5.43892
-5.43924
-5.43859
-5.43924
-5.43924
-5.43891
-5.43891
-5.43924
-5.43924
-5.43827
-5.43827
-5.43827
-5.43827
-5.43827
-5.43827
-5.43827
-5.43859
-5.43891
-5.43924
-5.43924
-5.43827
-5.43794
-5.43794
-5.43762
-5.43762
-5.43762
-5.43826
-5.43794
-5.43794
-5.43891
-5.43924
-5.43924
-5.43891
-5.43891
-5.43891
-5.43988
-5.43956
-5.43956
-5.43924
-5.43956
-5.43891
-5.43891
-5.43891
-5.43891
-5.43859
-5.43827
-5.43859
-5.43827
-5.43794
-5.43794
-5.43794
-5.43794
-5.43826
-5.43859
-5.43827
-5.43794
-5.43794
-5.43794
-5.43794
-5.43891
-5.43891
-5.43859
-5.43827
-5.43762
-5.43762
-5.43697
-5.43665
-5.436
-5.43632
-5.43665
-5.4373
-5.43697
-5.43632
-5.436
-5.436
-5.43632
-5.43632
-5.43568
-5.436
-5.43632
-5.43632
-5.43632
-5.436
-5.43568
-5.43535
-5.43503
-5.43503
-5.43471
-5.43471
-5.43535
-5.43503
-5.43471
-5.43471
-5.43438
-5.43438
-5.43438
-5.43503
-5.43471
-5.43471
-5.43536
-5.43406
-5.43406
-5.43374
-5.43374
-5.43309
-5.43309
-5.43309
-5.43277
-5.43244
-5.43277
-5.43212
-5.43244
-5.43244
-5.43277
-5.43244
-5.43277
-5.43212
-5.4318
-5.43212
-5.43115
-5.43082
-5.43115
-5.43115
-5.43082
-5.43115
-5.4305
-5.43082
-5.43115
-5.43082
-5.4305
-5.4305
-5.43115
-5.4305
-5.42985
-5.43017
-5.43017
-5.43017
-5.4305
-5.4305
-5.43082
-5.43115
-5.43082
-5.43018
-5.42985
-5.4305
-5.4305
-5.43115
-5.43179
-5.43147
-5.43179
-5.43147
-5.43082
-5.43082
-5.43082
-5.43115
-5.43147
-5.43147
-5.4305
-5.43018
-5.42985
-5.43017
-5.43017
-5.4305
-5.42985
-5.43115
-5.43212
-5.43212
-5.43179
-5.43179
-5.43179
-5.43179
-5.43212
-5.43212
-5.43244
-5.43179
-5.43147
-5.43115
-5.43147
-5.43147
-5.43179
-5.43082
-5.43179
-5.43212
-5.43244
-5.43212
-5.43277
-5.43341
-5.43276
-5.43244
-5.43276
-5.43244
-5.43212
-5.43212
-5.43147
-5.43147
-5.43212
-5.43179
-5.43179
-5.43244
-5.43276
-5.43341
-5.43276
-5.43276
-5.43309
-5.43438
-5.43471
-5.43438
-5.43471
-5.43535
-5.43471
-5.43438
-5.43438
-5.43535
-5.43568
-5.43535
-5.43535
-5.43632
-5.43632
-5.43503
-5.43535
-5.43341
-5.43373
-5.43373
-5.43341
-5.43406
-5.43406
-5.43438
-5.43438
-5.43438
-5.43373
-5.43308
-5.43211
-5.43211
-5.43147
-5.43211
-5.43179
-5.43211
-5.43179
-5.43179
-5.43179
-5.43211
-5.43212
-5.43179
-5.43309
-5.43373
-5.43373
-5.4347
-5.43471
-5.43503
-5.43406
-5.43503
-5.43535
-5.43568
-5.43568
-5.436
-5.43633
-5.436
-5.43568
-5.436
-5.43568
-5.43568
-5.43503
-5.43438
-5.43503
-5.43438
-5.43438
-5.43471
-5.43503
-5.43503
-5.43471
-5.43471
-5.43503
-5.43536
-5.436
-5.43568
-5.43536
-5.43503
-5.43503
-5.43503
-5.43568
-5.43568
-5.43633
-5.43633
-5.43633
-5.43698
-5.43665
-5.43665
-5.43698
-5.43665
-5.43633
-5.436
-5.43568
-5.436
-5.43633
-5.43633
-5.43633
-5.43665
-5.43665
-5.4373
-5.43665
-5.43665
-5.43568
-5.43568
-5.43633
-5.43568
-5.436
-5.43568
-5.436
-5.43568
-5.43568
-5.43568
-5.43536
-5.436
-5.43568
-5.43568
-5.436
-5.43633
-5.43665
-5.43633
-5.436
-5.43568
-5.436
-5.43633
-5.43697
-5.43697
-5.43697
-5.43697
-5.43697
-5.4373
-5.4373
-5.43762
-5.43794
-5.43794
-5.43762
-5.43794
-5.43859
-5.43859
-5.43859
-5.43794
-5.43794
-5.43762
-5.4373
-5.43697
-5.43665
-5.43568
-5.43536
-5.43536
-5.43536
-5.436
-5.43568
-5.43503
-5.43503
-5.43503
-5.43471
-5.43503
-5.43503
-5.43535
-5.43535
-5.43471
-5.43438
-5.43438
-5.43471
-5.43438
-5.43503
-5.43568
-5.43535
-5.43633
-5.43633
-5.43633
-5.4373
-5.4373
-5.43697
-5.43697
-5.43697
-5.43633
-5.43665
-5.43633
-5.43633
-5.43633
-5.43633
-5.43568
-5.43536
-5.43536
-5.43536
-5.43536
-5.43503
-5.43503
-5.43536
-5.43503
-5.43503
-5.43503
-5.43471
-5.43536
-5.43504
-5.43536
-5.43601
-5.43568
-5.43536
-5.43471
-5.43471
-5.43471
-5.43471
-5.43471
-5.43439
-5.43407
-5.43407
-5.43407
-5.43374
-5.43374
-5.43374
-5.43439
-5.43471
-5.43439
-5.43439
-5.43374
-5.43374
-5.43407
-5.43374
-5.43342
-5.43309
-5.43277
-5.43309
-5.43342
-5.43342
-5.43342
-5.4318
-5.43212
-5.43374
-5.43439
-5.43471
-5.43439
-5.43374
-5.43374
-5.43439
-5.43504
-5.43504
-5.43504
-5.43439
-5.43503
-5.43536
-5.43503
-5.43503
-5.43536
-5.43568
-5.43536
-5.43536
-5.43568
-5.43568
-5.43503
-5.43471
-5.43503
-5.43568
-5.43536
-5.43536
-5.43439
-5.43471
-5.43471
-5.43471
-5.43439
-5.43439
-5.43439
-5.43536
-5.43503
-5.43503
-5.43471
-5.43406
-5.43374
-5.43406
-5.43406
-5.43406
-5.43406
-5.43406
-5.43374
-5.43374
-5.43407
-5.43407
-5.43439
-5.43471
-5.43439
-5.43439
-5.43439
-5.43471
-5.43536
-5.43666
-5.43698
-5.4373
-5.43795
-5.43828
-5.43698
-5.43666
-5.43666
-5.43731
-5.43763
-5.43763
-5.4386
-5.43925
-5.43828
-5.43731
-5.43731
-5.43731
-5.43698
-5.43633
-5.43666
-5.43731
-5.43698
-5.43795
-5.43795
-5.4386
-5.43828
-5.43828
-5.43795
-5.43666
-5.43666
-5.43666
-5.43666
-5.43633
-5.43601
-5.43568
-5.43568
-5.43471
-5.43504
-5.43504
-5.43504
-5.43536
-5.43471
-5.43471
-5.43503
-5.43503
-5.43503
-5.43471
-5.43471
-5.43471
-5.43503
-5.43536
-5.43568
-5.43568
-5.436
-5.43503
-5.43438
-5.43406
-5.43438
-5.43503
-5.43503
-5.43536
-5.43503
-5.43503
-5.43536
-5.43568
-5.43601
-5.43633
-5.43601
-5.43504
-5.43504
-5.43568
-5.43504
-5.43504
-5.43536
-5.43536
-5.43504
-5.43536
-5.43504
-5.43407
-5.43407
-5.43375
-5.43375
-5.43439
-5.43342
-5.43407
-5.43407
-5.4344
-5.4344
-5.43407
-5.43407
-5.43407
-5.4331
-5.4331
-5.4331
-5.43343
-5.43278
-5.4331
-5.43246
-5.43278
-5.4331
-5.4331
-5.4331
-5.43343
-5.43375
-5.43343
-5.43375
-5.43375
-5.43343
-5.43343
-5.43408
-5.43408
-5.43375
-5.43375
-5.4344
-5.43407
-5.4344
-5.43472
-5.43472
-5.4344
-5.4344
-5.43472
-5.43472
-5.43537
-5.43537
-5.43504
-5.43472
-5.43472
-5.43472
-5.43472
-5.43569
-5.43569
-5.43569
-5.43537
-5.43439
-5.43407
-5.43407
-5.43472
-5.43536
-5.43536
-5.43569
-5.43569
-5.43472
-5.43439
-5.43439
-5.43407
-5.43407
-5.43374
-5.43439
-5.43439
-5.43374
-5.43439
-5.43471
-5.43407
-5.43439
-5.43407
-5.43374
-5.43342
-5.43342
-5.43342
-5.43407
-5.43471
-5.43439
-5.43374
-5.43374
-5.43407
-5.43439
-5.43407
-5.43407
-5.43439
-5.43407
-5.43472
-5.43536
-5.43601
-5.43601
-5.43536
-5.43536
-5.43472
-5.43504
-5.43472
-5.43472
-5.43472
-5.43472
-5.43439
-5.43472
-5.43439
-5.43407
-5.43375
-5.43375
-5.43407
-5.43342
-5.43278
-5.43278
-5.43343
-5.4331
-5.43278
-5.4331
-5.43343
-5.43343
-5.43278
-5.43246
-5.43181
-5.43181
-5.43181
-5.43181
-5.43213
-5.43116
-5.43084
-5.43116
-5.43181
-5.43181
-5.43181
-5.43181
-5.43246
-5.43246
-5.43278
-5.43213
-5.43246
-5.43213
-5.43246
-5.43278
-5.43278
-5.43149
-5.43213
-5.43213
-5.43181
-5.43213
-5.43213
-5.43213
-5.43213
-5.43213
-5.43213
-5.43213
-5.43181
-5.4318
-5.43181
-5.43148
-5.43245
-5.43245
-5.43245
-5.43213
-5.4318
-5.43148
-5.43277
-5.4331
-5.43277
-5.43277
-5.43245
-5.43277
-5.43245
-5.43277
-5.4331
-5.4331
-5.43277
-5.43245
-5.43309
-5.43277
-5.43277
-5.43245
-5.43309
-5.43309
-5.43309
-5.43309
-5.43277
-5.43277
-5.43277
-5.43342
-5.4331
-5.43407
-5.43407
-5.43439
-5.43504
-5.43569
-5.43601
-5.43666
-5.43666
-5.43796
-5.43763
-5.43796
-5.43763
-5.43763
-5.43763
-5.43828
-5.43828
-5.43763
-5.43731
-5.43699
-5.43731
-5.43731
-5.43731
-5.43634
-5.43602
-5.43634
-5.43634
-5.43537
-5.43504
-5.43537
-5.43537
-5.43407
-5.43505
-5.43505
-5.43505
-5.43505
-5.43472
-5.43407
-5.43505
-5.43569
-5.43569
-5.43602
-5.43602
-5.4357
-5.43602
-5.43505
-5.43537
-5.43505
-5.43537
-5.43472
-5.43505
-5.43472
-5.43505
-5.43537
-5.43505
-5.43505
-5.43569
-5.43537
-5.43505
-5.43505
-5.43537
-5.43569
-5.43569
-5.43537
-5.43602
-5.43602
-5.43667
-5.43667
-5.43634
-5.43699
-5.43667
-5.43699
-5.43764
-5.43796
-5.43796
-5.43828
-5.43796
-5.43828
-5.43861
-5.43764
-5.43893
-5.43893
-5.43925
-5.43828
-5.43861
-5.4386
-5.43893
-5.4386
-5.43893
-5.43893
-5.4386
-5.43893
-5.43893
-5.43893
-5.43925
-5.43893
-5.43893
-5.43893
-5.43925
-5.44054
-5.44087
-5.44087
-5.44119
-5.44119
-5.44152
-5.44119
-5.44087
-5.44087
-5.44119
-5.44249
-5.44281
-5.44249
-5.44249
-5.44249
-5.44281
-5.44346
-5.44378
-5.44281
-5.44314
-5.44281
-5.44314
-5.44249
-5.44249
-5.44217
-5.44314
-5.44314
-5.44282
-5.44185
-5.44087
-5.44087
-5.44055
-5.44055
-5.4412
-5.4412
-5.44055
-5.4412
-5.44087
-5.44088
-5.44023
-5.44023
-5.43958
-5.43893
-5.43893
-5.43893
-5.43893
-5.43828
-5.43861
-5.43861
-5.43828
-5.43828
-5.43861
-5.43828
-5.43796
-5.43731
-5.43731
-5.43699
-5.43731
-5.43731
-5.43731
-5.43763
-5.43731
-5.43828
-5.43893
-5.43925
-5.43957
-5.43957
-5.43957
-5.43925
-5.4386
-5.43893
-5.43925
-5.44022
-5.43957
-5.43957
-5.4399
-5.43925
-5.43892
-5.4386
-5.4386
-5.43795
-5.43828
-5.43828
-5.43763
-5.43795
-5.43731
-5.43731
-5.43763
-5.4386
-5.43893
-5.4386
-5.43893
-5.4399
-5.44054
-5.44022
-5.44022
-5.43925
-5.43957
-5.43957
-5.43957
-5.43957
-5.43892
-5.43892
-5.4386
-5.43828
-5.43828
-5.43828
-5.43731
-5.43828
-5.43796
-5.43828
-5.43796
-5.4386
-5.43893
-5.43893
-5.43925
-5.43957
-5.43957
-5.43893
-5.43828
-5.43828
-5.43795
-5.43828
-5.4386
-5.43892
-5.43892
-5.43892
-5.43892
-5.4386
-5.4386
-5.43828
-5.43828
-5.43828
-5.4386
-5.43892
-5.43892
-5.43925
-5.43957
-5.43957
-5.43989
-5.44054
-5.44087
-5.44151
-5.44087
-5.44087
-5.44119
-5.44152
-5.44152
-5.44119
-5.44152
-5.44119
-5.44119
-5.44119
-5.44119
-5.44216
-5.44249
-5.44249
-5.44281
-5.44281
-5.44249
-5.44249
-5.44216
-5.44217
-5.44217
-5.44249
-5.44216
-5.44152
-5.44184
-5.44119
-5.44119
-5.44119
-5.44152
-5.44249
-5.44281
-5.44281
-5.44281
-5.44346
-5.44314
-5.44217
-5.44281
-5.44217
-5.44152
-5.44216
-5.44152
-5.44119
-5.44087
-5.44087
-5.44087
-5.4399
-5.44087
-5.44119
-5.44087
-5.44119
-5.44087
-5.44022
-5.44022
-5.44022
-5.44022
-5.4399
-5.4399
-5.43957
-5.43893
-5.43925
-5.43925
-5.4386
-5.43957
-5.43957
-5.43892
-5.4386
-5.43731
-5.43731
-5.43731
-5.43666
-5.43698
-5.43666
-5.4373
-5.43763
-5.4373
-5.4373
-5.43763
-5.43731
-5.43698
-5.43666
-5.43698
-5.43828
-5.43763
-5.43731
-5.43763
-5.43763
-5.43763
-5.43763
-5.43763
-5.43795
-5.43828
-5.43731
-5.43698
-5.43634
-5.43731
-5.43698
-5.43698
-5.43601
-5.43634
-5.43666
-5.43537
-5.43537
-5.43569
-5.43504
-5.43569
-5.43537
-5.43537
-5.43472
-5.43472
-5.43504
-5.43439
-5.43375
-5.43407
-5.43375
-5.43375
-5.43375
-5.43375
-5.43375
-5.43375
-5.43342
-5.43407
-5.4344
-5.43407
-5.43342
-5.43342
-5.43342
-5.43278
-5.43213
-5.43278
-5.43213
-5.43213
-5.4331
-5.43342
-5.43375
-5.43375
-5.43213
-5.4318
-5.43083
-5.43083
-5.43116
-5.43083
-5.43018
-5.43083
-5.43116
-5.43083
-5.43051
-5.43018
-5.43083
-5.43083
-5.43083
-5.43083
-5.43116
-5.43148
-5.43148
-5.43083
-5.43083
-5.43116
-5.43116
-5.43019
-5.43116
-5.43148
-5.43148
-5.4318
-5.43148
-5.43213
-5.43213
-5.43245
-5.43245
-5.43278
-5.43278
-5.43278
-5.43213
-5.43245
-5.43277
-5.43342
-5.4331
-5.43277
-5.4331
-5.4331
-5.43277
-5.43342
-5.43407
-5.43407
-5.4331
-5.43407
-5.43439
-5.43472
-5.43471
-5.43472
-5.43472
-5.43472
-5.43472
-5.43472
-5.43407
-5.43407
-5.43407
-5.43439
-5.43472
-5.43504
-5.43504
-5.43504
-5.43536
-5.43569
-5.43569
-5.43536
-5.43439
-5.43471
-5.43504
-5.43633
-5.43569
-5.43536
-5.43504
-5.43504
-5.43504
-5.43439
-5.43407
-5.43407
-5.43471
-5.43504
-5.43504
-5.43536
-5.43536
-5.43569
-5.43569
-5.43504
-5.43439
-5.43407
-5.43375
-5.43375
-5.43375
-5.43407
-5.43407
-5.43439
-5.43439
-5.43375
-5.43245
-5.43245
-5.43245
-5.43245
-5.43245
-5.43277
-5.43213
-5.43213
-5.43277
-5.43245
-5.43245
-5.43278
-5.4331
-5.4331
-5.43342
-5.4331
-5.4331
-5.43278
-5.43245
-5.4331
-5.43342
-5.43375
-5.43439
-5.43375
-5.43342
-5.43342
-5.43375
-5.43342
-5.43245
-5.43213
-5.43278
-5.43277
-5.43342
-5.43342
-5.43342
-5.43342
-5.43277
-5.4331
-5.43374
-5.43374
-5.43374
-5.43407
-5.43407
-5.43407
-5.43439
-5.43374
-5.43374
-5.43374
-5.43407
-5.43407
-5.43407
-5.43342
-5.43342
-5.43342
-5.43407
-5.43439
-5.43439
-5.43342
-5.43342
-5.4331
-5.43277
-5.43309
-5.43342
-5.43245
-5.43245
-5.43245
-5.43277
-5.43245
-5.43212
-5.4318
-5.4318
-5.43212
-5.43212
-5.43277
-5.43212
-5.43245
-5.43245
-5.43277
-5.43277
-5.43309
-5.43277
-5.43342
-5.43342
-5.43407
-5.43407
-5.43439
-5.43439
-5.43407
-5.43504
-5.43472
-5.43472
-5.43472
-5.43504
-5.43537
-5.43569
-5.43601
-5.43666
-5.43666
-5.43699
-5.43634
-5.43634
-5.43504
-5.43537
-5.4344
-5.4344
-5.4344
-5.43505
-5.43537
-5.43407
-5.43407
-5.4344
-5.43407
-5.43472
-5.43504
-5.43504
-5.4344
-5.4344
-5.43375
-5.43375
-5.4344
-5.4344
-5.43375
-5.43407
-5.43407
-5.43375
-5.4344
-5.43504
-5.43504
-5.4344
-5.43375
-5.4331
-5.4331
-5.43278
-5.43278
-5.43245
-5.43213
-5.43213
-5.43245
-5.43245
-5.43342
-5.43439
-5.43439
-5.43375
-5.43407
-5.43342
-5.4331
-5.43245
-5.43277
-5.43374
-5.43374
-5.43374
-5.43342
-5.43374
-5.43342
-5.43342
-5.43374
-5.43439
-5.43439
-5.43504
-5.43504
-5.43536
-5.43536
-5.43536
-5.43504
-5.43504
-5.43504
-5.43471
-5.43536
-5.43569
-5.43569
-5.43666
-5.43666
-5.43633
-5.43698
-5.43698
-5.43698
-5.43698
-5.43698
-5.43828
-5.43892
-5.43925
-5.43989
-5.43989
-5.43989
-5.4399
-5.44022
-5.44022
-5.44022
-5.4399
-5.43925
-5.43893
-5.43893
-5.43893
-5.43795
-5.43795
-5.4386
-5.43893
-5.43893
-5.43893
-5.43925
-5.43957
-5.43957
-5.43925
-5.43893
-5.43893
-5.43893
-5.43925
-5.43925
-5.43893
-5.43828
-5.4386
-5.43893
-5.4386
-5.4386
-5.43925
-5.4399
-5.4399
-5.4399
-5.4399
-5.44022
-5.43958
-5.43925
-5.43958
-5.43958
-5.43958
-5.43958
-5.4399
-5.44023
-5.44023
-5.4399
-5.4399
-5.4399
-5.4399
-5.44023
-5.43925
-5.44055
-5.44055
-5.43958
-5.4399
-5.4399
-5.4399
-5.4399
-5.43958
-5.43958
-5.43893
-5.43893
-5.43828
-5.43893
-5.43861
-5.43861
-5.43893
-5.43893
-5.43828
-5.43764
-5.43764
-5.43764
-5.43699
-5.43666
-5.43666
-5.43634
-5.43731
-5.43699
-5.43699
-5.43634
-5.43666
-5.43666
-5.43666
-5.43634
-5.43602
-5.43666
-5.43731
-5.43731
-5.43731
-5.43731
-5.43699
-5.43699
-5.43699
-5.43731
-5.43699
-5.43666
-5.43666
-5.43569
-5.43537
-5.43634
-5.43666
-5.43666
-5.43698
-5.43698
-5.43731
-5.43731
-5.43698
-5.43698
-5.43698
-5.43731
-5.43698
-5.43666
-5.43763
-5.43666
-5.43633
-5.43569
-5.43504
-5.43504
-5.43504
-5.43536
-5.43568
-5.43568
-5.43601
-5.43504
-5.43471
-5.43471
-5.43471
-5.43504
-5.43568
-5.43568
-5.43568
-5.43536
-5.43536
-5.43568
-5.43536
-5.43536
-5.43536
-5.43601
-5.43633
-5.43569
-5.43569
-5.43569
-5.43536
-5.43536
-5.43536
-5.43439
-5.43439
-5.43374
-5.43374
-5.43342
-5.4331
-5.43342
-5.43375
-5.43342
-5.4331
-5.43278
-5.43342
-5.43342
-5.43278
-5.43278
-5.4331
-5.4331
-5.43246
-5.43213
-5.43213
-5.43213
-5.43246
-5.4331
-5.43375
-5.4344
-5.43407
-5.43472
-5.43537
-5.43602
-5.43602
-5.43569
-5.43634
-5.43602
-5.43634
-5.43666
-5.43634
-5.43666
-5.43699
-5.43699
-5.43666
-5.43634
-5.43569
-5.43537
-5.43569
-5.43602
-5.43569
-5.4344
-5.4344
-5.43472
-5.43602
-5.43602
-5.43634
-5.43634
-5.43634
-5.43601
-5.43666
-5.43666
-5.43569
-5.43569
-5.43569
-5.43569
-5.43537
-5.43472
-5.43537
-5.43504
-5.43537
-5.43569
-5.43537
-5.43504
-5.43569
-5.43537
-5.43536
-5.43536
-5.43536
-5.43504
-5.43536
-5.43569
-5.43569
-5.43569
-5.43569
-5.43569
-5.43569
-5.43601
-5.43569
-5.43633
-5.43698
-5.43795
-5.43763
-5.4373
-5.4373
-5.43666
-5.43666
-5.43666
-5.43666
-5.43665
-5.43698
-5.43633
-5.43666
-5.4373
-5.43698
-5.43698
-5.4373
-5.4373
-5.43763
-5.43763
-5.43795
-5.43827
-5.43763
-5.4373
-5.43698
-5.43698
-5.4373
-5.43698
-5.43665
-5.43763
-5.43763
-5.43827
-5.43827
-5.43795
-5.4373
-5.43795
-5.43924
-5.4386
-5.43795
-5.43763
-5.43795
-5.43763
-5.43763
-5.43795
-5.4386
-5.43892
-5.43892
-5.4386
-5.43795
-5.43763
-5.43763
-5.43763
-5.43795
-5.43795
-5.4386
-5.43892
-5.43925
-5.43925
-5.4399
-5.44022
-5.44054
-5.44087
-5.44054
-5.44022
-5.44022
-5.44022
-5.44022
-5.44054
-5.44022
-5.44054
-5.44022
-5.43989
-5.44054
-5.44119
-5.44119
-5.44087
-5.44119
-5.44119
-5.44119
-5.44087
-5.44022
-5.44054
-5.44022
-5.43989
-5.43989
-5.43989
-5.43957
-5.43924
-5.43924
-5.43892
-5.43827
-5.43892
-5.4386
-5.43763
-5.4373
-5.43633
-5.43665
-5.43698
-5.43633
-5.43698
-5.43698
-5.43633
-5.43601
-5.43601
-5.43601
-5.43601
-5.43601
-5.43601
-5.43601
-5.43633
-5.43698
-5.43666
-5.43633
-5.43666
-5.43763
-5.43763
-5.43763
-5.43795
-5.43827
-5.43763
-5.43795
-5.4373
-5.43763
-5.43795
-5.43763
-5.43795
-5.4373
-5.43698
-5.43633
-5.43601
-5.43568
-5.43568
-5.43536
-5.43568
-5.43568
-5.43568
-5.43504
-5.43504
-5.43504
-5.43471
-5.43439
-5.43471
-5.43471
-5.43439
-5.43471
-5.43504
-5.43536
-5.43536
-5.43504
-5.43536
-5.43536
-5.43536
-5.43536
-5.43407
-5.43374
-5.43342
-5.43342
-5.43342
-5.43245
-5.43212
-5.43245
-5.43245
-5.43213
-5.43245
-5.4331
-5.43277
-5.43245
-5.43245
-5.43277
-5.43277
-5.43213
-5.43245
-5.43245
-5.43245
-5.4331
-5.4331
-5.4331
-5.4331
-5.4331
-5.43342
-5.4331
-5.4331
-5.43342
-5.4331
-5.4331
-5.43407
-5.43407
-5.43439
-5.43439
-5.43504
-5.43536
-5.43504
-5.43504
-5.43504
-5.43504
-5.43536
-5.43504
-5.43536
-5.43472
-5.43439
-5.43342
-5.43439
-5.43407
-5.43439
-5.43439
-5.43407
-5.43439
-5.43504
-5.43504
-5.43504
-5.43536
-5.43568
-5.43601
-5.43601
-5.43633
-5.43601
-5.43568
-5.43536
-5.43536
-5.43536
-5.43568
-5.43503
-5.43503
-5.43503
-5.43536
-5.43503
-5.43536
-5.43503
-5.43471
-5.43374
-5.43341
-5.43406
-5.43536
-5.43503
-5.43536
-5.43471
-5.43438
-5.43471
-5.43568
-5.43536
-5.43503
-5.43503
-5.43503
-5.43503
-5.43568
-5.43568
-5.43536
-5.43633
-5.43665
-5.4373
-5.43795
-5.43795
-5.43666
-5.43633
-5.43633
-5.43633
-5.43568
-5.43536
-5.43536
-5.43536
-5.43601
-5.43536
-5.43536
-5.43536
-5.43504
-5.43504
-5.43439
-5.43439
-5.43504
-5.43439
-5.43439
-5.43504
-5.43536
-5.43504
-5.43536
-5.43536
-5.43504
-5.43504
-5.43569
-5.43634
-5.43731
-5.43666
-5.43796
-5.43796
-5.43796
-5.43698
-5.43731
-5.43731
-5.43731
-5.43731
-5.43731
-5.43666
-5.43601
-5.43634
-5.43666
-5.43698
-5.43698
-5.43634
-5.43666
-5.43666
-5.43666
-5.43634
-5.43601
-5.43569
-5.43569
-5.43569
-5.43634
-5.43601
-5.43634
-5.43601
-5.43601
-5.43569
-5.43504
-5.43504
-5.43569
-5.43601
-5.43633
-5.43633
-5.43633
-5.43601
-5.43763
-5.43698
-5.43665
-5.43665
-5.43698
-5.43665
-5.43633
-5.43698
-5.43698
-5.4373
-5.4373
-5.43795
-5.43762
-5.43762
-5.43698
-5.43698
-5.43698
-5.43698
-5.4373
-5.4373
-5.43697
-5.43697
-5.43762
-5.43795
-5.4373
-5.4373
-5.4373
-5.4373
-5.43698
-5.43698
-5.43665
-5.43665
-5.43633
-5.43633
-5.43665
-5.43698
-5.4373
-5.43763
-5.43795
-5.43795
-5.43828
-5.43795
-5.43795
-5.43698
-5.43731
-5.43731
-5.43763
-5.43763
-5.43731
-5.43731
-5.43699
-5.43731
-5.43731
-5.43764
-5.43796
-5.43828
-5.43829
-5.43796
-5.43796
-5.43861
-5.43861
-5.43926
-5.43893
-5.43861
-5.43861
-5.43861
-5.43894
-5.43894
-5.43894
-5.43829
-5.43796
-5.43829
-5.43829
-5.43796
-5.43893
-5.43861
-5.43958
-5.44055
-5.43991
-5.43991
-5.4399
-5.43958
-5.43958
-5.44023
-5.44023
-5.44055
-5.44055
-5.44023
-5.43926
-5.43796
-5.43764
-5.43764
-5.43764
-5.43764
-5.43796
-5.43731
-5.43699
-5.43634
-5.43602
-5.43602
-5.43666
-5.43666
-5.43666
-5.43666
-5.43699
-5.43763
-5.43796
-5.43796
-5.43731
-5.43666
-5.43699
-5.43699
-5.43666
-5.43634
-5.43699
-5.43699
-5.43699
-5.43666
-5.43666
-5.43731
-5.43763
-5.43764
-5.43634
-5.43731
-5.43699
-5.43731
-5.43602
-5.43569
-5.43505
-5.43505
-5.43505
-5.43537
-5.43569
-5.43602
-5.43634
-5.43602
-5.43634
-5.43634
-5.43667
-5.4357
-5.43537
-5.43537
-5.43505
-5.43537
-5.43537
-5.4357
-5.43634
-5.43634
-5.43634
-5.43634
-5.43667
-5.43634
-5.43569
-5.43602
-5.43666
-5.43667
-5.43634
-5.43731
-5.43699
-5.43667
-5.43634
-5.43731
-5.43764
-5.43731
-5.43731
-5.43666
-5.43731
-5.43731
-5.43731
-5.43699
-5.43666
-5.43731
-5.43731
-5.43699
-5.43634
-5.43666
-5.43731
-5.43699
-5.43699
-5.43634
-5.43731
-5.43731
-5.43763
-5.43763
-5.43828
-5.43731
-5.43763
-5.43763
-5.43828
-5.4386
-5.4386
-5.43925
-5.43893
-5.4386
-5.4386
-5.4386
-5.43828
-5.43796
-5.43828
-5.4386
-5.43796
-5.43828
-5.43893
-5.43893
-5.43828
-5.4386
-5.43893
-5.43828
-5.4386
-5.4386
-5.4386
-5.4386
-5.43796
-5.4386
-5.4386
-5.4386
-5.4386
-5.43795
-5.43828
-5.43795
-5.4386
-5.4386
-5.4386
-5.43828
-5.43828
-5.43763
-5.43763
-5.43731
-5.43763
-5.43731
-5.43666
-5.43666
-5.43634
-5.43601
-5.43569
-5.43537
-5.43569
-5.43569
-5.43634
-5.43537
-5.43537
-5.43537
-5.43504
-5.43504
-5.43569
-5.43537
-5.43504
-5.43407
-5.43407
-5.43407
-5.43407
-5.43504
-5.43504
-5.43504
-5.43504
-5.43634
-5.43666
-5.43634
-5.43634
-5.43634
-5.43634
-5.43666
-5.43666
-5.43634
-5.43634
-5.43634
-5.43666
-5.43666
-5.43666
-5.43601
-5.43634
-5.43666
-5.43634
-5.43601
-5.43634
-5.43634
-5.43569
-5.43569
-5.43601
-5.43601
-5.43601
-5.43634
-5.43634
-5.43666
-5.43666
-5.43634
-5.43666
-5.43698
-5.43666
-5.43601
-5.43569
-5.43569
-5.43537
-5.43537
-5.43634
-5.43634
-5.43634
-5.43634
-5.43634
-5.43601
-5.43634
-5.43699
-5.43601
-5.43601
-5.43634
-5.43763
-5.43763
-5.43796
-5.43763
-5.43763
-5.43763
-5.43763
-5.43764
-5.43731
-5.43764
-5.43731
-5.43731
-5.43764
-5.43828
-5.43828
-5.43796
-5.43796
-5.43731
-5.43796
-5.43796
-5.43796
-5.43796
-5.43764
-5.43764
-5.43764
-5.43667
-5.43667
-5.43667
-5.43634
-5.4357
-5.43537
-5.43602
-5.43602
-5.43602
-5.43505
-5.43505
-5.43505
-5.43505
-5.43505
-5.43505
-5.43505
-5.43537
-5.43602
-5.43537
-5.43505
-5.43537
-5.43537
-5.43602
-5.43602
-5.43699
-5.43764
-5.43861
-5.43861
-5.43861
-5.43861
-5.43861
-5.43861
-5.43926
-5.43861
-5.43829
-5.43829
-5.43764
-5.43764
-5.43732
-5.43667
-5.43699
-5.43732
-5.43732
-5.43829
-5.43893
-5.43829
-5.43861
-5.43796
-5.43829
-5.43829
-5.43764
-5.43829
-5.43829
-5.43861
-5.43829
-5.43732
-5.43732
-5.43699
-5.43667
-5.43667
-5.43667
-5.43602
-5.43602
-5.4357
-5.4357
-5.4357
-5.43602
-5.43667
-5.43667
-5.43699
-5.43732
-5.43764
-5.43797
-5.43797
-5.43699
-5.43667
-5.43635
-5.43699
-5.43764
-5.43764
-5.43797
-5.43829
-5.43829
-5.43829
-5.43894
-5.43861
-5.43797
-5.43635
-5.43667
-5.43667
-5.43667
-5.43667
-5.43667
-5.4357
-5.43538
-5.4357
-5.4357
-5.4357
-5.4357
-5.43506
-5.43441
-5.43408
-5.43408
-5.43376
-5.43311
-5.43344
-5.43473
-5.43506
-5.43506
-5.4357
-5.4357
-5.4357
-5.43603
-5.43538
-5.43441
-5.43409
-5.43506
-5.43538
-5.43603
-5.43668
-5.43603
-5.43603
-5.437
-5.43668
-5.43603
-5.43668
-5.43668
-5.43668
-5.43732
-5.43667
-5.43667
-5.43667
-5.43667
-5.43602
-5.43602
-5.4357
-5.4357
-5.43538
-5.4357
-5.43602
-5.43602
-5.43537
-5.43505
-5.43537
-5.43537
-5.43473
-5.43505
-5.43537
-5.4357
-5.43667
-5.43634
-5.43634
-5.43731
-5.43731
-5.43764
-5.43731
-5.43731
-5.43731
-5.43796
-5.43796
-5.43861
-5.43796
-5.43796
-5.43764
-5.43731
-5.43666
-5.43666
-5.43634
-5.43666
-5.43537
-5.43504
-5.43472
-5.43504
-5.43504
-5.43504
-5.4344
-5.43407
-5.4344
-5.43407
-5.4344
-5.4344
-5.43504
-5.43472
-5.43472
-5.43472
-5.43504
-5.43472
-5.43601
-5.43569
-5.43601
-5.43634
-5.43634
-5.43569
-5.43569
-5.43601
-5.43601
-5.43601
-5.43601
-5.43569
-5.43504
-5.43569
-5.43537
-5.43569
-5.43537
-5.43537
-5.43569
-5.43569
-5.43569
-5.43602
-5.43634
-5.43634
-5.43602
-5.43602
-5.43634
-5.43537
-5.43569
-5.43537
-5.43537
-5.43537
-5.43569
-5.43569
-5.43537
-5.43472
-5.4344
-5.43408
-5.43408
-5.43408
-5.43375
-5.43375
-5.43408
-5.43408
-5.4344
-5.4344
-5.43473
-5.43473
-5.4344
-5.43473
-5.43505
-5.43473
-5.43505
-5.43537
-5.43537
-5.4357
-5.4357
-5.4357
-5.43602
-5.43635
-5.43602
-5.4357
-5.4357
-5.43505
-5.43505
-5.43473
-5.43505
-5.43441
-5.43441
-5.43473
-5.43408
-5.43505
-5.43473
-5.43505
-5.43602
-5.4357
-5.43602
-5.43602
-5.4357
-5.4357
-5.43537
-5.43667
-5.43667
-5.43667
-5.43635
-5.43635
-5.43667
-5.43667
-5.43699
-5.43731
-5.43699
-5.43634
-5.43667
-5.43634
-5.43569
-5.43634
-5.43602
-5.43634
-5.43666
-5.43666
-5.43634
-5.43634
-5.43666
-5.43666
-5.43634
-5.43634
-5.43666
-5.43666
-5.43666
-5.43699
-5.43634
-5.43634
-5.43699
-5.43666
-5.43699
-5.43731
-5.43796
-5.43763
-5.43796
-5.43828
-5.43828
-5.43796
-5.43796
-5.43828
-5.43796
-5.43828
-5.43731
-5.43731
-5.43666
-5.43666
-5.43699
-5.43731
-5.43763
-5.43763
-5.43796
-5.43796
-5.43763
-5.43828
-5.43925
-5.43958
-5.4399
-5.44023
-5.4399
-5.44055
-5.44087
-5.44087
-5.44055
-5.44055
-5.44087
-5.4412
-5.4412
-5.44152
-5.44152
-5.4412
-5.44185
-5.44282
-5.44282
-5.44314
-5.44314
-5.44282
-5.44217
-5.44185
-5.44282
-5.44249
-5.44347
-5.44282
-5.44217
-5.44152
-5.44023
-5.44055
-5.4399
-5.43926
-5.43926
-5.43958
-5.43926
-5.43958
-5.4399
-5.44023
-5.44055
-5.44023
-5.44055
-5.4399
-5.43958
-5.43991
-5.44023
-5.44023
-5.43926
-5.43861
-5.43861
-5.43829
-5.43861
-5.43829
-5.43829
-5.43829
-5.43861
-5.43861
-5.43893
-5.43893
-5.43958
-5.43958
-5.43829
-5.43861
-5.43861
-5.43893
-5.43958
-5.43958
-5.43958
-5.44088
-5.44088
-5.44153
-5.44282
-5.44282
-5.44217
-5.44217
-5.44217
-5.44185
-5.44152
-5.44152
-5.44088
-5.4412
-5.44088
-5.43991
-5.43958
-5.43926
-5.43991
-5.43991
-5.43958
-5.43926
-5.43926
-5.43926
-5.43926
-5.43861
-5.43829
-5.43894
-5.44023
-5.44088
-5.44023
-5.44023
-5.43991
-5.44023
-5.43991
-5.43991
-5.44056
-5.44088
-5.44023
-5.43926
-5.43894
-5.43894
-5.43894
-5.43861
-5.43829
-5.43894
-5.43861
-5.43732
-5.43764
-5.43796
-5.43796
-5.43861
-5.43861
-5.43829
-5.43732
-5.43732
-5.43732
-5.43764
-5.43796
-5.43796
-5.43764
-5.43764
-5.43764
-5.43796
-5.43796
-5.43829
-5.43829
-5.43893
-5.43926
-5.43926
-5.43926
-5.43958
-5.44023
-5.43958
-5.4399
-5.44087
-5.44152
-5.44185
-5.4412
-5.4412
-5.4412
-5.4412
-5.44152
-5.44184
-5.44184
-5.44184
-5.44217
-5.44184
-5.4412
-5.4412
-5.44055
-5.44087
-5.4399
-5.43893
-5.43925
-5.4399
-5.43958
-5.43925
-5.43893
-5.43925
-5.43958
-5.43957
-5.4399
-5.4399
-5.4399
-5.44022
-5.44022
-5.4399
-5.43925
-5.4386
-5.4386
-5.4386
-5.4386
-5.4386
-5.43795
-5.43828
-5.43828
-5.43828
-5.43731
-5.43731
-5.43731
-5.43698
-5.43698
-5.43698
-5.43698
-5.43698
-5.43698
-5.43698
-5.43666
-5.43698
-5.43666
-5.43763
-5.43763
-5.43763
-5.43828
-5.43796
-5.43763
-5.43731
-5.43731
-5.43796
-5.43796
-5.43763
-5.43763
-5.43764
-5.43731
-5.43699
-5.43667
-5.43667
-5.43634
-5.43634
-5.43667
-5.43667
-5.43667
-5.43699
-5.43667
-5.43667
-5.43699
-5.43634
-5.43699
-5.43732
-5.43732
-5.43764
-5.43699
-5.43635
-5.4357
-5.4357
-5.43537
-5.43602
-5.43667
-5.4357
-5.43602
-5.4357
-5.43667
-5.43667
-5.43699
-5.43667
-5.43732
-5.43861
-5.43861
-5.43861
-5.43829
-5.43732
-5.43764
-5.43732
-5.43764
-5.43829
-5.43796
-5.43829
-5.43829
-5.43796
-5.43764
-5.43764
-5.43732
-5.43667
-5.43731
-5.43667
-5.43634
-5.43667
-5.43634
-5.43634
-5.43634
-5.43764
-5.43796
-5.43828
-5.43893
-5.43861
-5.43893
-5.43861
-5.43828
-5.43796
-5.43796
-5.43796
-5.43731
-5.43764
-5.43731
-5.43731
-5.43764
-5.43764
-5.43764
-5.43731
-5.43666
-5.43699
-5.43699
-5.43764
-5.43764
-5.43764
-5.43764
-5.43764
-5.43796
-5.43829
-5.43829
-5.43764
-5.43829
-5.43829
-5.43829
-5.43796
-5.43829
-5.43861
-5.43861
-5.43796
-5.43893
-5.43861
-5.43829
-5.43796
-5.43829
-5.43732
-5.43667
-5.43635
-5.43667
-5.43667
-5.43667
-5.43635
-5.43635
-5.43635
-5.43667
-5.43667
-5.43635
-5.43602
-5.43602
-5.43602
-5.43538
-5.43538
-5.43602
-5.43602
-5.43602
-5.43635
-5.43667
-5.43667
-5.4357
-5.4357
-5.43602
-5.4357
-5.43537
-5.4357
-5.43537
-5.43473
-5.43505
-5.43505
-5.43473
-5.43473
-5.4357
-5.4357
-5.4357
-5.4357
-5.4357
-5.43602
-5.43602
-5.43634
-5.43667
-5.43667
-5.43667
-5.43699
-5.43667
-5.43602
-5.43569
-5.43569
-5.43505
-5.43472
-5.4344
-5.4344
-5.43408
-5.43408
-5.4344
-5.4344
-5.43375
-5.4344
-5.43407
-5.43537
-5.43569
-5.43569
-5.43569
-5.43537
-5.43505
-5.43537
-5.43537
-5.43537
-5.43505
-5.43634
-5.43666
-5.43634
-5.43634
-5.43634
-5.43634
-5.43666
-5.43666
-5.43634
-5.43602
-5.43602
-5.43602
-5.43602
-5.43634
-5.43666
-5.43699
-5.43731
-5.43731
-5.43731
-5.43634
-5.43602
-5.43472
-5.43472
-5.43504
-5.43505
-5.43504
-5.43569
-5.43569
-5.43634
-5.43666
-5.43699
-5.43699
-5.43763
-5.43731
-5.43731
-5.43699
-5.43731
-5.43828
-5.43796
-5.43796
-5.43861
-5.43828
-5.43828
-5.43828
-5.43699
-5.43763
-5.43731
-5.43699
-5.43764
-5.43828
-5.43861
-5.43828
-5.43796
-5.43925
-5.43926
-5.43926
-5.44023
-5.44023
-5.43958
-5.4399
-5.4399
-5.44023
-5.44088
-5.44023
-5.44023
-5.43991
-5.44023
-5.4412
-5.4412
-5.4412
-5.4412
-5.44185
-5.4412
-5.44088
-5.44153
-5.4412
-5.44056
-5.44056
-5.44088
-5.4412
-5.44153
-5.4412
-5.4412
-5.44088
-5.44056
-5.44023
-5.43958
-5.43991
-5.43991
-5.44055
-5.44023
-5.44088
-5.44023
-5.44088
-5.44055
-5.44088
-5.44088
-5.44023
-5.44088
-5.4412
-5.44088
-5.44088
-5.4412
-5.44088
-5.44088
-5.44152
-5.44152
-5.44185
-5.44217
-5.44217
-5.44249
-5.44217
-5.44249
-5.44184
-5.44152
-5.44152
-5.44282
-5.44249
-5.44249
-5.44281
-5.44249
-5.44249
-5.44217
-5.44314
-5.44379
-5.44346
-5.44378
-5.44314
-5.44281
-5.44281
-5.44346
-5.44281
-5.44152
-5.44152
-5.44152
-5.44152
-5.44152
-5.44184
-5.44184
-5.44152
-5.44152
-5.44119
-5.44119
-5.44022
-5.44022
-5.44022
-5.43958
-5.43958
-5.43796
-5.43731
-5.43731
-5.43699
-5.43666
-5.43699
-5.43666
-5.43666
-5.43699
-5.43763
-5.43796
-5.43828
-5.43828
-5.43893
-5.43861
-5.43861
-5.43861
-5.43828
-5.43828
-5.43763
-5.43699
-5.43699
-5.43763
-5.43796
-5.43893
-5.43893
-5.43861
-5.43828
-5.43828
-5.43666
-5.43634
-5.43699
-5.43667
-5.43699
-5.43699
-5.43667
-5.43667
-5.43699
-5.43731
-5.43731
-5.43764
-5.43732
-5.43764
-5.43796
-5.43764
-5.43829
-5.43829
-5.43732
-5.43732
-5.43699
-5.43699
-5.43731
-5.43667
-5.43634
-5.43602
-5.43602
-5.4357
-5.4357
-5.43634
-5.43569
-5.43537
-5.43537
-5.43472
-5.43537
-5.43472
-5.43472
-5.4344
-5.43472
-5.43537
-5.43537
-5.43472
-5.4344
-5.4344
-5.4344
-5.43375
-5.43407
-5.43439
-5.43407
-5.43375
-5.43375
-5.43407
-5.43342
-5.43374
-5.43342
-5.43342
-5.43342
-5.43342
-5.43309
-5.43309
-5.43309
-5.43309
-5.43342
-5.43342
-5.43309
-5.43342
-5.43309
-5.43309
-5.43342
-5.43309
-5.43374
-5.43309
-5.43277
-5.43342
-5.43309
-5.43309
-5.43309
-5.43309
-5.43244
-5.43244
-5.43244
-5.43277
-5.43309
-5.43342
-5.43342
-5.43374
-5.43374
-5.43406
-5.43406
-5.43406
-5.43342
-5.43342
-5.43342
-5.43342
-5.43342
-5.43342
-5.43374
-5.43439
-5.43439
-5.43374
-5.43374
-5.43244
-5.43309
-5.43309
-5.43244
-5.43212
-5.43212
-5.43212
-5.43212
-5.43212
-5.43277
-5.43277
-5.43277
-5.43309
-5.43309
-5.43309
-5.43212
-5.43212
-5.4318
-5.43212
-5.43212
-5.43212
-5.4318
-5.43212
-5.43148
-5.43115
-5.43115
-5.43051
-5.43148
-5.43115
-5.43083
-5.43083
-5.43083
-5.43115
-5.43083
-5.43018
-5.42986
-5.43018
-5.43051
-5.43083
-5.42954
-5.42954
-5.42986
-5.43051
-5.43051
-5.43051
-5.43116
-5.43148
-5.43148
-5.4318
-5.43213
-5.43181
-5.43245
-5.43278
-5.43278
-5.43245
-5.43245
-5.43213
-5.43181
-5.43181
-5.43213
-5.43213
-5.43213
-5.43213
-5.43245
-5.4331
-5.43278
-5.43245
-5.43245
-5.43213
-5.43213
-5.43213
-5.43213
-5.43278
-5.43245
-5.43245
-5.4331
-5.43342
-5.43375
-5.43439
-5.43504
-5.43504
-5.43439
-5.43439
-5.43439
-5.43471
-5.43504
-5.43439
-5.43439
-5.43407
-5.43439
-5.43439
-5.43471
-5.43471
-5.43503
-5.43503
-5.43471
-5.43503
-5.43471
-5.43439
-5.43503
-5.43471
-5.43471
-5.43471
-5.43471
-5.43471
-5.43471
-5.43438
-5.43503
-5.43471
-5.43503
-5.43471
-5.43438
-5.43438
-5.43471
-5.4347
-5.43438
-5.43438
-5.43438
-5.43503
-5.4347
-5.43438
-5.43438
-5.43438
-5.43406
-5.43373
-5.43341
-5.43309
-5.43373
-5.43406
-5.43406
-5.43406
-5.43438
-5.43406
-5.43438
-5.43503
-5.43536
-5.43503
-5.43503
-5.43471
-5.43503
-5.43503
-5.43568
-5.43568
-5.43568
-5.43536
-5.43568
-5.43601
-5.43568
-5.43536
-5.43601
-5.43666
-5.43666
-5.43666
-5.43634
-5.43634
-5.43634
-5.43601
-5.43601
-5.43634
-5.43666
-5.43601
-5.43537
-5.43602
-5.43569
-5.43569
-5.43569
-5.43602
-5.43602
-5.43634
-5.43602
-5.43569
-5.43602
-5.43634
-5.43569
-5.43505
-5.4344
-5.43472
-5.43537
-5.43505
-5.43537
-5.43505
-5.43537
-5.43569
-5.43602
-5.43602
-5.43602
-5.4357
-5.43537
-5.43537
-5.4344
-5.4344
-5.4344
-5.4344
-5.43472
-5.43472
-5.43537
-5.43537
-5.43537
-5.43505
-5.43537
-5.43537
-5.43537
-5.43569
-5.43634
-5.43634
-5.43667
-5.43731
-5.43667
-5.43634
-5.43634
-5.43634
-5.43699
-5.43666
-5.43699
-5.43731
-5.43699
-5.43828
-5.43861
-5.43893
-5.43828
-5.43796
-5.43828
-5.43861
-5.43893
-5.43893
-5.43925
-5.4386
-5.43828
-5.43763
-5.43763
-5.43796
-5.43796
-5.43763
-5.4386
-5.43958
-5.44022
-5.44022
-5.44087
-5.4399
-5.43958
-5.44022
-5.4399
-5.43925
-5.43925
-5.43958
-5.43925
-5.43958
-5.43925
-5.4399
-5.4399
-5.43893
-5.43957
-5.4399
-5.4399
-5.44022
-5.44022
-5.44022
-5.4399
-5.44022
-5.43957
-5.43957
-5.44022
-5.44055
-5.44022
-5.4399
-5.43957
-5.43893
-5.4386
-5.43828
-5.43731
-5.43763
-5.43731
-5.43698
-5.43698
-5.43634
-5.43634
-5.43666
-5.43763
-5.43795
-5.43828
-5.43698
-5.43698
-5.43634
-5.43634
-5.43601
-5.43601
-5.43601
-5.43666
-5.43795
-5.43795
-5.43828
-5.43893
-5.43957
-5.43957
-5.43925
-5.43893
-5.43957
-5.43828
-5.43828
-5.43828
-5.43795
-5.43731
-5.43763
-5.43795
-5.43828
-5.43828
-5.43828
-5.43828
-5.43795
-5.43795
-5.43795
-5.43795
-5.43763
-5.43795
-5.43763
-5.43666
-5.43666
-5.43666
-5.43601
-5.43633
-5.43601
-5.43601
-5.43666
-5.43634
-5.43634
-5.43634
-5.43634
-5.43666
-5.43634
-5.43569
-5.43569
-5.43504
-5.43472
-5.43569
-5.43569
-5.43601
-5.43601
-5.43601
-5.43634
-5.43634
-5.43569
-5.43569
-5.43569
-5.43569
-5.43601
-5.43601
-5.43634
-5.43731
-5.43731
-5.43698
-5.43795
-5.43795
-5.43795
-5.43731
-5.43795
-5.43828
-5.4386
-5.4386
-5.4386
-5.43892
-5.4386
-5.43957
-5.43892
-5.43892
-5.4386
-5.43892
-5.43925
-5.43892
-5.43892
-5.43795
-5.43698
-5.43666
-5.43666
-5.43763
-5.4373
-5.43828
-5.43828
-5.43795
-5.43795
-5.43795
-5.43763
-5.43795
-5.4386
-5.4386
-5.44022
-5.44022
-5.44022
-5.43989
-5.43989
-5.43925
-5.43892
-5.43892
-5.4386
-5.4386
-5.43925
-5.43925
-5.43892
-5.4386
-5.43892
-5.43892
-5.4386
-5.43925
-5.43925
-5.4399
-5.4399
-5.4399
-5.4399
-5.43957
-5.43957
-5.43957
-5.43925
-5.43957
-5.43893
-5.43893
-5.4386
-5.43893
-5.43893
-5.43925
-5.43893
-5.43893
-5.43828
-5.43731
-5.43828
-5.43796
-5.43828
-5.43828
-5.43796
-5.43764
-5.43764
-5.43829
-5.43829
-5.43764
-5.43634
-5.43634
-5.43667
-5.43667
-5.43699
-5.43537
-5.43408
-5.43343
-5.43311
-5.43311
-5.43343
-5.43278
-5.43278
-5.43278
-5.43278
-5.43343
-5.43343
-5.4344
-5.4344
-5.4344
-5.43376
-5.43375
-5.43343
-5.43375
-5.43375
-5.43375
-5.43311
-5.43278
-5.43246
-5.43213
-5.43213
-5.43278
-5.43375
-5.43343
-5.43343
-5.43407
-5.43375
-5.4344
-5.43407
-5.43472
-5.43472
-5.43504
-5.43504
-5.43602
-5.43602
-5.43504
-5.43537
-5.43472
-5.43407
-5.43375
-5.43375
-5.43407
-5.43375
-5.43407
-5.43375
-5.43407
-5.43439
-5.43375
-5.43374
-5.43342
-5.43342
-5.4331
-5.43374
-5.43407
-5.43472
-5.43375
-5.43374
-5.4331
-5.43277
-5.43213
-5.43213
-5.43245
-5.43213
-5.43245
-5.43213
-5.43245
-5.43245
-5.43245
-5.43213
-5.43213
-5.43277
-5.43213
-5.43277
-5.43245
-5.43342
-5.43374
-5.4331
-5.43342
-5.43374
-5.43439
-5.43504
-5.43504
-5.43472
-5.43504
-5.43472
-5.43407
-5.43342
-5.43342
-5.4331
-5.43374
-5.43407
-5.43374
-5.43407
-5.43407
-5.43407
-5.43407
-5.43407
-5.43342
-5.43277
-5.43277
-5.43245
-5.43277
-5.43342
-5.43342
-5.43374
-5.43342
-5.43342
-5.43342
-5.43374
-5.43407
-5.43407
-5.43407
-5.43472
-5.43536
-5.43536
-5.43536
-5.43504
-5.43504
-5.43471
-5.43471
-5.43342
-5.43439
-5.43374
-5.43439
-5.43374
-5.43374
-5.43374
-5.43374
-5.43374
-5.43374
-5.43471
-5.43536
-5.43504
-5.43536
-5.43569
-5.43666
-5.43666
-5.43633
-5.43601
-5.43504
-5.43504
-5.43536
-5.43504
-5.43698
-5.4373
-5.4373
-5.4373
-5.43698
-5.43698
-5.4373
-5.43698
-5.43666
-5.43666
-5.43698
-5.4373
-5.4373
-5.43763
-5.4373
-5.4373
-5.4373
-5.43698
-5.43731
-5.4373
-5.43698
-5.43666
-5.43666
-5.43666
-5.43634
-5.43601
-5.43601
-5.43601
-5.43634
-5.43634
-5.43634
-5.43666
-5.43698
-5.43731
-5.43731
-5.43731
-5.43698
-5.43698
-5.43698
-5.43828
-5.43893
-5.4386
-5.43828
-5.43828
-5.43796
-5.43828
-5.43796
-5.43796
-5.43828
-5.43796
-5.43796
-5.43796
-5.43796
-5.43796
-5.43796
-5.43828
-5.43828
-5.43763
-5.43763
-5.43763
-5.43698
-5.43731
-5.43796
-5.43698
-5.43731
-5.43698
-5.43698
-5.43666
-5.43601
-5.43634
-5.43666
-5.43634
-5.43601
-5.43601
-5.43731
-5.43731
-5.43795
-5.43795
-5.43795
-5.43698
-5.43731
-5.43763
-5.43795
-5.43828
-5.43795
-5.43828
-5.43795
-5.43795
-5.4373
-5.43795
-5.43795
-5.43795
-5.43827
-5.4386
-5.43827
-5.43827
-5.43827
-5.43762
-5.43698
-5.43698
-5.43665
-5.4373
-5.4373
-5.43795
-5.4386
-5.43924
-5.4386
-5.43892
-5.43924
-5.43924
-5.43957
-5.43957
-5.43989
-5.44022
-5.44087
-5.44054
-5.44119
-5.44151
-5.44184
-5.44216
-5.44216
-5.44249
-5.44249
-5.44216
-5.44184
-5.44216
-5.44314
-5.44281
-5.44314
-5.44346
-5.44314
-5.44281
-5.44249
-5.44249
-5.44249
-5.44249
-5.44281
-5.44281
-5.44281
-5.44281
-5.44314
-5.44282
-5.44314
-5.44314
-5.44411
-5.44444
-5.44444
-5.44508
-5.44444
-5.44476
-5.44476
-5.44346
-5.44314
-5.44282
-5.44185
-5.44185
-5.44152
-5.44023
-5.4399
-5.4399
-5.43893
-5.43926
-5.43828
-5.43764
-5.43796
-5.43731
-5.43764
-5.43699
-5.43699
-5.43699
-5.43699
-5.43764
-5.43764
-5.43764
-5.43764
-5.43667
-5.43667
-5.43829
-5.43796
-5.43796
-5.43796
-5.43731
-5.43764
-5.43699
-5.43699
-5.43796
-5.43829
-5.43829
-5.43829
-5.43796
-5.43829
-5.43893
-5.43861
-5.4399
-5.43958
-5.4399
-5.44023
-5.44023
-5.44023
-5.44055
-5.44055
-5.44055
-5.44055
-5.4399
-5.43926
-5.43958
-5.43958
-5.44023
-5.4399
-5.44023
-5.44023
-5.44088
-5.44055
-5.44087
-5.44152
-5.4412
-5.4412
-5.44087
-5.44087
-5.44055
-5.44087
-5.4412
-5.44152
-5.44152
-5.44087
-5.44055
-5.44022
-5.44022
-5.43828
-5.43828
-5.43828
-5.43828
-5.43828
-5.43796
-5.43699
-5.43699
-5.43731
-5.43731
-5.43763
-5.43731
-5.43763
-5.43763
-5.43763
-5.43828
-5.43828
-5.43828
-5.43796
-5.43763
-5.43763
-5.43731
-5.43763
-5.43763
-5.43828
-5.43828
-5.43828
-5.43763
-5.43796
-5.4386
-5.43893
-5.43958
-5.43893
-5.43893
-5.43925
-5.43893
-5.43893
-5.43796
-5.43828
-5.4386
-5.43893
-5.4386
-5.43893
-5.43893
-5.43828
-5.43828
-5.43796
-5.43796
-5.43731
-5.43699
-5.43666
-5.43666
-5.43634
-5.43634
-5.43537
-5.43504
-5.43504
-5.43504
-5.43537
-5.43537
-5.43569
-5.43569
-5.43537
-5.43537
-5.43634
-5.43699
-5.43699
-5.43731
-5.43731
-5.43731
-5.43699
-5.43666
-5.43666
-5.43666
-5.43666
-5.43699
-5.43699
-5.43699
-5.43666
-5.43731
-5.43699
-5.43731
-5.43731
-5.43763
-5.43763
-5.43731
-5.43763
-5.43699
-5.43731
-5.43699
-5.43699
-5.43666
-5.43699
-5.43602
-5.43602
-5.43569
-5.43569
-5.43602
-5.43634
-5.43634
-5.43634
-5.43634
-5.43667
-5.43667
-5.43634
-5.43569
-5.43634
-5.43699
-5.43699
-5.43667
-5.43699
-5.43731
-5.43731
-5.43699
-5.43764
-5.43764
-5.43731
-5.43699
-5.43634
-5.43634
-5.43667
-5.43602
-5.43602
-5.43667
-5.43667
-5.43667
-5.43602
-5.43602
-5.43634
-5.43602
-5.4357
-5.43602
-5.43602
-5.43635
-5.43635
-5.43602
-5.43635
-5.43635
-5.43667
-5.4357
-5.4357
-5.43505
-5.4344
-5.43408
-5.43408
-5.43408
-5.43408
-5.4344
-5.43343
-5.43375
-5.4344
-5.43472
-5.43472
-5.43505
-5.43505
-5.43505
-5.43472
-5.4344
-5.43311
-5.43375
-5.43375
-5.43375
-5.43408
-5.43375
-5.43375
-5.4344
-5.4344
-5.43472
-5.43505
-5.43537
-5.43537
-5.43505
-5.43472
-5.43569
-5.43602
-5.43602
-5.43569
-5.43505
-5.43472
-5.4344
-5.4344
-5.43472
-5.43504
-5.43569
-5.43569
-5.43569
-5.43504
-5.43569
-5.43537
-5.43569
-5.43634
-5.43634
-5.43634
-5.43569
-5.43472
-5.43504
-5.43537
-5.43536
-5.43569
-5.43569
-5.43504
-5.43601
-5.43601
-5.43601
-5.43504
-5.43504
-5.43504
-5.43536
-5.43569
-5.43569
-5.43569
-5.43536
-5.43504
-5.43569
-5.43601
-5.43666
-5.43666
-5.43633
-5.43601
-5.43569
-5.43504
-5.43504
-5.43536
-5.43472
-5.43439
-5.43407
-5.43439
-5.43472
-5.43439
-5.43439
-5.43407
-5.43342
-5.43407
-5.43407
-5.43439
-5.43439
-5.43504
-5.43601
-5.43601
-5.43601
-5.43504
-5.43439
-5.43342
-5.43342
-5.43245
-5.43245
-5.43277
-5.43245
-5.43374
-5.43504
-5.43504
-5.43536
-5.43536
-5.43472
-5.43536
-5.43601
-5.43633
-5.43601
-5.43698
-5.43731
-5.43763
-5.43698
-5.43731
-5.43731
-5.43698
-5.43601
-5.43634
-5.43634
-5.43601
-5.43634
-5.43666
-5.43666
-5.43699
-5.43666
-5.43666
-5.43666
-5.43666
-5.43699
-5.43699
-5.43731
-5.43699
-5.43699
-5.43731
-5.43764
-5.43764
-5.43764
-5.43828
-5.43828
-5.43861
-5.43828
-5.43861
-5.43893
-5.43893
-5.43893
-5.43764
-5.43764
-5.43764
-5.43861
-5.43828
-5.43828
-5.43828
-5.43828
-5.43828
-5.43796
-5.43731
-5.43764
-5.43764
-5.43861
-5.43861
-5.43861
-5.43861
-5.43861
-5.43829
-5.43829
-5.43861
-5.43796
-5.43829
-5.43796
-5.43829
-5.43829
-5.43828
-5.43796
-5.43796
-5.43764
-5.43764
-5.43699
-5.43699
-5.43634
-5.43666
-5.43634
-5.43666
-5.43796
-5.43763
-5.43731
-5.43763
-5.43828
-5.43828
-5.43763
-5.43699
-5.43601
-5.43537
-5.43504
-5.43472
-5.43472
-5.43537
-5.43504
-5.43634
-5.43601
-5.43601
-5.43634
-5.43601
-5.43569
-5.43537
-5.43536
-5.43504
-5.43504
-5.43504
-5.43536
-5.43504
-5.43536
-5.43536
-5.43504
-5.43439
-5.43407
-5.43537
-5.43536
-5.43569
-5.43569
-5.43439
-5.43504
-5.43536
-5.43569
-5.43569
-5.43601
-5.43666
-5.43731
-5.43731
-5.43731
-5.43698
-5.43731
-5.43633
-5.43666
-5.43666
-5.43633
-5.43666
-5.43666
-5.43601
-5.43634
-5.43634
-5.43634
-5.43633
-5.43569
-5.43601
-5.43569
-5.43536
-5.43504
-5.43504
-5.43536
-5.43536
-5.43472
-5.43439
-5.43439
-5.43472
-5.43504
-5.43536
-5.43569
-5.43536
-5.43536
-5.43537
-5.43569
-5.43569
-5.43601
-5.43634
-5.43634
-5.43634
-5.43601
-5.43634
-5.43666
-5.43634
-5.43698
-5.43698
-5.43731
-5.43763
-5.43763
-5.43731
-5.43698
-5.43698
-5.43763
-5.43763
-5.43795
-5.43828
-5.43763
-5.43795
-5.43763
-5.43698
-5.43698
-5.43666
-5.43601
-5.43633
-5.43633
-5.43698
-5.43763
-5.43763
-5.43731
-5.43828
-5.4386
-5.43828
-5.4386
-5.4386
-5.43925
-5.43925
-5.43925
-5.43925
-5.43925
-5.43925
-5.43925
-5.43957
-5.43925
-5.43925
-5.43925
-5.43892
-5.43925
-5.43957
-5.43957
-5.4399
-5.4399
-5.44054
-5.43957
-5.43925
-5.43925
-5.43925
-5.43925
-5.43957
-5.43925
-5.4399
-5.43893
-5.43925
-5.43893
-5.4399
-5.4399
-5.43958
-5.43958
-5.4399
-5.4399
-5.4399
-5.43958
-5.43925
-5.43893
-5.43893
-5.43925
-5.43893
-5.43763
-5.43796
-5.43763
-5.43699
-5.43763
-5.43796
-5.43666
-5.43666
-5.43666
-5.43731
-5.43569
-5.43569
-5.43569
-5.43602
-5.43602
-5.43634
-5.43634
-5.43666
-5.43634
-5.43699
-5.43699
-5.43731
-5.43731
-5.43731
-5.43731
-5.43634
-5.43601
-5.43569
-5.43569
-5.43601
-5.43601
-5.43504
-5.43504
-5.43504
-5.4344
-5.43407
-5.4344
-5.43407
-5.43375
-5.43407
-5.43407
-5.43375
-5.43375
-5.43375
-5.43342
-5.43245
-5.43213
-5.43245
-5.43213
-5.43278
-5.43278
-5.4318
-5.4318
-5.43245
-5.43278
-5.4331
-5.43278
-5.43277
-5.43342
-5.43342
-5.4331
-5.43277
-5.43277
-5.4331
-5.43374
-5.43374
-5.43374
-5.43374
-5.43374
-5.43342
-5.4331
-5.43342
-5.43342
-5.43342
-5.43342
-5.43407
-5.43439
-5.43439
-5.43504
-5.43504
-5.43472
-5.43536
-5.43536
-5.43504
-5.43504
-5.43536
-5.43536
-5.43601
-5.43601
-5.43634
-5.43601
-5.43504
-5.43504
-5.43569
-5.43569
-5.43601
-5.43601
-5.43698
-5.43698
-5.43698
-5.43698
-5.43763
-5.43731
-5.43698
-5.43666
-5.43666
-5.43666
-5.43569
-5.43569
-5.43569
-5.43504
-5.43504
-5.43504
-5.43407
-5.43407
-5.43374
-5.43374
-5.43342
-5.43342
-5.43342
-5.43342
-5.43374
-5.43439
-5.43471
-5.43569
-5.43536
-5.43536
-5.43504
-5.43504
-5.43504
-5.43504
-5.43504
-5.43439
-5.43439
-5.43407
-5.43407
-5.43439
-5.43471
-5.43407
-5.43342
-5.43342
-5.43439
-5.43439
-5.43471
-5.43536
-5.43601
-5.43633
-5.43633
-5.43568
-5.43601
-5.43568
-5.43568
-5.43536
-5.43568
-5.43633
-5.43633
-5.43633
-5.43698
-5.43666
-5.43666
-5.43666
-5.43698
-5.43665
-5.43698
-5.43698
-5.4373
-5.43665
-5.43633
-5.43633
-5.43665
-5.4373
-5.4373
-5.4373
-5.43731
-5.43763
-5.43763
-5.43828
-5.43828
-5.43828
-5.4386
-5.43796
-5.43763
-5.43796
-5.43763
-5.43796
-5.43796
-5.43763
-5.43763
-5.43698
-5.43698
-5.43763
-5.43796
-5.43828
-5.4386
-5.43828
-5.43796
-5.43796
-5.43763
-5.43796
-5.43796
-5.43828
-5.43796
-5.43828
-5.43828
-5.43861
-5.43828
-5.43796
-5.43731
-5.43699
-5.43666
-5.43666
-5.43666
-5.43634
-5.43537
-5.43537
-5.43537
-5.43505
-5.43537
-5.43537
-5.4357
-5.43602
-5.4357
-5.43505
-5.43537
-5.43537
-5.4357
-5.43602
-5.43602
-5.43602
-5.43537
-5.4357
-5.43635
-5.43635
-5.43635
-5.43667
-5.43699
-5.43667
-5.43764
-5.43797
-5.43764
-5.43764
-5.43829
-5.43894
-5.43991
-5.44055
-5.4412
-5.44088
-5.44088
-5.4412
-5.44152
-5.44185
-5.4425
-5.4425
-5.44152
-5.4412
-5.4412
-5.4412
-5.4412
-5.4412
-5.4412
-5.4412
-5.4412
-5.44055
-5.44087
-5.44087
-5.44087
-5.44119
-5.44119
-5.44055
-5.44022
-5.44055
-5.4399
-5.43957
-5.43893
-5.43925
-5.43892
-5.43892
-5.4386
-5.4386
-5.43892
-5.43957
-5.44022
-5.43989
-5.44022
-5.44022
-5.43989
-5.44054
-5.44151
-5.44151
-5.44151
-5.44183
-5.44151
-5.44086
-5.44054
-5.44054
-5.44021
-5.43989
-5.43957
-5.43892
-5.43892
-5.43892
-5.43859
-5.43859
-5.43859
-5.43859
-5.43892
-5.43827
-5.43859
-5.43892
-5.43924
-5.43957
-5.43892
-5.4386
-5.43827
-5.43763
-5.43763
-5.43698
-5.43763
-5.43827
-5.43827
-5.43827
-5.4386
-5.43827
-5.43795
-5.43763
-5.43828
-5.43828
-5.4386
-5.43828
-5.43828
-5.4386
-5.43893
-5.43893
-5.43828
-5.43731
-5.43763
-5.43763
-5.43763
-5.43828
-5.43828
-5.43925
-5.4386
-5.4386
-5.43666
-5.43634
-5.43634
-5.43666
-5.43731
-5.43731
-5.43763
-5.43828
-5.43861
-5.43828
-5.43796
-5.43764
-5.43796
-5.43764
-5.43667
-5.43699
-5.43667
-5.43699
-5.43699
-5.43699
-5.43667
-5.43667
-5.43602
-5.43634
-5.43732
-5.43699
-5.43667
-5.43667
-5.43732
-5.43699
-5.43667
-5.43635
-5.43667
-5.43602
-5.43602
-5.43699
-5.43732
-5.43667
-5.4357
-5.43635
-5.4357
-5.43505
-5.43505
-5.43505
-5.43537
-5.43602
-5.43602
-5.43635
-5.43634
-5.43634
-5.43667
-5.43634
-5.43602
-5.43602
-5.43569
-5.43505
-5.43505
-5.4344
-5.4344
-5.43472
-5.43472
-5.43569
-5.43569
-5.43666
-5.43699
-5.43634
-5.43699
-5.43634
-5.43666
-5.43666
-5.43634
-5.43634
-5.43601
-5.43634
-5.43634
-5.43634
-5.43666
-5.43666
-5.43731
-5.43763
-5.43763
-5.43763
-5.43731
-5.43731
-5.43795
-5.43763
-5.4386
-5.4386
-5.43893
-5.43893
-5.4399
-5.4399
-5.44087
-5.44087
-5.44119
-5.44119
-5.44119
-5.44087
-5.44055
-5.43925
-5.43893
-5.43893
-5.4399
-5.44023
-5.44055
-5.44055
-5.44087
-5.44055
-5.44055
-5.44087
-5.4412
-5.44152
-5.44185
-5.4425
-5.44185
-5.4412
-5.4412
-5.4412
-5.44023
-5.44023
-5.44023
-5.44023
-5.44055
-5.44023
-5.44055
-5.44055
-5.44088
-5.44088
-5.44055
-5.44056
-5.44056
-5.44023
-5.44023
-5.44023
-5.43991
-5.44023
-5.43958
-5.43991
-5.43958
-5.43958
-5.43893
-5.43893
-5.43926
-5.43861
-5.43829
-5.43796
-5.43829
-5.43829
-5.43829
-5.43796
-5.43796
-5.43764
-5.43796
-5.43828
-5.43861
-5.43958
-5.43893
-5.43926
-5.43958
-5.44055
-5.44087
-5.44087
-5.44087
-5.44055
-5.44055
-5.44087
-5.44087
-5.44087
-5.44087
-5.44023
-5.44023
-5.4399
-5.43958
-5.43958
-5.4399
-5.4399
-5.44023
-5.44023
-5.44087
-5.44023
-5.4399
-5.43926
-5.43958
-5.43893
-5.43893
-5.43894
-5.43926
-5.43926
-5.43926
-5.43894
-5.43796
-5.43732
-5.43699
-5.43667
-5.43699
-5.43667
-5.43667
-5.43602
-5.43505
-5.43473
-5.4344
-5.4344
-5.43408
-5.4344
-5.43473
-5.43505
-5.4357
-5.43473
-5.4344
-5.43343
-5.43311
-5.43343
-5.43343
-5.43343
-5.43311
-5.43311
-5.43311
-5.43278
-5.43278
-5.43343
-5.43343
-5.43343
-5.43343
-5.43343
-5.43311
-5.43246
-5.43213
-5.43181
-5.43181
-5.43149
-5.43149
-5.43116
-5.43116
-5.43181
-5.43181
-5.43213
-5.43213
-5.43213
-5.43148
-5.43148
-5.43213
-5.43245
-5.43245
-5.4331
-5.4331
-5.43278
-5.43245
-5.43245
-5.43245
-5.43245
-5.4331
-5.43375
-5.4331
-5.43375
-5.43375
-5.43407
-5.43439
-5.43504
-5.43504
-5.43504
-5.43569
-5.43504
-5.43504
-5.43504
-5.43504
-5.43504
-5.43504
-5.43537
-5.43504
-5.43504
-5.43569
-5.43472
-5.43504
-5.43472
-5.43537
-5.43537
-5.43601
-5.43537
-5.43537
-5.43537
-5.43569
-5.43601
-5.43601
-5.43504
-5.43537
-5.43601
-5.43634
-5.43569
-5.43537
-5.43504
-5.43504
-5.43504
-5.43504
-5.43537
-5.43537
-5.43569
-5.43602
-5.43634
-5.43634
-5.43699
-5.43699
-5.43666
-5.43634
-5.43634
-5.43602
-5.43569
-5.43602
-5.43601
-5.43569
-5.43601
-5.43602
-5.43666
-5.43699
-5.43699
-5.43569
-5.43634
-5.43634
-5.43602
-5.43601
-5.43601
-5.43537
-5.43569
-5.43634
-5.43634
-5.43569
-5.43537
-5.43537
-5.43537
-5.43569
-5.43537
-5.43472
-5.43472
-5.43472
-5.43504
-5.43472
-5.43439
-5.43472
-5.43537
-5.43569
-5.43569
-5.43537
-5.43504
-5.43504
-5.43537
-5.43504
-5.43569
-5.43504
-5.43537
-5.43504
-5.43504
-5.43504
-5.43375
-5.43375
-5.43407
-5.43407
-5.43375
-5.43343
-5.43375
-5.43343
-5.43375
-5.4344
-5.43472
-5.43472
-5.43472
-5.4344
-5.43472
-5.43472
-5.4344
-5.43472
