1.2
1.19987
1.1995
1.19887
1.198
1.19687
1.1955
1.19388
1.19202
1.18755
1.18496
1.18212
1.17905
1.17573
1.17218
1.1684
1.16438
1.16014
1.15097
1.14605
1.14092
1.13556
1.13
1.12422
1.11823
1.11203
1.10563
1.09223
1.08523
1.07804
1.07065
1.06308
1.05532
1.04737
1.03925
1.03095
1.01385
1.00505
0.996086
0.98697
0.977704
0.968292
0.958739
0.94905
0.939228
0.919208
0.90902
0.898723
0.88832
0.877819
0.867225
0.856543
0.845782
0.834948
0.813082
0.802064
0.790999
0.779893
0.768754
0.757589
0.746405
0.735209
0.724009
0.701625
0.690456
0.679313
0.668203
0.657134
0.646114
0.63515
0.62425
0.613423
0.592016
0.58145
0.570988
0.560635
0.5504
0.540289
0.530311
0.520472
0.51078
0.491861
0.482648
0.473607
0.464746
0.45607
0.447584
0.439295
0.431208
0.423327
0.564144
0.555481
0.547023
0.538777
0.530747
0.522937
0.515351
0.507993
0.500864
0.487311
0.480891
0.474711
0.468774
0.463081
0.457633
0.452432
0.447477
0.442769
0.434092
0.430122
0.426397
0.422915
0.419674
0.416674
0.41391
0.411382
0.409087
0.405181
0.403563
0.402165
0.400982
0.40001
0.399244
0.398681
0.398316
0.398143
0.398356
0.398733
0.399281
0.399997
0.400875
0.401908
0.403092
0.40442
0.405887
0.409213
0.41106
0.413022
0.415094
0.417269
0.419541
0.421905
0.424354
0.426882
0.432154
0.434887
0.437677
0.440519
0.443406
0.446333
0.449294
0.452286
0.455302
0.46139
0.464452
0.467519
0.470587
0.473652
0.476708
0.479752
0.48278
0.485787
0.491727
0.494653
0.497546
0.5004
0.503213
0.505981
0.508703
0.511376
0.513995
0.519067
0.521515
0.523901
0.526224
0.528481
0.530671
0.532793
0.534844
0.536823
1.41223
1.41481
1.417
1.4188
1.42021
1.42123
1.42186
1.42211
1.42197
1.42055
1.41927
1.41762
1.41559
1.41319
1.41043
1.4073
1.40382
1.39997
1.39125
1.38637
1.38116
1.37561
1.36974
1.36355
1.35705
1.35024
1.34313
1.32804
1.32007
1.31182
1.30332
1.29456
1.28555
1.2763
1.26682
1.25712
1.2371
1.22679
1.21629
1.20563
1.1948
1.18381
1.17269
1.16143
1.15005
1.12698
1.11531
1.10356
1.09175
1.07989
1.06799
1.05606
1.04412
1.03217
1.00832
0.996446
0.984617
0.972849
0.961155
0.949548
0.938042
0.926649
0.915379
0.893262
0.882438
0.871787
0.86132
0.85105
0.840988
0.831147
0.821537
0.81217
0.794204
0.785628
0.777337
0.769339
0.761643
0.754259
0.747194
0.740458
0.734059
0.722296
0.716945
0.711955
0.707332
0.703081
0.699206
0.695713
0.692603
0.689881
0.750589
0.748611
0.747005
0.745773
0.744912
0.744425
0.744309
0.744564
0.745187
0.747531
0.749245
0.751315
0.753739
0.75651
0.759625
0.763078
0.766863
0.770972
0.780139
0.785183
0.790521
0.796146
0.80205
0.808222
0.814653
0.821335
0.828257
0.84278
0.850358
0.858134
0.866095
0.87423
0.882527
0.890975
0.899563
0.90828
0.92605
0.93508
0.944189
0.953364
0.962594
0.971867
0.98117
0.990494
0.999825
1.01847
1.02775
1.037
1.04621
1.05535
1.06443
1.07342
1.08233
1.09115
1.10845
1.11691
1.12525
1.13344
1.14148
1.14937
1.15709
1.16464
1.17202
1.18621
1.19301
1.19962
1.20603
1.21222
1.21819
1.22395
1.22948
1.23479
1.24471
1.24933
1.2537
1.25784
1.26173
1.26539
1.2688
1.27197
1.2749
1.28004
1.28224
1.28421
1.28593
1.28742
1.28868
1.2897
1.29049
1.29105
1.52607
1.5258
1.52524
1.52439
1.52325
1.52184
1.52016
1.51821
1.516
1.51083
1.50788
1.5047
1.5013
1.49768
1.49386
1.48984
1.48562
1.48123
1.47195
1.46708
1.46208
1.45694
1.45169
1.44632
1.44086
1.43532
1.42969
1.41827
1.41248
1.40667
1.40083
1.39498
1.38914
1.3833
1.37748
1.3717
1.36027
1.35464
1.34909
1.34361
1.33822
1.33292
1.32773
1.32265
1.31768
1.30812
1.30355
1.29911
1.29481
1.29066
1.28667
1.28283
1.27914
1.27561
1.26904
1.26598
1.26309
1.26036
1.25778
1.25537
1.2531
1.251
1.24904
1.24556
1.24404
1.24265
1.2414
1.24027
1.23928
1.2384
1.23765
1.237
1.23604
1.23571
1.23547
1.23533
1.23527
1.23529
1.23539
1.23556
1.2358
1.23648
1.2369
1.23738
1.23791
1.23848
1.2391
1.23975
1.24045
1.24118
1.10906
1.10967
1.11035
1.11109
1.11189
1.11275
1.11367
1.11465
1.11568
1.11789
1.11908
1.12031
1.12159
1.12292
1.12429
1.12571
1.12717
1.12867
1.1318
1.13343
1.13509
1.13679
1.13853
1.14031
1.14212
1.14396
1.14583
1.14967
1.15164
1.15363
1.15565
1.1577
1.15977
1.16186
1.16397
1.1661
1.17041
1.17258
1.17477
1.17697
1.17917
1.18138
1.1836
1.18582
1.18804
1.19247
1.19469
1.19689
1.1991
1.20129
1.20347
1.20563
1.20779
1.20993
1.21415
1.21623
1.2183
1.22034
1.22236
1.22435
1.22632
1.22827
1.23018
1.23394
1.23578
1.23758
1.23936
1.24112
1.24284
1.24454
1.24621
1.24785
1.25104
1.2526
1.25413
1.25564
1.25712
1.25858
1.26003
1.26145
1.26284
1.26558
1.26693
1.26826
1.26957
1.27088
1.27217
1.27345
1.27472
1.27598
1.28624
1.28732
1.2884
1.28947
1.29054
1.29161
1.29268
1.29375
1.29482
1.29697
1.29805
1.29914
1.30024
1.30134
1.30245
1.30357
1.3047
1.30584
1.30814
1.3093
1.31048
1.31166
1.31285
1.31405
1.31525
1.31647
1.31768
1.32013
1.32135
1.32258
1.3238
1.32502
1.32623
1.32744
1.32863
1.32982
1.33215
1.33329
1.33441
1.33551
1.33659
1.33765
1.33868
1.33968
1.34065
1.3425
1.34338
1.34423
1.34504
1.34581
1.34655
1.34724
1.3479
1.34851
1.34961
1.3501
1.35055
1.35095
1.35132
1.35164
1.35193
1.35217
1.35238
1.35268
1.35277
1.35283
1.35285
1.35283
1.35279
1.35271
1.35261
1.35248
1.35213
1.35193
1.3517
1.35144
1.35118
1.35089
1.35059
1.35028
1.34995
1.34927
1.34892
1.34856
1.3482
1.34782
1.34745
1.34707
1.34669
1.3463
1.21214
1.21164
1.21118
1.21075
1.21035
1.20999
1.20966
1.20937
1.20911
1.20868
1.20852
1.20839
1.2083
1.20823
1.2082
1.20819
1.20822
1.20827
1.20846
1.2086
1.20876
1.20894
1.20915
1.20938
1.20963
1.2099
1.21019
1.21083
1.21117
1.21154
1.21192
1.21231
1.21272
1.21314
1.21358
1.21403
1.21496
1.21543
1.21593
1.21643
1.21693
1.21745
1.21798
1.21851
1.21906
1.22016
1.22072
1.22128
1.22186
1.22243
1.22302
1.2236
1.22419
1.22479
1.22599
1.2266
1.22721
1.22781
1.22842
1.22903
1.22963
1.23023
1.23083
1.23201
1.2326
1.23317
1.23374
1.2343
1.23485
1.23539
1.23592
1.23643
1.23743
1.2379
1.23836
1.2388
1.23922
1.23963
1.24001
1.24038
1.24072
1.24133
1.24159
1.24183
1.24203
1.24221
1.24236
1.24247
1.24255
1.2426
1.2194
1.2192
1.21897
1.21871
1.21843
1.21811
1.21776
1.21738
1.21697
1.21606
1.21556
1.21504
1.21448
1.2139
1.2133
1.21267
1.21201
1.21134
1.20993
1.20919
1.20845
1.20768
1.20691
1.20613
1.20535
1.20456
1.20376
1.20218
1.20139
1.2006
1.19983
1.19906
1.19831
1.19757
1.19685
1.19615
1.19481
1.19417
1.19356
1.19298
1.19243
1.19191
1.19141
1.19096
1.19053
1.18978
1.18945
1.18916
1.1889
1.18867
1.18847
1.18831
1.18817
1.18807
1.18794
1.18792
1.18792
1.18794
1.18798
1.18804
1.18811
1.1882
1.1883
1.18852
1.18863
1.18875
1.18886
1.18897
1.18907
1.18916
1.18924
1.18931
1.18939
1.1894
1.18938
1.18934
1.18927
1.18916
1.18903
1.18886
1.18866
1.18814
1.18781
1.18745
1.18704
1.18658
1.18608
1.18554
1.18494
1.1843
1.18621
1.18528
1.18429
1.18326
1.18217
1.18103
1.17984
1.17861
1.17733
1.17461
1.17319
1.17171
1.1702
1.16864
1.16704
1.1654
1.16372
1.162
1.15845
1.15662
1.15476
1.15287
1.15096
1.14902
1.14706
1.14507
1.14307
1.13902
1.13697
1.13491
1.13285
1.13078
1.1287
1.12663
1.12455
1.12249
1.11837
1.11632
1.11429
1.11227
1.11027
1.10829
1.10633
1.10439
1.10247
1.09872
1.09689
1.09508
1.09331
1.09157
1.08986
1.08819
1.08655
1.08495
1.08187
1.08039
1.07895
1.07754
1.07618
1.07486
1.07359
1.07236
1.07117
1.06893
1.06787
1.06686
1.06589
1.06496
1.06408
1.06324
1.06245
1.0617
1.06033
1.05971
1.05914
1.05861
1.05813
1.05769
1.0573
1.05695
1.05665
1.05619
1.05603
1.05592
1.05585
1.05584
1.05587
1.05594
1.05607
1.05624
1.14449
1.14463
1.14479
1.14499
1.14521
1.14546
1.14573
1.14604
1.14637
1.14712
1.14754
1.14799
1.14847
1.14897
1.1495
1.15006
1.15065
1.15126
1.15256
1.15325
1.15396
1.1547
1.15546
1.15625
1.15705
1.15787
1.15871
1.16044
1.16132
1.16222
1.16313
1.16404
1.16497
1.1659
1.16683
1.16776
1.16963
1.17056
1.17149
1.1724
1.17331
1.17421
1.17509
1.17595
1.17681
1.17845
1.17923
1.18
1.18073
1.18144
1.18212
1.18277
1.18338
1.18396
1.185
1.18545
1.18587
1.18623
1.18655
1.18682
1.18704
1.18721
1.18732
1.18737
1.1873
1.18717
1.18698
1.18672
1.18639
1.186
1.18553
1.185
1.18371
1.18295
1.18212
1.18121
1.18022
1.17915
1.178
1.17677
1.17546
1.17261
1.17106
1.16942
1.16771
1.16592
1.16405
1.1621
1.16008
1.15797
1.15354
1.15122
1.14883
1.14636
1.14384
1.14125
1.1386
1.13589
1.13313
1.12747
1.12457
1.12163
1.11865
1.11565
1.11262
1.10956
1.10649
1.1034
1.09722
1.09413
1.09105
1.08798
1.08493
1.08191
1.07893
1.07597
1.07307
1.06741
1.06467
1.062
1.0594
1.05688
1.05444
1.0521
1.04986
1.04772
1.04376
1.04197
1.04029
1.03875
1.03734
1.03607
1.03495
1.03397
1.03315
1.03197
1.03162
1.03144
1.03142
1.03157
1.03189
1.03238
1.03305
1.03388
1.03608
1.03743
1.03896
1.04066
1.04252
1.04456
1.04675
1.04911
1.05163
1.05713
1.06011
1.06322
1.06647
1.06986
1.07337
1.077
1.08075
1.08461
1.09262
1.09676
1.10099
1.10529
1.10966
1.11409
1.11857
1.1231
1.12767
1.1369
1.14154
1.14618
1.15083
1.15548
1.16011
1.16473
1.16931
1.17387
1.18285
1.18727
1.19163
1.19593
1.20016
1.20432
1.2084
1.2124
1.2163
1.22384
1.22746
1.23099
1.2344
1.23772
1.24092
1.24401
1.24698
1.24984
1.2552
1.25771
1.26009
1.26236
1.26451
1.26654
1.26846
1.27025
1.27193
1.27495
1.27629
1.27752
1.27864
1.27966
1.28058
1.2814
1.28212
1.28275
1.28376
1.28415
1.28446
1.2847
1.28487
1.28498
1.28503
1.28503
1.28498
1.28475
1.28459
1.2844
1.28419
1.28396
1.28372
1.28347
1.28322
1.28297
1.2825
1.28229
1.28209
1.28193
1.2818
1.2817
1.28163
1.28162
1.28165
1.28188
1.28207
1.28234
1.28266
1.28305
1.28351
1.28404
1.28465
1.28533
1.28691
1.28782
1.28881
1.28987
1.29102
1.29224
1.29355
1.29492
1.29637
1.2995
1.30117
1.30292
1.30472
1.30659
1.30852
1.31051
1.31255
1.31464
1.31894
1.32115
1.3234
1.32567
1.32796
1.33027
1.33259
1.33493
1.33726
1.34191
1.34422
1.34651
1.34878
1.35102
1.35323
1.3554
1.35753
1.3596
1.36359
1.36549
1.36733
1.36909
1.37078
1.37238
1.3739
1.37533
1.37667
1.37904
1.38008
1.38101
1.38184
1.38255
1.38315
1.38363
1.384
1.38424
1.38438
1.38426
1.38403
1.38367
1.38318
1.38257
1.38183
1.38097
1.37999
1.37764
1.37629
1.37481
1.37321
1.3715
1.36967
1.36773
1.36568
1.36351
1.35887
1.3564
1.35383
1.35116
1.34841
1.34556
1.34263
1.33963
1.33655
1.33017
1.32689
1.32355
1.32015
1.3167
1.31321
1.30968
1.30611
1.30251
1.29524
1.29158
1.2879
1.28422
1.28054
1.27686
1.27318
1.26952
1.26588
1.25865
1.25508
1.25154
1.24804
1.24458
1.24117
1.2378
1.23448
1.23122
1.22488
1.2218
1.21879
1.21584
1.21297
1.21017
1.20745
1.2048
1.20222
1.19732
1.19498
1.19272
1.19055
1.18846
1.18645
1.18452
1.18267
1.1809
1.1776
1.17607
1.17462
1.17325
1.17195
1.17073
1.16958
1.16851
1.16751
1.16572
1.16493
1.1642
1.16354
1.16294
1.1624
1.16192
1.16149
1.16112
1.16054
1.16033
1.16016
1.16003
1.15996
1.15992
1.15992
1.15995
1.16002
1.16026
1.16042
1.16061
1.16081
1.16104
1.16128
1.16154
1.16182
1.1621
1.1627
1.16301
1.16332
1.16363
1.16394
1.16425
1.16455
1.16484
1.16513
1.16567
1.16592
1.16616
1.16639
1.16659
1.16679
1.16696
1.16712
1.16726
1.16749
1.16758
1.16765
1.1677
1.16774
1.16776
1.16776
1.16775
1.16772
1.16762
1.16756
1.16748
1.16739
1.16729
1.16719
1.16708
1.16697
1.16685
1.16662
1.16651
1.16641
1.16631
1.16622
1.16615
1.16609
1.16604
1.16601
1.16601
1.16605
1.16612
1.16621
1.16633
1.16648
1.16666
1.16688
1.16714
1.16776
1.16812
1.16853
1.16898
1.16947
1.17
1.17058
1.1712
1.17186
1.17333
1.17413
1.17497
1.17586
1.17679
1.17776
1.17877
1.17981
1.1809
1.18318
1.18437
1.18559
1.18684
1.18812
1.18943
1.19077
1.19213
1.1935
1.19631
1.19773
1.19917
1.20061
1.20206
1.20351
1.20496
1.20642
1.20786
1.21073
1.21215
1.21356
1.21494
1.21631
1.21765
1.21897
1.22025
1.22151
1.22392
1.22507
1.22617
1.22724
1.22826
1.22924
1.23016
1.23104
1.23187
1.23335
1.23402
1.23462
1.23516
1.23563
1.23604
1.23639
1.23667
1.23689
1.23711
1.23712
1.23706
1.23692
1.23672
1.23644
1.2361
1.23568
1.23519
1.234
1.2333
1.23254
1.23171
1.23081
1.22984
1.22881
1.22772
1.22657
1.2241
1.22279
1.22142
1.22001
1.21855
1.21705
1.21551
1.21393
1.21232
1.20902
1.20733
1.20562
1.2039
1.20216
1.20042
1.19867
1.19692
1.19518
1.19173
1.19002
1.18833
1.18666
1.18502
1.1834
1.18181
1.18026
1.17873
1.1758
1.1744
1.17303
1.17171
1.17043
1.1692
1.168
1.16685
1.16574
1.16363
1.16264
1.16168
1.16075
1.15986
1.15899
1.15815
1.15734
1.15655
1.15501
1.15426
1.15353
1.1528
1.15207
1.15134
1.15062
1.1499
1.14917
1.14768
1.14693
1.14618
1.14541
1.14463
1.14384
1.14305
1.14225
1.14144
1.13981
1.13899
1.13817
1.13736
1.13655
1.13575
1.13496
1.13419
1.13344
1.13201
1.13134
1.1307
1.13011
1.12955
1.12904
1.12859
1.12818
1.12783
1.12733
1.12718
1.1271
1.12709
1.12716
1.12732
1.12755
1.12787
1.12828
1.12937
1.13005
1.13082
1.13169
1.13266
1.13373
1.13489
1.13616
1.13752
1.14054
1.14219
1.14394
1.14578
1.14772
1.14974
1.15186
1.15407
1.15636
1.16119
1.16372
1.16634
1.16902
1.17178
1.1746
1.17748
1.18043
1.18343
1.18959
1.19273
1.19592
1.19915
1.2024
1.20569
1.20899
1.21232
1.21566
1.22236
1.22572
1.22907
1.23242
1.23575
1.23907
1.24237
1.24564
1.24888
1.25526
1.25839
1.26147
1.2645
1.26748
1.2704
1.27327
1.27607
1.27881
1.28408
1.28661
1.28906
1.29144
1.29373
1.29595
1.29808
1.30013
1.3021
1.30577
1.30748
1.3091
1.31064
1.31209
1.31346
1.31474
1.31593
1.31704
1.31902
1.31989
1.32068
1.32139
1.32203
1.3226
1.3231
1.32353
1.3239
1.32445
1.32463
1.32477
1.32485
1.32488
1.32487
1.32482
1.32472
1.32459
1.32421
1.32398
1.32372
1.32344
1.32314
1.32281
1.32247
1.32212
1.32175
1.32099
1.32061
1.32022
1.31983
1.31944
1.31905
1.31867
1.31829
1.31792
1.3172
1.31686
1.31652
1.3162
1.31588
1.31558
1.31529
1.31501
1.31475
1.31427
1.31405
1.31385
1.31365
1.31348
1.31331
1.31316
1.31303
1.3129
1.3127
1.31261
1.31253
1.31247
1.31241
1.31236
1.31232
1.31229
1.31226
1.31222
1.31221
1.3122
1.31219
1.31218
1.31217
1.31216
1.31214
1.31212
1.31205
1.31201
1.31196
1.31189
1.31181
1.31172
1.31161
1.31149
1.31134
1.31099
1.31077
1.31053
1.31026
1.30997
1.30964
1.30928
1.30888
1.30845
1.30748
1.30694
1.30635
1.30573
1.30506
1.30435
1.30359
1.30278
1.30193
1.30007
1.29906
1.29801
1.2969
1.29573
1.29451
1.29324
1.2919
1.29052
1.28757
1.28601
1.28439
1.28272
1.28098
1.27919
1.27734
1.27544
1.27348
1.2694
1.26728
1.26511
1.26289
1.26062
1.2583
1.25593
1.25352
1.25106
1.24603
1.24345
1.24083
1.23818
1.2355
1.23279
1.23004
1.22728
1.22448
1.21883
1.21597
1.2131
1.21021
1.2073
1.20439
1.20146
1.19853
1.19559
1.18969
1.18674
1.18379
1.18083
1.17788
1.17493
1.17199
1.16905
1.16611
1.16027
1.15736
1.15446
1.15157
1.14869
1.14582
1.14297
1.14013
1.1373
1.1317
1.12892
1.12616
1.12342
1.1207
1.118
1.11532
1.11266
1.11003
1.10485
1.1023
1.09979
1.0973
1.09486
1.09245
1.09009
1.08776
1.08548
1.08106
1.07893
1.07686
1.07485
1.0729
1.07101
1.06919
1.06744
1.06576
1.06263
1.06118
1.05982
1.05854
1.05735
1.05625
1.05524
1.05433
1.05351
1.05217
1.05165
1.05122
1.0509
1.05068
1.05056
1.05054
1.05062
1.0508
1.05146
1.05194
1.05251
1.05317
1.05393
1.05479
1.05573
1.05675
1.05787
1.06034
1.06169
1.06312
1.06462
1.06619
1.06783
1.06954
1.07132
1.07315
1.07701
1.07902
1.08108
1.08319
1.08535
1.08755
1.0898
1.09209
1.09442
1.09918
1.10161
1.10407
1.10656
1.10907
1.11161
1.11417
1.11675
1.11935
1.12459
1.12722
1.12987
1.13252
1.13518
1.13784
1.1405
1.14317
1.14583
1.15113
1.15377
1.1564
1.15902
1.16162
1.16421
1.16678
1.16933
1.17186
1.17684
1.17929
1.18172
1.18412
1.18648
1.18882
1.19111
1.19338
1.19561
1.19994
1.20205
1.20412
1.20614
1.20812
1.21005
1.21193
1.21377
1.21556
1.21899
1.22063
1.22221
1.22375
1.22522
1.22665
1.22801
1.22933
1.23058
1.23293
1.23402
1.23505
1.23602
1.23694
1.2378
1.23861
1.23936
1.24006
1.24128
1.24182
1.2423
1.24274
1.24313
1.24347
1.24377
1.24402
1.24424
1.24456
1.24468
1.24476
1.24482
1.24486
1.24488
1.24488
1.24487
1.24485
1.2448
1.24479
1.24478
1.24478
1.24481
1.24485
1.24492
1.24502
1.24515
1.24552
1.24577
1.24606
1.24641
1.2468
1.24725
1.24776
1.24832
1.24894
1.25037
1.25118
1.25205
1.25297
1.25396
1.25501
1.25611
1.25727
1.25848
1.26104
1.26238
1.26377
1.26519
1.26664
1.26811
1.26961
1.27113
1.27267
1.27578
1.27734
1.2789
1.28045
1.28199
1.28351
1.28501
1.28648
1.28793
1.29072
1.29206
1.29336
1.29461
1.29581
1.29696
1.29805
1.29909
1.30006
1.30182
1.3026
1.30331
1.30395
1.30453
1.30503
1.30547
1.30583
1.30612
1.30648
1.30656
1.30656
1.30648
1.30634
1.30612
1.30583
1.30547
1.30505
1.304
1.30338
1.3027
1.30196
1.30116
1.3003
1.29938
1.29842
1.2974
1.29522
1.29406
1.29286
1.29162
1.29035
1.28904
1.28769
1.28632
1.28492
1.28204
1.28057
1.27908
1.27757
1.27605
1.27452
1.27297
1.27142
1.26986
1.26673
1.26516
1.26359
1.26203
1.26046
1.25891
1.25735
1.2558
1.25426
1.25119
1.24966
1.24815
1.24664
1.24514
1.24365
1.24217
1.2407
1.23924
1.23634
1.23491
1.23349
1.23207
1.23067
1.22927
1.22788
1.2265
1.22513
1.22242
1.22108
1.21975
1.21843
1.21711
1.21581
1.21451
1.21322
1.21195
1.20942
1.20818
1.20694
1.20571
1.20449
1.20329
1.2021
1.20092
1.19975
1.19746
1.19634
1.19523
1.19414
1.19306
1.19199
1.19095
1.18992
1.1889
1.18694
1.18599
1.18505
1.18414
1.18324
1.18237
1.18151
1.18067
1.17985
1.17827
1.17751
1.17676
1.17604
1.17532
1.17463
1.17395
1.17328
1.17263
1.17137
1.17075
1.17015
1.16956
1.16898
1.1684
1.16783
1.16727
1.16671
1.1656
1.16505
1.1645
1.16395
1.1634
1.16284
1.16228
1.16172
1.16115
1.15999
1.1594
1.1588
1.1582
1.15758
1.15695
1.15632
1.15568
1.15503
1.15371
1.15303
1.15234
1.15165
1.15094
1.15023
1.14952
1.1488
1.14807
1.1466
1.14587
1.14513
1.14439
1.14365
1.14292
1.14218
1.14146
1.14074
1.13933
1.13863
1.13795
1.13728
1.13662
1.13598
1.13535
1.13474
1.13414
1.13302
1.13249
1.13198
1.13149
1.13103
1.13059
1.13017
1.12978
1.12941
1.12875
1.12845
1.12818
1.12794
1.12772
1.12752
1.12736
1.12721
1.12709
1.12691
1.12686
1.12682
1.12681
1.12681
1.12684
1.12688
1.12694
1.12701
1.1272
1.12732
1.12745
1.12759
1.12774
1.1279
1.12808
1.12825
1.12844
1.12884
1.12906
1.12928
1.1295
1.12973
1.12997
1.13022
1.13047
1.13073
1.13129
1.13158
1.13189
1.1322
1.13253
1.13288
1.13325
1.13363
1.13404
1.13491
1.13539
1.13589
1.13642
1.13698
1.13756
1.13819
1.13884
1.13953
1.14103
1.14184
1.14269
1.14359
1.14452
1.14551
1.14653
1.1476
1.14872
1.15108
1.15233
1.15363
1.15496
1.15635
1.15777
1.15924
1.16075
1.1623
1.16552
1.16718
1.16887
1.1706
1.17236
1.17415
1.17597
1.17781
1.17967
1.18345
1.18536
1.18729
1.18922
1.19117
1.19312
1.19507
1.19703
1.19899
1.2029
1.20485
1.20679
1.20873
1.21065
1.21256
1.21445
1.21633
1.21819
1.22184
1.22363
1.2254
1.22714
1.22886
1.23054
1.23219
1.23381
1.2354
1.23847
1.23996
1.2414
1.24281
1.24417
1.2455
1.24679
1.24803
1.24923
1.25149
1.25256
1.25357
1.25454
1.25547
1.25634
1.25717
1.25794
1.25867
1.25998
1.26055
1.26108
1.26155
1.26198
1.26235
1.26267
1.26295
1.26316
1.26345
1.26351
1.26352
1.26348
1.2634
1.26326
1.26307
1.26283
1.26254
1.26183
1.2614
1.26092
1.2604
1.25983
1.25922
1.25857
1.25787
1.25713
1.25553
1.25467
1.25378
1.25284
1.25187
1.25087
1.24983
1.24876
1.24766
1.24537
1.24419
1.24298
1.24175
1.2405
1.23923
1.23795
1.23664
1.23532
1.23265
1.23131
1.22995
1.2286
1.22724
1.22588
1.22453
1.22318
1.22183
1.21918
1.21787
1.21658
1.21531
1.21406
1.21284
1.21164
1.21047
1.20934
1.20716
1.20613
1.20513
1.20418
1.20327
1.20241
1.20159
1.20083
1.20011
1.19885
1.1983
1.1978
1.19737
1.19699
1.19667
1.19642
1.19623
1.19611
1.19605
1.19612
1.19626
1.19647
1.19675
1.19709
1.19751
1.19799
1.19854
1.19985
1.20061
1.20144
1.20234
1.2033
1.20433
1.20543
1.20659
1.20781
1.21043
1.21184
1.2133
1.21483
1.21641
1.21804
1.21973
1.22148
1.22327
1.227
1.22894
1.23092
1.23294
1.235
1.2371
1.23924
1.24141
1.24361
1.2481
1.25038
1.25268
1.255
1.25734
1.25969
1.26204
1.26441
1.26678
1.27152
1.27388
1.27624
1.27859
1.28092
1.28323
1.28553
1.2878
1.29005
1.29446
1.29661
1.29873
1.3008
1.30284
1.30483
1.30677
1.30866
1.31049
1.314
1.31566
1.31726
1.3188
1.32028
1.32169
1.32302
1.32429
1.32549
1.32767
1.32865
1.32955
1.33038
1.33113
1.33181
1.33241
1.33294
1.33339
1.33407
1.3343
1.33446
1.33455
1.33457
1.33452
1.3344
1.33422
1.33397
1.33329
1.33286
1.33237
1.33183
1.33122
1.33056
1.32985
1.32908
1.32827
1.3265
1.32555
1.32456
1.32352
1.32245
1.32134
1.32019
1.31901
1.3178
1.31528
1.31398
1.31265
1.3113
1.30992
1.30852
1.3071
1.30565
1.30419
1.3012
1.29969
1.29815
1.2966
1.29504
1.29346
1.29187
1.29027
1.28865
1.28539
1.28374
1.28209
1.28043
1.27875
1.27707
1.27539
1.27369
1.27199
1.26856
1.26683
1.26509
1.26335
1.26159
1.25984
1.25807
1.2563
1.25452
1.25095
1.24915
1.24735
1.24554
1.24373
1.24191
1.24009
1.23826
1.23643
1.23275
1.23091
1.22906
1.22721
1.22537
1.22352
1.22168
1.21984
1.218
1.21433
1.21251
1.21069
1.20888
1.20708
1.20529
1.20352
1.20175
1.2
1.19655
1.19485
1.19316
1.19149
1.18985
1.18822
1.18662
1.18503
1.18348
1.18044
1.17896
1.17751
1.17609
1.1747
1.17334
1.17201
1.17071
1.16944
1.167
1.16583
1.16468
1.16357
1.1625
1.16145
1.16043
1.15945
1.1585
1.15669
1.15583
1.155
1.1542
1.15342
1.15268
1.15196
1.15126
1.1506
1.14934
1.14875
1.14819
1.14765
1.14713
1.14664
1.14617
1.14572
1.1453
1.14452
1.14417
1.14385
1.14355
1.14327
1.14302
1.1428
1.1426
1.14243
1.14219
1.14211
1.14206
1.14205
1.14207
1.14212
1.14221
1.14233
1.14249
1.14293
1.14322
1.14354
1.14391
1.14432
1.14478
1.14528
1.14583
1.14643
1.14776
1.1485
1.14929
1.15013
1.15102
1.15195
1.15294
1.15397
1.15506
1.15739
1.15863
1.15991
1.16125
1.16263
1.16406
1.16553
1.16705
1.16862
1.17188
1.17358
1.17532
1.1771
1.17891
1.18077
1.18266
1.18459
1.18655
1.19056
1.19261
1.19469
1.1968
1.19893
1.20108
1.20326
1.20545
1.20766
1.21213
1.21438
1.21665
1.21893
1.22121
1.2235
1.22579
1.22809
1.23038
1.23496
1.23724
1.23952
1.24178
1.24403
1.24626
1.24848
1.25067
1.25285
1.25713
1.25923
1.26129
1.26333
1.26533
1.2673
1.26923
1.27112
1.27297
1.27653
1.27825
1.27991
1.28152
1.28308
1.28459
1.28604
1.28743
1.28877
1.29125
1.29241
1.29349
1.29452
1.29547
1.29637
1.29719
1.29795
1.29865
1.29984
1.30033
1.30076
1.30112
1.30142
1.30164
1.30181
1.30191
1.30194
1.30182
1.30167
1.30145
1.30118
1.30084
1.30045
1.3
1.29949
1.29893
1.29764
1.29692
1.29615
1.29533
1.29446
1.29355
1.29258
1.29158
1.29053
1.28831
1.28714
1.28594
1.28469
1.28341
1.28209
1.28074
1.27935
1.27794
1.27501
1.2735
1.27197
1.27041
1.26882
1.26721
1.26557
1.26391
1.26222
1.25878
1.25703
1.25526
1.25347
1.25166
1.24983
1.24799
1.24613
1.24425
1.24044
1.23851
1.23657
1.23461
1.23264
1.23066
1.22866
1.22665
1.22463
1.22056
1.2185
1.21644
1.21438
1.2123
1.21022
1.20814
1.20605
1.20395
1.19976
1.19767
1.19557
1.19349
1.1914
1.18933
1.18726
1.18521
1.18317
1.17913
1.17713
1.17516
1.17321
1.17129
1.1694
1.16753
1.16571
1.16391
1.16044
1.15877
1.15714
1.15557
1.15404
1.15257
1.15115
1.1498
1.1485
1.14611
1.14502
1.144
1.14305
1.14218
1.14139
1.14068
1.14004
1.1395
1.13865
1.13836
1.13815
1.13802
1.13799
1.13803
1.13816
1.13838
1.13869
1.13956
1.14011
1.14075
1.14147
1.14227
1.14314
1.14408
1.1451
1.14618
1.14855
1.14982
1.15116
1.15255
1.15399
1.15549
1.15703
1.15861
1.16024
1.16359
1.16531
1.16706
1.16883
1.17063
1.17243
1.17425
1.17608
1.17791
1.18157
1.1834
1.18522
1.18703
1.18883
1.19061
1.19237
1.19411
1.19582
1.19916
1.20078
1.20237
1.20392
1.20543
1.2069
1.20832
1.2097
1.21103
1.21354
1.21472
1.21585
1.21692
1.21794
1.2189
1.21981
1.22065
1.22144
1.22285
1.22347
1.22403
1.22454
1.22499
1.22538
1.22572
1.22601
1.22625
1.22657
1.22665
1.22669
1.22668
1.22663
1.22653
1.22638
1.2262
1.22598
1.22543
1.2251
1.22475
1.22437
1.22396
1.22352
1.22307
1.22259
1.2221
1.22106
1.22053
1.21998
1.21942
1.21886
1.21828
1.2177
1.21711
1.21652
1.21533
1.21473
1.21413
1.21353
1.21293
1.21233
1.21173
1.21112
1.21052
1.2093
1.20869
1.20807
1.20746
1.20684
1.20621
1.20558
1.20495
1.2043
1.20299
1.20232
1.20164
1.20094
1.20023
1.19951
1.19876
1.198
1.19722
1.19559
1.19474
1.19386
1.19296
1.19203
1.19107
1.19009
1.18907
1.18801
1.1858
1.18464
1.18344
1.18221
1.18093
1.17961
1.17825
1.17685
1.1754
1.17238
1.17081
1.16919
1.16753
1.16583
1.16408
1.16229
1.16046
1.15858
1.15471
1.15272
1.15069
1.14863
1.14653
1.1444
1.14224
1.14005
1.13784
1.13335
1.13108
1.1288
1.12651
1.12421
1.12191
1.11961
1.11732
1.11503
1.11049
1.10825
1.10603
1.10384
1.10168
1.09955
1.09747
1.09543
1.09344
1.08962
1.0878
1.08605
1.08437
1.08276
1.08123
1.07978
1.07841
1.07713
1.07485
1.07385
1.07295
1.07216
1.07146
1.07088
1.0704
1.07003
1.06978
1.06961
1.0697
1.0699
1.07021
1.07064
1.07119
1.07185
1.07262
1.07351
1.07561
1.07682
1.07813
1.07955
1.08107
1.08269
1.0844
1.0862
1.08809
1.09213
1.09427
1.09648
1.09876
1.1011
1.10351
1.10598
1.10851
1.11109
1.11637
1.11907
1.12181
1.12457
1.12736
1.13018
1.13301
1.13585
1.1387
1.14441
1.14727
1.15012
1.15296
1.15579
1.15861
1.16141
1.16419
1.16695
1.17239
1.17506
1.17771
1.18032
1.18289
1.18543
1.18794
1.1904
1.19283
1.19757
1.19988
1.20214
1.20437
1.20656
1.20871
1.21082
1.21288
1.21491
1.21885
1.22076
1.22264
1.22448
1.22629
1.22806
1.22981
1.23152
1.2332
1.23648
1.23808
1.23966
1.24121
1.24274
1.24425
1.24574
1.24721
1.24866
1.25151
1.25291
1.2543
1.25567
1.25703
1.25837
1.25971
1.26103
1.26235
1.26494
1.26623
1.2675
1.26876
1.27001
1.27126
1.27249
1.27371
1.27492
1.2773
1.27848
1.27964
1.28078
1.28192
1.28303
1.28414
1.28522
1.28629
1.28838
1.28939
1.29038
1.29134
1.29229
1.29321
1.2941
1.29497
1.29582
1.29741
1.29816
1.29888
1.29957
1.30023
1.30084
1.30143
1.30197
1.30248
1.30338
1.30377
1.30412
1.30442
1.30468
1.3049
1.30507
1.3052
1.30528
1.30531
1.30526
1.30515
1.305
1.30481
1.30456
1.30427
1.30393
1.30355
1.30263
1.30211
1.30153
1.30091
1.30025
1.29954
1.29878
1.29798
1.29714
1.29532
1.29435
1.29334
1.29229
1.29121
1.29008
1.28893
1.28774
1.28652
1.28399
1.28268
1.28135
1.27999
1.27861
1.2772
1.27578
1.27433
1.27287
1.26991
1.26841
1.26691
1.26539
1.26387
1.26235
1.26083
1.2593
1.25778
1.25474
1.25324
1.25174
1.25025
1.24877
1.2473
1.24586
1.24442
1.24301
1.24024
1.23889
1.23757
1.23627
1.23499
1.23374
1.23252
1.23133
1.23017
1.22795
1.22688
1.22584
1.22483
1.22386
1.22292
1.22201
1.22113
1.22028
1.21868
1.21793
1.2172
1.21651
1.21584
1.2152
1.21458
1.21399
1.21343
1.21237
1.21187
1.2114
1.21094
1.2105
1.21008
1.20967
1.20928
1.2089
1.20817
1.20782
1.20748
1.20714
1.20681
1.20648
1.20615
1.20583
1.20551
1.20486
1.20453
1.2042
1.20387
1.20353
1.20318
1.20282
1.20246
1.20208
1.2013
1.20089
1.20046
1.20003
1.19957
1.19911
1.19863
1.19814
1.19762
1.19655
1.19598
1.1954
1.19479
1.19417
1.19354
1.19288
1.19221
1.19152
1.19008
1.18934
1.18858
1.1878
1.187
1.1862
1.18537
1.18453
1.18368
1.18193
1.18104
1.18014
1.17923
1.17831
1.17738
1.17645
1.17552
1.17458
1.17271
1.17177
1.17083
1.1699
1.16898
1.16806
1.16715
1.16626
1.16538
1.16365
1.16282
1.162
1.16121
1.16043
1.15968
1.15895
1.15824
1.15757
1.1563
1.15571
1.15515
1.15463
1.15413
1.15367
1.15325
1.15286
1.1525
1.1519
1.15165
1.15144
1.15126
1.15112
1.15101
1.15094
1.1509
1.15091
1.15101
1.15112
1.15126
1.15143
1.15164
1.15189
1.15217
1.15248
1.15282
1.15361
1.15406
1.15455
1.15507
1.15563
1.15622
1.15685
1.15753
1.15823
1.15977
1.1606
1.16148
1.16239
1.16335
1.16435
1.1654
1.16649
1.16763
1.17004
1.17132
1.17264
1.17401
1.17542
1.17688
1.17838
1.17993
1.18151
1.18482
1.18653
1.18828
1.19006
1.19188
1.19373
1.1956
1.1975
1.19941
1.2033
1.20526
1.20723
1.20921
1.21118
1.21316
1.21512
1.21708
1.21902
1.22285
1.22473
1.22658
1.22841
1.2302
1.23195
1.23366
1.23533
1.23696
1.24006
1.24153
1.24295
1.2443
1.2456
1.24683
1.248
1.2491
1.25014
1.25199
1.25282
1.25357
1.25424
1.25485
1.25537
1.25583
1.2562
1.2565
1.25687
1.25694
1.25693
1.25685
1.25669
1.25646
1.25616
1.25578
1.25533
1.25422
1.25356
1.25283
1.25203
1.25117
1.25024
1.24924
1.24819
1.24708
1.24468
1.2434
1.24207
1.24069
1.23926
1.23779
1.23628
1.23473
1.23314
1.22986
1.22818
1.22647
1.22474
1.22298
1.22122
1.21944
1.21765
1.21585
1.21226
1.21046
1.20867
1.20688
1.20511
1.20335
1.20161
1.19989
1.19819
1.19488
1.19326
1.19168
1.19014
1.18864
1.18718
1.18576
1.18439
1.18307
1.18057
1.1794
1.17829
1.17724
1.17624
1.17531
1.17443
1.17362
1.17287
1.17157
1.17101
1.17052
1.17009
1.16973
1.16944
1.16922
1.16906
1.16897
1.169
1.16911
1.16929
1.16954
1.16986
1.17024
1.17068
1.17119
1.17177
1.17311
1.17387
1.17469
1.17557
1.17651
1.1775
1.17854
1.17964
1.18079
1.18323
1.18453
1.18587
1.18725
1.18867
1.19014
1.19165
1.19319
1.19476
1.19801
1.19968
1.20138
1.2031
1.20484
1.2066
1.20838
1.21017
1.21198
1.21564
1.21748
1.21933
1.22118
1.22304
1.22489
1.22675
1.2286
1.23044
1.23412
1.23594
1.23775
1.23955
1.24134
1.24311
1.24486
1.2466
1.24832
1.25169
1.25334
1.25497
1.25657
1.25815
1.2597
1.26123
1.26274
1.26421
1.26709
1.26849
1.26987
1.27122
1.27254
1.27384
1.27511
1.27636
1.27759
1.27997
1.28113
1.28226
1.28337
1.28446
1.28552
1.28657
1.28759
1.2886
1.29055
1.2915
1.29242
1.29333
1.29422
1.29508
1.29592
1.29674
1.29754
1.29906
1.29979
1.30049
1.30117
1.30181
1.30243
1.30302
1.30358
1.3041
1.30503
1.30544
1.30581
1.30613
1.30641
1.30664
1.30682
1.30695
1.30702
1.307
1.3069
1.30674
1.30651
1.30621
1.30585
1.30541
1.3049
1.30431
1.3029
1.30208
1.30118
1.30019
1.29912
1.29797
1.29673
1.29541
1.294
1.29092
1.28924
1.28749
1.28564
1.28371
1.28169
1.27959
1.2774
1.27514
1.27036
1.26786
1.26528
1.26263
1.25991
1.25712
1.25427
1.25136
1.24838
1.24227
1.23913
1.23595
1.23272
1.22945
1.22615
1.22281
1.21945
1.21605
1.20921
1.20576
1.2023
1.19884
1.19537
1.19191
1.18845
1.185
1.18157
1.17475
1.17138
1.16804
1.16472
1.16144
1.1582
1.155
1.15184
1.14873
1.14267
1.13973
1.13684
1.13402
1.13126
1.12857
1.12595
1.12341
1.12094
1.11624
1.11402
1.11187
1.10982
1.10785
1.10597
1.10418
1.10249
1.10089
1.09797
1.09666
1.09544
1.09432
1.0933
1.09239
1.09157
1.09086
1.09025
1.08933
1.08902
1.08881
1.0887
1.08869
1.08878
1.08896
1.08925
1.08962
1.09066
1.09132
1.09206
1.09289
1.09381
1.09481
1.09589
1.09705
1.09828
1.10097
1.10242
1.10393
1.1055
1.10713
1.10882
1.11055
1.11234
1.11416
1.11793
1.11986
1.12183
1.12381
1.12582
1.12784
1.12988
1.13192
1.13398
1.13808
1.14012
1.14215
1.14417
1.14617
1.14814
1.1501
1.15202
1.15391
1.1576
1.15938
1.16112
1.16282
1.16446
1.16606
1.16761
1.1691
1.17053
1.17323
1.17449
1.17568
1.17682
1.17789
1.1789
1.17984
1.18072
1.18154
1.18298
1.18361
1.18418
1.18468
1.18513
1.18551
1.18584
1.18611
1.18632
1.1866
1.18666
1.18668
1.18665
1.18658
1.18647
1.18632
1.18613
1.18591
1.18539
1.18508
1.18475
1.18441
1.18404
1.18366
1.18327
1.18286
1.18246
1.18163
1.18122
1.18082
1.18042
1.18003
1.17966
1.1793
1.17896
1.17864
1.17808
1.17784
1.17763
1.17746
1.17732
1.17722
1.17716
1.17713
1.17716
1.17733
1.17749
1.1777
1.17797
1.17829
1.17866
1.17908
1.17956
1.18009
1.18133
1.18204
1.1828
1.18363
1.18451
1.18545
1.18644
1.18749
1.18859
1.19097
1.19223
1.19355
1.19491
1.19633
1.19779
1.1993
1.20084
1.20243
1.20572
1.20742
1.20915
1.21091
1.2127
1.21451
1.21635
1.2182
1.22008
1.22387
1.22578
1.2277
1.22962
1.23154
1.23347
1.23539
1.2373
1.2392
1.24297
1.24483
1.24668
1.2485
1.25031
1.25208
1.25384
1.25556
1.25725
1.26055
1.26215
1.26371
1.26524
1.26673
1.26818
1.26959
1.27097
1.2723
1.27483
1.27604
1.2772
1.27832
1.2794
1.28044
1.28144
1.2824
1.28331
1.28501
1.2858
1.28654
1.28724
1.2879
1.28852
1.2891
1.28964
1.29014
1.29103
1.29141
1.29176
1.29207
1.29234
1.29257
1.29277
1.29294
1.29307
1.29323
1.29326
1.29325
1.29321
1.29313
1.29301
1.29286
1.29267
1.29245
1.2919
1.29157
1.29121
1.29081
1.29038
1.28991
1.2894
1.28885
1.28827
1.287
1.28631
1.28558
1.28481
1.284
1.28316
1.28228
1.28136
1.2804
1.27838
1.27731
1.27621
1.27507
1.27389
1.27269
1.27145
1.27018
1.26888
1.26619
1.26481
1.2634
1.26197
1.26051
1.25903
1.25754
1.25603
1.2545
1.25141
1.24985
1.24829
1.24672
1.24514
1.24357
1.242
1.24044
1.23888
1.2358
1.23429
1.23279
1.23131
1.22985
1.22842
1.22701
1.22563
1.22428
1.22168
1.22043
1.21922
1.21804
1.21691
1.21581
1.21476
1.21376
1.21279
1.21101
1.21018
1.2094
1.20867
1.20798
1.20734
1.20675
1.2062
1.20569
1.2048
1.20442
1.20407
1.20377
1.20351
1.20328
1.20308
1.20291
1.20278
1.20258
1.20252
1.20248
1.20245
1.20244
1.20244
1.20245
1.20246
1.20248
1.20253
1.20255
1.20257
1.20258
1.20258
1.20256
1.20253
1.20248
1.20242
1.20221
1.20207
1.2019
1.20171
1.20148
1.20122
1.20093
1.20061
1.20025
1.19943
1.19896
1.19846
1.19793
1.19737
1.19677
1.19614
1.19548
1.19478
1.1933
1.19251
1.1917
1.19087
1.19001
1.18913
1.18823
1.18732
1.18639
1.18449
1.18353
1.18257
1.18161
1.18065
1.17969
1.17874
1.1778
1.17688
1.17508
1.17421
1.17337
1.17255
1.17176
1.17101
1.17029
1.16961
1.16897
1.16783
1.16732
1.16687
1.16647
1.16612
1.16582
1.16559
1.16541
1.1653
1.16526
1.16533
1.16548
1.16569
1.16598
1.16633
1.16676
1.16726
1.16783
1.16918
1.16996
1.17082
1.17176
1.17276
1.17383
1.17498
1.17619
1.17747
1.18024
1.18173
1.18328
1.18489
1.18656
1.1883
1.19009
1.19194
1.19384
1.19781
1.19986
1.20197
1.20411
1.20629
1.20852
1.21078
1.21307
1.21539
1.22011
1.2225
1.22491
1.22735
1.22979
1.23225
1.23471
1.23718
1.23965
1.24459
1.24705
1.2495
1.25194
1.25437
1.25678
1.25916
1.26153
1.26387
1.26846
1.2707
1.27291
1.27508
1.27722
1.27931
1.28135
1.28335
1.2853
1.28903
1.29082
1.29254
1.2942
1.2958
1.29733
1.29879
1.30018
1.3015
1.30392
1.30502
1.30603
1.30696
1.30781
1.30857
1.30925
1.30984
1.31034
1.31107
1.3113
1.31143
1.31148
1.31143
1.31128
1.31104
1.31071
1.31029
1.30916
1.30846
1.30766
1.30678
1.3058
1.30474
1.30359
1.30235
1.30103
1.29815
1.29659
1.29496
1.29327
1.2915
1.28967
1.28778
1.28583
1.28384
1.2797
1.27757
1.2754
1.2732
1.27097
1.26872
1.26644
1.26415
1.26185
1.25722
1.25491
1.25261
1.25031
1.24803
1.24576
1.24352
1.2413
1.23911
1.23484
1.23276
1.23072
1.22873
1.22679
1.2249
1.22307
1.2213
1.21958
1.21634
1.21481
1.21336
1.21198
1.21067
1.20944
1.20828
1.2072
1.2062
1.20444
1.20368
1.20302
1.20243
1.20194
1.20153
1.20121
1.20099
1.20085
1.20085
1.20099
1.20122
1.20154
1.20196
1.20246
1.20305
1.20373
1.20451
1.20632
1.20736
1.20848
1.20968
1.21097
1.21234
1.21379
1.21531
1.2169
1.2203
1.22209
1.22395
1.22587
1.22784
1.22986
1.23193
1.23405
1.2362
1.24062
1.24288
1.24516
1.24746
1.24978
1.25211
1.25445
1.2568
1.25914
1.2638
1.26611
1.2684
1.27067
1.27291
1.27513
1.27731
1.27945
1.28155
1.2856
1.28755
1.28945
1.29128
1.29306
1.29477
1.29642
1.29799
1.29949
1.30228
1.30355
1.30474
1.30585
1.30688
1.30782
1.30867
1.30944
1.31011
1.31119
1.3116
1.31191
1.31213
1.31226
1.3123
1.31224
1.31209
1.31185
1.31108
1.31056
1.30995
1.30925
1.30846
1.30758
1.30662
1.30557
1.30443
1.30192
1.30054
1.29908
1.29755
1.29594
1.29426
1.2925
1.29068
1.28878
1.28479
1.2827
1.28054
1.27833
1.27606
1.27373
1.27135
1.26892
1.26643
1.26131
1.25868
1.256
1.25328
1.25052
1.24771
1.24487
1.24199
1.23908
1.23315
1.23014
1.2271
1.22403
1.22093
1.21781
1.21467
1.2115
1.20832
1.20189
1.19865
1.1954
1.19213
1.18885
1.18556
1.18227
1.17897
1.17567
1.16906
1.16576
1.16246
1.15917
1.1559
1.15263
1.14939
1.14616
1.14296
1.13663
1.13351
1.13043
1.12738
1.12438
1.12143
1.11853
1.11568
1.11289
1.10751
1.10491
1.1024
1.09995
1.09759
1.0953
1.09311
1.09099
1.08897
1.08521
1.08348
1.08184
1.0803
1.07886
1.07752
1.07628
1.07515
1.07412
1.07236
1.07163
1.071
1.07046
1.07002
1.06967
1.06941
1.06924
1.06916
1.06923
1.06937
1.06959
1.06988
1.07023
1.07064
1.07111
1.07164
1.07221
1.07349
1.0742
1.07493
1.0757
1.07649
1.07731
1.07815
1.079
1.07987
1.08165
1.08254
1.08345
1.08435
1.08525
1.08615
1.08704
1.08792
1.0888
1.09052
1.09136
1.09219
1.093
1.09381
1.0946
1.09537
1.09614
1.09689
1.09835
1.09907
1.09978
1.10048
1.10118
1.10188
1.10257
1.10326
1.10396
1.10536
1.10608
1.10681
1.10755
1.10831
1.10909
1.10989
1.11072
1.11158
1.11338
1.11433
1.11531
1.11634
1.1174
1.11851
1.11966
1.12086
1.1221
1.12472
1.1261
1.12753
1.129
1.13052
1.13209
1.1337
1.13535
1.13703
1.14053
1.14232
1.14415
1.14601
1.14789
1.14978
1.1517
1.15363
1.15556
1.15944
1.16137
1.1633
1.16521
1.1671
1.16898
1.17082
1.17263
1.17441
1.17783
1.17946
1.18105
1.18257
1.18403
1.18542
1.18675
1.188
1.18918
1.1913
1.19224
1.1931
1.19388
1.19456
1.19517
1.19569
1.19612
1.19646
1.19689
1.19698
1.19698
1.1969
1.19674
1.1965
1.19618
1.19579
1.19532
1.19417
1.1935
1.19277
1.19198
1.19114
1.19025
1.18932
1.18834
1.18733
1.1852
1.1841
1.18297
1.18183
1.18068
1.17952
1.17835
1.17719
1.17604
1.17377
1.17266
1.17159
1.17054
1.16953
1.16856
1.16764
1.16676
1.16594
1.16447
1.16384
1.16328
1.16279
1.16238
1.16205
1.1618
1.16165
1.16159
1.16176
1.16199
1.16232
1.16276
1.1633
1.16395
1.16471
1.16557
1.16655
1.16882
1.17012
1.17153
1.17305
1.17467
1.1764
1.17824
1.18018
1.18222
1.18659
1.18891
1.19133
1.19383
1.19641
1.19908
1.20181
1.20462
1.2075
1.21344
1.2165
1.2196
1.22274
1.22593
1.22914
1.23238
1.23565
1.23893
1.24552
1.24882
1.25211
1.25539
1.25866
1.26191
1.26514
1.26833
1.27149
1.27768
1.2807
1.28367
1.28658
1.28943
1.29221
1.29492
1.29755
1.30011
1.30498
1.30728
1.3095
1.31163
1.31366
1.3156
1.31745
1.31919
1.32084
1.32382
1.32516
1.32639
1.32753
1.32856
1.32949
1.33031
1.33102
1.33164
1.33257
1.33288
1.3331
1.33321
1.33323
1.33316
1.333
1.33275
1.33241
1.33149
1.33091
1.33026
1.32953
1.32874
1.32787
1.32694
1.32595
1.32491
1.32265
1.32145
1.32021
1.31892
1.3176
1.31624
1.31485
1.31344
1.312
1.30906
1.30757
1.30606
1.30455
1.30303
1.30151
1.29999
1.29847
1.29696
1.29397
1.29249
1.29103
1.28958
1.28816
1.28675
1.28537
1.28402
1.28269
1.28012
1.27888
1.27767
1.27649
1.27535
1.27424
1.27316
1.27212
1.27111
1.2692
1.2683
1.26743
1.26659
1.2658
1.26503
1.2643
1.2636
1.26294
1.2617
1.26113
1.26059
1.26007
1.25959
1.25913
1.2587
1.25829
1.25791
1.25722
1.2569
1.25661
1.25634
1.25608
1.25584
1.25562
1.25541
1.25522
1.25486
1.2547
1.25455
1.25441
1.25428
1.25415
1.25403
1.25391
1.25379
1.25356
1.25345
1.25333
1.25322
1.25309
1.25297
1.25284
1.2527
1.25256
1.25224
1.25207
1.25188
1.25168
1.25146
1.25123
1.25098
1.25071
1.25043
1.24979
1.24943
1.24905
1.24865
1.24822
1.24776
1.24727
1.24674
1.24619
1.24498
1.24432
1.24362
1.24289
1.24211
1.2413
1.24044
1.23953
1.23859
1.23656
1.23547
1.23434
1.23316
1.23194
1.23066
1.22934
1.22796
1.22654
1.22355
1.22198
1.22036
1.21869
1.21697
1.2152
1.21339
1.21153
1.20962
1.20568
1.20365
1.20157
1.19946
1.19731
1.19513
1.19291
1.19066
1.18838
1.18375
1.1814
1.17904
1.17665
1.17426
1.17186
1.16945
1.16703
1.16461
1.15978
1.15738
1.15499
1.15261
1.15025
1.14791
1.1456
1.14331
1.14106
1.13664
1.13449
1.13239
1.13033
1.12831
1.12635
1.12444
1.12258
1.12078
1.11737
1.11577
1.11423
1.11276
1.11137
1.11004
1.1088
1.10763
1.10655
1.10462
1.10379
1.10304
1.10237
1.10179
1.1013
1.1009
1.10059
1.10037
1.1002
1.10025
1.10039
1.10063
1.10095
1.10137
1.10188
1.10248
1.10316
1.1048
1.10574
1.10678
1.10789
1.10908
1.11035
1.1117
1.11312
1.11461
1.11779
1.11948
1.12123
1.12303
1.12489
1.1268
1.12875
1.13074
1.13278
1.13694
1.13907
1.14122
1.14339
1.14557
1.14777
1.14998
1.15219
1.15439
1.1588
1.161
1.16318
1.16534
1.16749
1.16961
1.17171
1.17379
1.17584
1.17983
1.18178
1.18369
1.18557
1.1874
1.1892
1.19095
1.19267
1.19434
1.19755
1.19909
1.20059
1.20205
1.20347
1.20484
1.20617
1.20746
1.20871
1.21108
1.21221
1.2133
1.21436
1.21537
1.21636
1.21731
1.21823
1.21911
1.22079
1.22158
1.22235
1.22309
1.2238
1.22449
1.22515
1.22578
1.22639
1.22755
1.22809
1.22862
1.22912
1.2296
1.23006
1.2305
1.23092
1.23132
1.23205
1.23238
1.2327
1.23299
1.23326
1.23351
1.23373
1.23394
1.23413
1.23443
1.23455
1.23465
1.23472
1.23477
1.23479
1.23479
1.23477
1.23473
1.23457
1.23446
1.23433
1.23418
1.234
1.23381
1.23359
1.23336
1.23311
1.23256
1.23226
1.23195
1.23162
1.23128
1.23092
1.23056
1.23018
1.2298
1.22901
1.22861
1.22821
1.2278
1.22739
1.22699
1.22658
1.22617
1.22577
1.22498
1.22459
1.22421
1.22383
1.22346
1.22309
1.22273
1.22238
1.22204
1.22137
1.22104
1.22072
1.22041
1.22011
1.21981
1.21952
1.21923
1.21895
1.21841
1.21813
1.21787
1.2176
1.21733
1.21707
1.2168
1.21653
1.21627
1.21573
1.21546
1.21519
1.21491
1.21463
1.21434
1.21406
1.21376
1.21347
1.21286
1.21255
1.21225
1.21193
1.21162
1.2113
1.21099
1.21067
1.21036
1.20974
1.20943
1.20914
1.20885
1.20857
1.2083
1.20804
1.20779
1.20756
1.20713
1.20694
1.20677
1.20662
1.20648
1.20637
1.20627
1.2062
1.20615
1.20613
1.20615
1.2062
1.20627
1.20637
1.2065
1.20665
1.20683
1.20704
1.20752
1.2078
1.20811
1.20843
1.20878
1.20916
1.20955
1.20996
1.21039
1.2113
1.21177
1.21226
1.21276
1.21327
1.21379
1.21432
1.21485
1.21539
1.21648
1.21703
1.21757
1.21811
1.21864
1.21917
1.21969
1.2202
1.22069
1.22165
1.2221
1.22253
1.22294
1.22332
1.22369
1.22402
1.22433
1.2246
1.22506
1.22524
1.22537
1.22547
1.22553
1.22554
1.22551
1.22543
1.22531
1.22492
1.22465
1.22432
1.22394
1.22351
1.22301
1.22247
1.22186
1.2212
1.2197
1.21886
1.21797
1.21701
1.216
1.21493
1.2138
1.21261
1.21137
1.20873
1.20733
1.20588
1.20437
1.20282
1.20123
1.19959
1.19791
1.19619
1.19265
1.19083
1.18898
1.1871
1.1852
1.18327
1.18133
1.17938
1.17741
1.17345
1.17146
1.16948
1.16749
1.16551
1.16354
1.16158
1.15964
1.15771
1.1539
1.15203
1.15018
1.14836
1.14656
1.1448
1.14306
1.14136
1.13969
1.13646
1.1349
1.13337
1.13189
1.13044
1.12903
1.12766
1.12634
1.12505
1.1226
1.12145
1.12033
1.11926
1.11823
1.11724
1.1163
1.11539
1.11453
1.11293
1.11219
1.11149
1.11083
1.11021
1.10963
1.10909
1.10858
1.10812
1.10729
1.10692
1.1066
1.10631
1.10605
1.10582
1.10562
1.10545
1.10531
1.10512
1.10507
1.10504
1.10503
1.10505
1.10509
1.10516
1.10525
1.10536
1.10565
1.10582
1.10601
1.10623
1.10646
1.1067
1.10697
1.10726
1.10756
1.10823
1.10859
1.10897
1.10937
1.1098
1.11024
1.11071
1.1112
1.11171
1.11282
1.11341
1.11403
1.11468
1.11536
1.11607
1.11681
1.11758
1.11839
1.12012
1.12104
1.122
1.123
1.12405
1.12514
1.12627
1.12745
1.12868
1.13127
1.13264
1.13406
1.13553
1.13705
1.13863
1.14026
1.14194
1.14368
1.14732
1.14923
1.15119
1.15321
1.15529
1.15743
1.15963
1.16188
1.1642
1.16902
1.17152
1.17408
1.1767
1.17939
1.18213
1.18494
1.18782
1.19076
1.19683
1.19996
1.20316
1.20642
1.20975
1.21314
1.21659
1.22011
1.22369
1.23102
1.23478
1.23859
1.24246
1.24638
1.25035
1.25437
1.25843
1.26254
1.27086
1.27507
1.27931
1.28357
1.28786
1.29215
1.29645
1.30076
1.30507
1.31367
1.31795
1.3222
1.32644
1.33064
1.33481
1.33894
1.34302
1.34705
1.35494
1.35879
1.36257
1.36628
1.3699
1.37345
1.37691
1.38028
1.38356
1.38983
1.39281
1.39568
1.39845
1.40111
1.40367
1.4061
1.40842
1.41063
1.41469
1.41654
1.41828
1.41989
1.42139
1.42276
1.42401
1.42515
1.42616
1.42784
1.4285
1.42904
1.42947
1.42978
1.42998
1.43006
1.43004
1.4299
1.4293
1.42885
1.4283
1.42765
1.42689
1.42605
1.42511
1.42408
1.42295
1.42045
1.41907
1.41761
1.41608
1.41447
1.41278
1.41103
1.40922
1.40733
1.40338
1.40131
1.39919
1.39702
1.3948
1.39253
1.39022
1.38787
1.38548
1.38059
1.3781
1.37557
1.37303
1.37045
1.36786
1.36525
1.36262
1.35998
1.35467
1.352
1.34932
1.34664
1.34396
1.34128
1.3386
1.33593
1.33327
1.32796
1.32532
1.3227
1.32009
1.3175
1.31492
1.31237
1.30983
1.30731
1.30233
1.29988
1.29745
1.29505
1.29267
1.29032
1.288
1.2857
1.28342
1.27895
1.27675
1.27457
1.27243
1.27031
1.26821
1.26614
1.2641
1.26208
1.25812
1.25617
1.25426
1.25236
1.25049
1.24863
1.2468
1.24498
1.24319
1.23966
1.23793
1.23621
1.2345
1.23282
1.23114
1.22948
1.22784
1.22621
1.22298
1.22138
1.21979
1.21822
1.21665
1.21509
1.21354
1.212
1.21046
1.20742
1.2059
1.2044
1.2029
1.2014
1.19992
1.19844
1.19696
1.1955
1.19258
1.19114
1.1897
1.18827
1.18684
1.18543
1.18402
1.18262
1.18123
1.17848
1.17712
1.17577
1.17443
1.17311
1.1718
1.17051
1.16923
1.16797
1.16549
1.16428
1.16309
1.16191
1.16076
1.15962
1.1585
1.15741
1.15633
1.15425
1.15324
1.15225
1.15129
1.15035
1.14943
1.14854
1.14767
1.14682
1.1452
1.14442
1.14367
1.14294
1.14223
1.14155
1.14089
1.14025
1.13964
1.13846
1.13791
1.13737
1.13686
1.13636
1.13588
1.13542
1.13498
1.13455
1.13375
1.13337
1.13301
1.13266
1.13233
1.13201
1.1317
1.13141
1.13112
1.13059
1.13035
1.13011
1.12989
1.12967
1.12947
1.12929
1.12911
1.12894
1.12865
1.12852
1.1284
1.12829
1.1282
1.12812
1.12805
1.128
1.12796
1.12791
1.12791
1.12792
1.12795
1.12798
1.12803
1.1281
1.12817
1.12826
1.12848
1.12861
1.12875
1.12891
1.12907
1.12925
1.12943
1.12963
1.12983
1.13027
1.1305
1.13073
1.13097
1.13121
1.13146
1.13172
1.13197
1.13222
1.13273
1.13298
1.13324
1.13348
1.13373
1.13397
1.1342
1.13443
1.13464
1.13506
1.13525
1.13543
1.13561
1.13577
1.13593
1.13607
1.13621
1.13633
1.13655
1.13665
1.13674
1.13681
1.13689
1.13695
1.137
1.13706
1.1371
1.13719
1.13724
1.13728
1.13733
1.13737
1.13743
1.13749
1.13755
1.13763
1.13781
1.13792
1.13805
1.13819
1.13835
1.13853
1.13874
1.13896
1.13921
1.13978
1.14011
1.14047
1.14086
1.14128
1.14173
1.14221
1.14274
1.14329
1.14451
1.14518
1.14588
1.14662
1.1474
1.14822
1.14908
1.14997
1.15091
1.15289
1.15395
1.15504
1.15617
1.15734
1.15854
1.15979
1.16107
1.16239
1.16514
1.16656
1.16803
1.16952
1.17105
1.1726
1.17419
1.17581
1.17745
1.18081
1.18253
1.18428
1.18604
1.18783
1.18964
1.19147
1.19331
1.19517
1.19892
1.20081
1.20271
1.20462
1.20653
1.20845
1.21036
1.21228
1.2142
1.21802
1.21992
1.22182
1.2237
1.22557
1.22744
1.22928
1.23112
1.23293
1.2365
1.23826
1.23999
1.24169
1.24337
1.24502
1.24665
1.24824
1.2498
1.25283
1.2543
1.25573
1.25712
1.25848
1.2598
1.26109
1.26233
1.26353
1.26583
1.26691
1.26795
1.26896
1.26992
1.27084
1.27172
1.27256
1.27336
1.27483
1.27551
1.27614
1.27673
1.27727
1.27778
1.27824
1.27867
1.27905
1.2797
1.27996
1.28018
1.28037
1.28052
1.28063
1.2807
1.28073
1.28073
1.28062
1.28052
1.28038
1.28021
1.28
1.27976
1.2795
1.2792
1.27887
1.27813
1.27772
1.27729
1.27682
1.27633
1.27582
1.27528
1.27471
1.27413
1.27288
1.27223
1.27156
1.27086
1.27014
1.26941
1.26865
1.26788
1.26709
1.26545
1.26461
1.26375
1.26287
1.26198
1.26107
1.26014
1.25919
1.25823
1.25625
1.25523
1.25419
1.25314
1.25207
1.25099
1.24988
1.24876
1.24762
1.24528
1.24409
1.24288
1.24165
1.2404
1.23913
1.23784
1.23654
1.23522
1.23252
1.23114
1.22974
1.22833
1.22689
1.22545
1.22398
1.22251
1.22102
1.218
1.21648
1.21494
1.2134
1.21186
1.21031
1.20876
1.20721
1.20567
1.20259
1.20106
1.19954
1.19803
1.19654
1.19507
1.19363
1.1922
1.1908
1.18809
1.18678
1.18551
1.18427
1.18308
1.18193
1.18083
1.17978
1.17877
1.17691
1.17606
1.17526
1.17452
1.17384
1.17321
1.17265
1.17214
1.17169
1.17097
1.17071
1.1705
1.17036
1.17027
1.17024
1.17026
1.17034
1.17047
1.1709
1.17119
1.17152
1.1719
1.17233
1.1728
1.17332
1.17387
1.17446
1.17574
1.17643
1.17715
1.17789
1.17866
1.17945
1.18026
1.18109
1.18194
1.18367
1.18454
1.18543
1.18632
1.18721
1.1881
1.18899
1.18988
1.19076
1.19249
1.19333
1.19417
1.19498
1.19577
1.19655
1.1973
1.19802
1.19873
1.20005
1.20066
1.20125
1.2018
1.20232
1.2028
1.20324
1.20365
1.20402
1.20464
1.20489
1.2051
1.20527
1.2054
1.20549
1.20553
1.20553
1.20549
1.20528
1.20511
1.20489
1.20464
1.20434
1.204
1.20362
1.2032
1.20273
1.20169
1.20111
1.20049
1.19984
1.19915
1.19842
1.19766
1.19687
1.19604
1.19429
1.19338
1.19243
1.19146
1.19046
1.18944
1.1884
1.18733
1.18625
1.18402
1.18288
1.18173
1.18056
1.17938
1.17819
1.17699
1.17579
1.17458
1.17214
1.17092
1.16971
1.16849
1.16728
1.16607
1.16488
1.16369
1.16251
1.1602
1.15907
1.15795
1.15685
1.15577
1.15472
1.15369
1.15268
1.1517
1.14983
1.14894
1.14807
1.14725
1.14646
1.1457
1.14498
1.14431
1.14367
1.14252
1.14202
1.14156
1.14114
1.14078
1.14047
1.1402
1.14
1.13984
1.1397
1.13972
1.1398
1.13994
1.14014
1.14042
1.14075
1.14116
1.14163
1.14279
1.14348
1.14424
1.14508
1.14599
1.14698
1.14804
1.14918
1.15039
1.15303
1.15445
1.15595
1.15752
1.15915
1.16085
1.1626
1.16442
1.16629
1.1702
1.17222
1.17429
1.17639
1.17853
1.1807
1.1829
1.18513
1.18736
1.19188
1.19414
1.19641
1.19867
1.20092
1.20316
1.20538
1.20758
1.20975
1.21399
1.21605
1.21807
1.22005
1.22198
1.22385
1.22567
1.22743
1.22914
1.23236
1.23387
1.23532
1.23671
1.23803
1.23928
1.24046
1.24158
1.24263
1.24453
1.24538
1.24618
1.24691
1.24758
1.24819
1.24875
1.24925
1.2497
1.25045
1.25076
1.25102
1.25125
1.25144
1.2516
1.25173
1.25183
1.2519
1.25198
1.252
1.252
1.25199
1.25197
1.25195
1.25193
1.25191
1.25188
1.25185
1.25185
1.25185
1.25187
1.2519
1.25194
1.252
1.25208
1.25218
1.25243
1.25258
1.25275
1.25294
1.25315
1.25338
1.25363
1.2539
1.25418
1.2548
1.25513
1.25548
1.25584
1.25621
1.25659
1.25698
1.25737
1.25777
1.25858
1.25899
1.2594
1.2598
1.26019
1.26058
1.26097
1.26134
1.2617
1.26238
1.2627
1.26299
1.26327
1.26352
1.26375
1.26395
1.26413
1.26428
1.26449
1.26456
1.26459
1.26459
1.26456
1.26449
1.2644
1.26427
1.26411
1.26369
1.26344
1.26315
1.26283
1.26248
1.2621
1.2617
1.26127
1.26081
1.25983
1.25932
1.25878
1.25824
1.25768
1.25711
1.25653
1.25595
1.25536
1.2542
1.25362
1.25306
1.2525
1.25197
1.25145
1.25095
1.25048
1.25004
1.24926
1.24892
1.24863
1.24838
1.24817
1.24802
1.24792
1.24787
1.24788
1.24809
1.24828
1.24854
1.24887
1.24927
1.24973
1.25027
1.25087
1.25155
1.25311
1.25399
1.25494
1.25595
1.25703
1.25818
1.25938
1.26064
1.26196
1.26476
1.26623
1.26774
1.2693
1.27088
1.27251
1.27416
1.27583
1.27753
1.28096
1.28269
1.28443
1.28616
1.28788
1.2896
1.2913
1.29298
1.29464
1.29787
1.29944
1.30096
1.30244
1.30388
1.30526
1.30659
1.30787
1.30908
1.31132
1.31234
1.31328
1.31416
1.31496
1.31568
1.31633
1.3169
1.31739
1.31813
1.31838
1.31855
1.31864
1.31864
1.31857
1.31841
1.31817
1.31784
1.31696
1.3164
1.31576
1.31504
1.31424
1.31337
1.31243
1.31142
1.31034
1.30797
1.30669
1.30534
1.30394
1.30248
1.30096
1.29938
1.29776
1.29608
1.29259
1.29078
1.28894
1.28705
1.28514
1.28319
1.28121
1.27921
1.27719
1.27308
1.271
1.26891
1.26682
1.26472
1.26262
1.26052
1.25842
1.25632
1.25217
1.25011
1.24807
1.24605
1.24405
1.24208
1.24013
1.23821
1.23632
1.23263
1.23085
1.22909
1.22738
1.22571
1.22408
1.22248
1.22093
1.21941
1.21651
1.21511
1.21376
1.21245
1.21118
1.20994
1.20874
1.20758
1.20645
1.2043
1.20327
1.20227
1.20129
1.20033
1.19939
1.19848
1.19758
1.19669
1.19494
1.19408
1.19322
1.19236
1.19149
1.19063
1.18975
1.18887
1.18797
1.18614
1.18519
1.18423
1.18324
1.18222
1.18117
1.1801
1.179
1.17786
1.17549
1.17424
1.17296
1.17164
1.17028
1.16887
1.16743
1.16595
1.16442
1.16124
1.15959
1.1579
1.15618
1.15441
1.15261
1.15077
1.1489
1.147
1.14312
1.14115
1.13915
1.13714
1.13511
1.13308
1.13103
1.12898
1.12694
1.12286
1.12084
1.11883
1.11685
1.11489
1.11296
1.11107
1.10921
1.1074
1.10391
1.10225
1.10064
1.0991
1.09763
1.09622
1.09489
1.09363
1.09246
1.09035
1.08943
1.08859
1.08784
1.08719
1.08663
1.08616
1.08578
1.0855
1.08521
1.08521
1.08531
1.08549
1.08577
1.08614
1.0866
1.08715
1.08779
1.08933
1.09022
1.09119
1.09225
1.09338
1.09459
1.09587
1.09723
1.09865
1.1017
1.10332
1.10499
1.10673
1.10852
1.11036
1.11225
1.11419
1.11618
1.12028
1.12239
1.12454
1.12672
1.12893
1.13117
1.13344
1.13573
1.13804
1.14272
1.14509
1.14746
1.14985
1.15224
1.15464
1.15704
1.15945
1.16185
1.16665
1.16904
1.17142
1.17379
1.17614
1.17848
1.18081
1.18311
1.18539
1.18989
1.19211
1.19429
1.19645
1.19859
1.20069
1.20276
1.20479
1.20679
1.2107
1.21259
1.21445
1.21628
1.21806
1.21981
1.22152
1.22319
1.22482
1.22797
1.22949
1.23097
1.23241
1.23382
1.2352
1.23654
1.23785
1.23913
1.2416
1.24279
1.24395
1.24509
1.2462
1.24729
1.24835
1.2494
1.25043
1.25245
1.25344
1.25442
1.2554
1.25636
1.25732
1.25828
1.25923
1.26018
1.26209
1.26305
1.26401
1.26498
1.26596
1.26695
1.26794
1.26895
1.26996
1.27203
1.27308
1.27413
1.2752
1.27628
1.27736
1.27845
1.27954
1.28064
1.28284
1.28394
1.28503
1.28611
1.28718
1.28824
1.28928
1.2903
1.2913
1.29322
1.29414
1.29502
1.29586
1.29665
1.29741
1.29812
1.29878
1.29938
1.30043
1.30086
1.30124
1.30155
1.30179
1.30197
1.30208
1.30212
1.30209
1.30181
1.30156
1.30124
1.30086
1.3004
1.29987
1.29928
1.29862
1.29789
1.29625
1.29534
1.29437
1.29335
1.29227
1.29115
1.28998
1.28877
1.28752
1.28492
1.28357
1.2822
1.28081
1.2794
1.27797
1.27653
1.27508
1.27363
1.27073
1.26929
1.26785
1.26642
1.26501
1.26361
1.26223
1.26087
1.25952
1.25691
1.25564
1.2544
1.25319
1.25201
1.25085
1.24973
1.24863
1.24757
1.24553
1.24456
1.24362
1.24271
1.24183
1.24097
1.24014
1.23934
1.23856
1.23708
1.23637
1.23569
1.23502
1.23437
1.23375
1.23313
1.23254
1.23195
1.23083
1.23028
1.22974
1.22921
1.2287
1.22819
1.22769
1.2272
1.22672
1.22579
1.22534
1.2249
1.22446
1.22403
1.22361
1.2232
1.22279
1.2224
1.22164
1.22127
1.22091
1.22057
1.22023
1.21991
1.2196
1.2193
1.21901
1.21846
1.21821
1.21797
1.21775
1.21754
1.21735
1.21717
1.21701
1.21686
1.21661
1.2165
1.21641
1.21634
1.21628
1.21623
1.2162
1.21618
1.21618
1.2162
1.21623
1.21628
1.21633
1.21639
1.21646
1.21653
1.21662
1.21671
1.21691
1.21701
1.21712
1.21724
1.21735
1.21747
1.21759
1.2177
1.21782
1.21805
1.21816
1.21827
1.21838
1.21848
1.21858
1.21869
1.21879
1.21888
1.21907
1.21917
1.21926
1.21935
1.21944
1.21953
1.21962
1.21972
1.21981
1.22002
1.22013
1.22025
1.22038
1.22052
1.22067
1.22082
1.22099
1.22117
1.22158
1.22181
1.22206
1.22232
1.22261
1.22291
1.22324
1.22359
1.22396
1.22476
1.2252
1.22566
1.22614
1.22664
1.22717
1.22771
1.22828
1.22886
1.23008
1.23072
1.23137
1.23204
1.23272
1.23341
1.2341
1.23481
1.23552
1.23694
1.23765
1.23836
1.23905
1.23974
1.24042
1.24109
1.24173
1.24236
1.24355
1.24411
1.24464
1.24514
1.24561
1.24604
1.24644
1.24679
1.24711
1.24761
1.24779
1.24792
1.24801
1.24805
1.24804
1.24798
1.24786
1.24769
1.2472
1.24688
1.24651
1.24608
1.2456
1.24507
1.24449
1.24385
1.24317
1.24165
1.24083
1.23995
1.23904
1.23808
1.23708
1.23605
1.23497
1.23386
1.23154
1.23033
1.22908
1.22781
1.22651
1.22518
1.22382
1.22244
1.22103
1.21815
1.21668
1.21519
1.21367
1.21214
1.21059
1.20903
1.20744
1.20584
1.20259
1.20094
1.19927
1.19758
1.19588
1.19417
1.19244
1.19069
1.18893
1.18536
1.18356
1.18174
1.17991
1.17807
1.17621
1.17434
1.17247
1.17058
1.16678
1.16487
1.16295
1.16103
1.1591
1.15717
1.15524
1.15331
1.15138
1.14752
1.1456
1.14369
1.14178
1.13989
1.138
1.13613
1.13427
1.13244
1.12883
1.12705
1.12531
1.12359
1.12191
1.12025
1.11864
1.11705
1.11551
1.11255
1.11113
1.10976
1.10845
1.10718
1.10596
1.1048
1.1037
1.10265
1.10073
1.09986
1.09906
1.09832
1.09764
1.09704
1.0965
1.09603
1.09563
1.09504
1.09485
1.09474
1.0947
1.09474
1.09484
1.09502
1.09528
1.0956
1.09647
1.09701
1.09762
1.0983
1.09904
1.09985
1.10073
1.10167
1.10267
1.10487
1.10606
1.1073
1.1086
1.10995
1.11135
1.1128
1.1143
1.11585
1.11908
1.12076
1.12248
1.12423
1.12601
1.12783
1.12967
1.13155
1.13345
1.13733
1.1393
1.14128
1.14329
1.1453
1.14733
1.14937
1.15142
1.15348
1.15761
1.15967
1.16174
1.1638
1.16586
1.16792
1.16997
1.17201
1.17404
1.17806
1.18005
1.18203
1.18399
1.18594
1.18786
1.18977
1.19165
1.19351
1.19715
1.19894
1.20069
1.20242
1.20413
1.2058
1.20745
1.20906
1.21064
1.21371
1.2152
1.21666
1.21808
1.21947
1.22083
1.22215
1.22345
1.22471
1.22714
1.2283
1.22944
1.23055
1.23164
1.23269
1.23372
1.23473
1.23572
1.23764
1.23857
1.23948
1.24038
1.24127
1.24215
1.24302
1.24389
1.24475
1.24646
1.24731
1.24817
1.24903
1.24989
1.25076
1.25163
1.25251
1.25341
1.25522
1.25614
1.25708
1.25802
1.25897
1.25993
1.2609
1.26187
1.26285
1.26482
1.26581
1.26679
1.26777
1.26874
1.26971
1.27065
1.27159
1.2725
1.27426
1.27509
1.27589
1.27666
1.27739
1.27807
1.27871
1.27929
1.27982
1.28071
1.28107
1.28136
1.28158
1.28174
1.28182
1.28183
1.28177
1.28162
1.2811
1.28073
1.28027
1.27973
1.27911
1.27842
1.27765
1.2768
1.27587
1.2738
1.27266
1.27145
1.27017
1.26883
1.26743
1.26597
1.26446
1.26289
1.25961
1.2579
1.25615
1.25437
1.25256
1.25072
1.24886
1.24698
1.24509
1.24126
1.23934
1.23742
1.2355
1.23359
1.23169
1.22981
1.22795
1.2261
1.2225
1.22074
1.21902
1.21733
1.21569
1.21409
1.21254
1.21103
1.20958
1.20682
1.20553
1.20429
1.20312
1.202
1.20095
1.19997
1.19905
1.19819
1.19667
1.19601
1.19541
1.19489
1.19443
1.19403
1.19371
1.19345
1.19326
1.19307
1.19308
1.19315
1.19328
1.19348
1.19373
1.19405
1.19442
1.19485
1.19588
1.19648
1.19713
1.19783
1.19858
1.19937
1.20021
1.20109
1.20202
1.204
1.20504
1.20611
1.20722
1.20836
1.20953
1.21072
1.21193
1.21317
1.2157
1.21699
1.21829
1.21961
1.22093
1.22227
1.2236
1.22494
1.22629
1.22897
1.23031
1.23164
1.23297
1.23428
1.23559
1.23688
1.23816
1.23943
1.2419
1.2431
1.24428
1.24543
1.24656
1.24766
1.24874
1.24978
1.25078
1.25268
1.25357
1.25443
1.25523
1.256
1.25672
1.25739
1.25801
1.25859
1.25958
1.26
1.26036
1.26067
1.26092
1.2611
1.26123
1.26129
1.26129
1.2611
1.2609
1.26064
1.26031
1.25991
1.25944
1.25891
1.2583
1.25763
1.25607
1.25519
1.25424
1.25322
1.25214
1.25099
1.24977
1.2485
1.24716
1.2443
1.24278
1.24121
1.23959
1.23791
1.23619
1.23442
1.23261
1.23075
1.22694
1.22498
1.22299
1.22097
1.21894
1.21688
1.21481
1.21273
1.21064
1.20645
1.20436
1.20228
1.20021
1.19817
1.19615
1.19415
1.19218
1.19025
1.1865
1.18469
1.18293
1.18123
1.17959
1.17802
1.17651
1.17507
1.1737
1.17122
1.1701
1.16907
1.16813
1.16728
1.16653
1.16588
1.16533
1.16488
1.16428
1.16414
1.16411
1.16418
1.16435
1.16464
1.16502
1.16552
1.16611
1.16762
1.16852
1.16952
1.17061
1.1718
1.17308
1.17445
1.1759
1.17743
1.18074
1.1825
1.18433
1.18623
1.18819
1.19021
1.19229
1.19441
1.19659
1.20107
1.20336
1.20569
1.20804
1.21042
1.21283
1.21525
1.21768
1.22013
1.22504
1.2275
1.22995
1.2324
1.23483
1.23726
1.23966
1.24204
1.2444
1.24903
1.2513
1.25354
1.25574
1.25789
1.26001
1.26208
1.2641
1.26607
1.26986
1.27167
1.27342
1.27511
1.27674
1.27831
1.27982
1.28126
1.28263
1.28517
1.28633
1.28742
1.28843
1.28938
1.29024
1.29104
1.29175
1.29239
1.29344
1.29384
1.29417
1.29441
1.29458
1.29466
1.29467
1.29459
1.29443
1.29388
1.29349
1.29301
1.29245
1.29182
1.2911
1.29031
1.28943
1.28849
1.28636
1.28519
1.28394
1.28262
1.28123
1.27977
1.27824
1.27665
1.27499
1.27149
1.26966
1.26777
1.26583
1.26383
1.26179
1.25971
1.25759
1.25542
1.25099
1.24873
1.24644
1.24413
1.2418
1.23945
1.23709
1.23472
1.23234
1.22757
1.22519
1.22282
1.22046
1.2181
1.21577
1.21345
1.21115
1.20888
1.20442
1.20223
1.20007
1.19794
1.19585
1.1938
1.19179
1.18981
1.18788
1.18413
1.18232
1.18055
1.17883
1.17715
1.17551
1.1739
1.17234
1.17082
1.16789
1.16647
1.16509
1.16374
1.16242
1.16113
1.15986
1.15861
1.15738
1.15498
1.15381
1.15264
1.15148
1.15034
1.1492
1.14806
1.14693
1.14579
1.14351
1.14237
1.14122
1.14006
1.13889
1.13772
1.13654
1.13535
1.13415
1.13172
1.13049
1.12926
1.12802
1.12677
1.12552
1.12427
1.12302
1.12177
1.11928
1.11804
1.11681
1.11559
1.11439
1.1132
1.11203
1.11088
1.10975
1.10757
1.10653
1.10552
1.10454
1.10361
1.10271
1.10185
1.10103
1.10026
1.09886
1.09823
1.09766
1.09714
1.09667
1.09625
1.09589
1.09559
1.09534
1.09502
1.09494
1.09492
1.09496
1.09505
1.09519
1.0954
1.09565
1.09597
1.09675
1.09723
1.09776
1.09834
1.09898
1.09967
1.10041
1.10121
1.10206
1.10392
1.10492
1.10598
1.10709
1.10825
1.10946
1.11072
1.11203
1.1134
1.11628
1.11779
1.11936
1.12098
1.12265
1.12437
1.12613
1.12795
1.12981
1.13366
1.13566
1.13769
1.13977
1.14189
1.14405
1.14624
1.14846
1.15072
1.15533
1.15767
1.16004
1.16243
1.16483
1.16725
1.16968
1.17212
1.17456
1.17946
1.1819
1.18434
1.18677
1.18918
1.19158
1.19395
1.1963
1.19862
1.20317
1.20539
1.20757
1.2097
1.21179
1.21382
1.2158
1.21773
1.21959
1.22313
1.2248
1.22639
1.22792
1.22937
1.23075
1.23204
1.23326
1.2344
1.23642
1.23731
1.23811
1.23883
1.23946
1.24001
1.24048
1.24086
1.24116
1.24152
1.24158
1.24155
1.24145
1.24128
1.24103
1.24072
1.24033
1.23988
1.23879
1.23816
1.23748
1.23675
1.23597
1.23515
1.23429
1.23339
1.23246
1.23053
1.22953
1.22852
1.22749
1.22646
1.22542
1.22439
1.22337
1.22235
1.22035
1.21939
1.21845
1.21753
1.21666
1.21581
1.21501
1.21425
1.21353
1.21224
1.21167
1.21115
1.21069
1.21029
1.20996
1.20968
1.20946
1.20931
1.20921
1.20925
1.20936
1.20954
1.20978
1.21009
1.21046
1.21089
1.21139
1.21256
1.21323
1.21396
1.21475
1.21558
1.21646
1.21739
1.21837
1.21938
1.22152
1.22263
1.22378
1.22495
1.22614
1.22735
1.22857
1.22981
1.23105
1.23356
1.23481
1.23605
1.23729
1.23851
1.23971
1.24089
1.24205
1.24318
1.24536
1.24639
1.24739
1.24835
1.24926
1.25012
1.25093
1.25169
1.2524
1.25365
1.25418
1.25465
1.25506
1.25541
1.25569
1.2559
1.25604
1.25611
1.25605
1.25591
1.2557
1.25541
1.25506
1.25464
1.25414
1.25358
1.25295
1.25148
1.25064
1.24974
1.24878
1.24776
1.24668
1.24554
1.24434
1.24309
1.24044
1.23904
1.2376
1.23612
1.2346
1.23305
1.23146
1.22984
1.2282
1.22485
1.22315
1.22144
1.21972
1.218
1.21628
1.21457
1.21286
1.21117
1.20783
1.20619
1.20457
1.20298
1.20143
1.19991
1.19843
1.19699
1.1956
1.19297
1.19173
1.19055
1.18943
1.18836
1.18736
1.18643
1.18556
1.18475
1.18335
1.18275
1.18222
1.18175
1.18136
1.18103
1.18078
1.18058
1.18046
1.18039
1.18044
1.18055
1.18072
1.18093
1.1812
1.1815
1.18185
1.18224
1.18311
1.18359
1.18409
1.18461
1.18514
1.18569
1.18625
1.1868
1.18736
1.18846
1.18899
1.18951
1.19
1.19048
1.19093
1.19135
1.19174
1.19209
1.19269
1.19292
1.19311
1.19325
1.19335
1.1934
1.1934
1.19335
1.19325
1.19289
1.19263
1.19233
1.19197
1.19157
1.19112
1.19062
1.19008
1.1895
1.18821
1.18752
1.18679
1.18602
1.18523
1.18442
1.18358
1.18273
1.18185
1.18008
1.17919
1.17829
1.1774
1.17652
1.17565
1.17479
1.17395
1.17312
1.17155
1.1708
1.17009
1.16941
1.16877
1.16817
1.1676
1.16709
1.16661
1.1658
1.16546
1.16518
1.16495
1.16476
1.16463
1.16455
1.16451
1.16453
1.16471
1.16487
1.16508
1.16533
1.16562
1.16596
1.16633
1.16674
1.16718
1.16817
1.16871
1.16927
1.16986
1.17047
1.17109
1.17174
1.1724
1.17307
1.17444
1.17512
1.17581
1.1765
1.17718
1.17786
1.17853
1.1792
1.17985
1.18111
1.18171
1.1823
1.18286
1.18341
1.18393
1.18442
1.18489
1.18534
1.18614
1.18649
1.18682
1.18711
1.18738
1.18761
1.18781
1.18797
1.18811
1.18828
1.18832
1.18832
1.18829
1.18822
1.18813
1.188
1.18784
1.18765
1.18718
1.1869
1.18659
1.18626
1.1859
1.18551
1.1851
1.18467
1.18422
1.18325
1.18274
1.18221
1.18167
1.18111
1.18055
1.17997
1.17939
1.17879
1.17759
1.17699
1.17638
1.17578
1.17518
1.17459
1.174
1.17342
1.17285
1.17175
1.17122
1.1707
1.17021
1.16973
1.16927
1.16884
1.16843
1.16805
1.16737
1.16708
1.16681
1.16658
1.16638
1.16622
1.16609
1.166
1.16595
1.16595
1.166
1.1661
1.16623
1.1664
1.16661
1.16685
1.16713
1.16744
1.16817
1.16858
1.16902
1.1695
1.17
1.17053
1.17108
1.17165
1.17225
1.17349
1.17414
1.17479
1.17546
1.17613
1.17681
1.17748
1.17816
1.17883
1.18016
1.18081
1.18144
1.18206
1.18266
1.18325
1.18381
1.18435
1.18487
1.18583
1.18627
1.18668
1.18707
1.18742
1.18775
1.18804
1.18831
1.18855
1.18896
1.18912
1.18926
1.18938
1.18948
1.18956
1.18962
1.18967
1.1897
1.18975
1.18976
1.18977
1.18978
1.1898
1.18983
1.18986
1.18991
1.18997
1.19016
1.19028
1.19043
1.19061
1.19082
1.19106
1.19133
1.19165
1.192
1.19281
1.19329
1.1938
1.19436
1.19497
1.19562
1.19632
1.19707
1.19787
1.1996
1.20054
1.20152
1.20256
1.20363
1.20476
1.20592
1.20714
1.20839
1.21102
1.2124
1.21381
1.21526
1.21675
1.21827
1.21982
1.22141
1.22303
1.22634
1.22804
1.22976
1.2315
1.23327
1.23505
1.23686
1.23868
1.24052
1.24424
1.24611
1.248
1.24991
1.25182
1.25374
1.25566
1.2576
1.25953
1.26342
1.26537
1.26732
1.26928
1.27123
1.27317
1.27512
1.27706
1.279
1.28285
1.28476
1.28667
1.28857
1.29046
1.29233
1.29419
1.29604
1.29787
1.30149
1.30327
1.30504
1.3068
1.30853
1.31025
1.31195
1.31363
1.31529
1.31856
1.32017
1.32176
1.32333
1.32488
1.32641
1.32793
1.32943
1.33091
1.33382
1.33525
1.33667
1.33808
1.33947
1.34085
1.34222
1.34359
1.34494
1.34763
1.34896
1.35029
1.35162
1.35294
1.35426
1.35558
1.3569
1.35822
1.36087
1.36219
1.36352
1.36485
1.36619
1.36752
1.36886
1.3702
1.37154
1.37422
1.37556
1.3769
1.37824
1.37957
1.3809
1.38222
1.38353
1.38484
1.38742
1.38869
1.38994
1.39118
1.3924
1.3936
1.39478
1.39594
1.39706
1.39923
1.40026
1.40126
1.40222
1.40313
1.404
1.40483
1.40561
1.40634
1.40764
1.4082
1.4087
1.40914
1.40951
1.40981
1.41004
1.41019
1.41027
1.41019
1.41002
1.40977
1.40944
1.40902
1.40851
1.40791
1.40722
1.40643
1.40456
1.40349
1.40231
1.40102
1.39964
1.39815
1.39656
1.39486
1.39306
1.38913
1.38701
1.38478
1.38245
1.38001
1.37746
1.37481
1.37205
1.36918
1.36314
1.35997
1.35669
1.35331
1.34984
1.34627
1.34261
1.33886
1.33502
1.32708
1.32298
1.3188
1.31455
1.31023
1.30583
1.30137
1.29684
1.29225
1.2829
1.27814
1.27334
1.26849
1.2636
1.25867
1.25372
1.24873
1.24373
1.23366
1.22861
1.22355
1.21849
1.21344
1.20839
1.20335
1.19833
1.19332
1.18339
1.17847
1.1736
1.16876
1.16397
1.15923
1.15455
1.14993
1.14537
1.13647
1.13212
1.12786
1.12368
1.11959
1.11558
1.11167
1.10785
1.10413
1.097
1.09359
1.09029
1.0871
1.08403
1.08107
1.07822
1.0755
1.07289
1.06804
1.0658
1.06368
1.06168
1.05981
1.05805
1.05642
1.05491
1.05353
1.05111
1.05009
1.04917
1.04838
1.04771
1.04715
1.0467
1.04636
1.04613
1.04599
1.04607
1.04625
1.04653
1.04691
1.04737
1.04792
1.04856
1.04928
1.05096
1.05191
1.05294
1.05402
1.05517
1.05638
1.05764
1.05896
1.06032
1.06317
1.06466
1.06617
1.06772
1.06928
1.07087
1.07247
1.07408
1.0757
1.07894
1.08056
1.08216
1.08376
1.08533
1.08689
1.08843
1.08993
1.09141
1.09425
1.09562
1.09694
1.09821
1.09943
1.1006
1.10172
1.10278
1.10378
1.1056
1.10641
1.10716
1.10784
1.10845
1.109
1.10947
1.10988
1.11022
1.11069
1.11083
1.11091
1.11091
1.11086
1.11074
1.11056
1.11033
1.11004
1.10931
1.10887
1.10839
1.10787
1.10731
1.10672
1.10611
1.10547
1.10481
1.10345
1.10276
1.10207
1.10138
1.1007
1.10003
1.09938
1.09875
1.09815
1.09705
1.09655
1.09609
1.09568
1.09533
1.09503
1.09478
1.0946
1.09448
1.09445
1.09454
1.09471
1.09495
1.09527
1.09567
1.09614
1.0967
1.09733
1.09885
1.09972
1.10068
1.10171
1.10283
1.10402
1.10529
1.10664
1.10806
1.11111
1.11275
1.11445
1.11621
1.11804
1.11993
1.12188
1.12389
1.12595
1.13023
1.13244
1.13469
1.13699
1.13932
1.14169
1.1441
1.14653
1.149
1.15402
1.15656
1.15912
1.16169
1.16428
1.16689
1.16951
1.17213
1.17477
1.18006
1.18271
1.18536
1.18802
1.19067
1.19333
1.19598
1.19862
1.20127
1.20653
1.20916
1.21177
1.21438
1.21698
1.21957
1.22215
1.22472
1.22728
1.23236
1.23488
1.23738
1.23987
1.24233
1.24478
1.24722
1.24963
1.25202
1.25675
1.25907
1.26137
1.26364
1.26589
1.2681
1.27029
1.27245
1.27457
1.27872
1.28074
1.28273
1.28467
1.28657
1.28844
1.29025
1.29203
1.29376
1.29707
1.29866
1.3002
1.30169
1.30312
1.30451
1.30585
1.30713
1.30836
1.31066
1.31173
1.31274
1.3137
1.3146
1.31545
1.31624
1.31698
1.31765
1.31883
1.31934
1.31979
1.32018
1.32052
1.3208
1.32103
1.3212
1.32131
1.32137
1.32131
1.32119
1.32101
1.32078
1.32049
1.32013
1.31972
1.31926
1.31815
1.31751
1.31682
1.31606
1.31525
1.31438
1.31345
1.31246
1.31141
1.30913
1.3079
1.30662
1.30527
1.30387
1.30241
1.30089
1.29931
1.29768
1.29423
1.29242
1.29055
1.28863
1.28665
1.28461
1.28252
1.28038
1.27819
1.27365
1.2713
1.2689
1.26645
1.26395
1.26141
1.25883
1.25619
1.25352
1.24805
1.24526
1.24243
1.23957
1.23668
1.23376
1.23081
1.22783
1.22483
1.21876
1.2157
1.21262
1.20953
1.20643
1.20332
1.2002
1.19708
1.19395
1.18769
1.18457
1.18145
1.17835
1.17525
1.17218
1.16912
1.16608
1.16307
1.15712
1.1542
1.15131
1.14846
1.14566
1.1429
1.14019
1.13752
1.13492
1.12989
1.12747
1.12512
1.12285
1.12065
1.11853
1.11649
1.11454
1.11268
1.10924
1.10768
1.10621
1.10485
1.1036
1.10246
1.10143
1.10052
1.09973
1.0985
1.09807
1.09776
1.09758
1.09751
1.09757
1.09775
1.09805
1.09847
1.09967
1.10044
1.10133
1.10232
1.10343
1.10463
1.10594
1.10734
1.10884
1.11209
1.11384
1.11567
1.11757
1.11954
1.12157
1.12365
1.12579
1.12797
1.13245
1.13474
1.13706
1.13941
1.14177
1.14414
1.14652
1.1489
1.15129
1.15604
1.1584
1.16074
1.16306
1.16536
1.16763
1.16987
1.17208
1.17425
1.17847
1.18051
1.18251
1.18445
1.18635
1.1882
1.18999
1.19173
1.19341
1.19661
1.19812
1.19957
1.20097
1.2023
1.20358
1.2048
1.20597
1.20708
1.20913
1.21008
1.21098
1.21183
1.21263
1.21339
1.21411
1.21478
1.21542
1.21658
1.21711
1.21762
1.2181
1.21855
1.21899
1.21941
1.21981
1.22021
1.22096
1.22133
1.2217
1.22207
1.22244
1.22282
1.22321
1.22361
1.22402
1.22487
1.22533
1.2258
1.22629
1.2268
1.22733
1.22788
1.22845
1.22904
1.2303
1.23096
1.23164
1.23235
1.23307
1.23382
1.23458
1.23537
1.23618
1.23784
1.2387
1.23957
1.24046
1.24136
1.24228
1.2432
1.24413
1.24507
1.24698
1.24794
1.24891
1.24988
1.25085
1.25182
1.2528
1.25377
1.25475
1.25668
1.25765
1.2586
1.25956
1.2605
1.26144
1.26237
1.26329
1.2642
1.26599
1.26687
1.26773
1.26859
1.26943
1.27026
1.27107
1.27187
1.27266
1.27418
1.27492
1.27564
1.27634
1.27703
1.2777
1.27836
1.279
1.27962
1.28082
1.28139
1.28195
1.28248
1.28301
1.28351
1.284
1.28447
1.28493
1.2858
1.28621
1.28661
1.28699
1.28736
1.28772
1.28807
1.2884
1.28873
1.28934
1.28962
1.2899
1.29017
1.29043
1.29068
1.29093
1.29116
1.29139
1.29182
1.29203
1.29222
1.29241
1.29259
1.29276
1.29292
1.29307
1.29322
1.29349
1.29361
1.29372
1.29383
1.29392
1.29401
1.29408
1.29415
1.2942
1.29428
1.29431
1.29432
1.29432
1.29432
1.2943
1.29427
1.29423
1.29418
1.29405
1.29398
1.29389
1.2938
1.2937
1.29359
1.29348
1.29336
1.29323
1.29296
1.29283
1.29268
1.29254
1.29241
1.29227
1.29214
1.29201
1.29188
1.29166
1.29156
1.29147
1.29139
1.29133
1.29127
1.29123
1.29121
1.2912
1.29123
1.29128
1.29135
1.29144
1.29155
1.29167
1.29182
1.29199
1.29218
1.29262
1.29287
1.29313
1.29341
1.29371
1.29402
1.29435
1.29468
1.29503
1.29574
1.2961
1.29646
1.29682
1.29717
1.29752
1.29785
1.29817
1.29848
1.29904
1.29928
1.2995
1.29968
1.29984
1.29996
1.30004
1.30008
1.30008
1.29994
1.2998
1.2996
1.29935
1.29905
1.29869
1.29827
1.2978
1.29726
1.29602
1.2953
1.29453
1.2937
1.29281
1.29186
1.29086
1.28981
1.2887
1.28632
1.28506
1.28375
1.2824
1.28101
1.27958
1.27811
1.27661
1.27508
1.27195
1.27034
1.26872
1.26709
1.26545
1.26379
1.26214
1.26048
1.25882
1.25554
1.25391
1.2523
1.25071
1.24914
1.2476
1.24608
1.2446
1.24315
1.24036
1.23902
1.23773
1.23648
1.23528
1.23412
1.23302
1.23197
1.23097
1.22913
1.2283
1.22753
1.22681
1.22616
1.22556
1.22502
1.22455
1.22414
1.22349
1.22326
1.22308
1.22297
1.22291
1.22292
1.22298
1.22309
1.22326
1.22376
1.22409
1.22447
1.22489
1.22536
1.22588
1.22644
1.22703
1.22767
1.22905
1.22978
1.23054
1.23132
1.23213
1.23295
1.23379
1.23464
1.2355
1.23723
1.2381
1.23895
1.2398
1.24064
1.24146
1.24227
1.24305
1.2438
1.24522
1.24587
1.24648
1.24704
1.24755
1.24801
1.24841
1.24875
1.24903
1.24938
1.24944
1.24943
1.24934
1.24916
1.2489
1.24854
1.2481
1.24756
1.24619
1.24536
1.24442
1.24338
1.24224
1.24098
1.23963
1.23816
1.23658
1.2331
1.2312
1.22918
1.22705
1.22481
1.22247
1.22002
1.21746
1.21479
1.20915
1.20618
1.20312
1.19996
1.19672
1.19338
1.18997
1.18648
1.18291
1.17557
1.17181
1.16799
1.16413
1.16021
1.15626
1.15227
1.14825
1.14421
1.13609
1.13201
1.12794
1.12388
1.11983
1.1158
1.11179
1.10782
1.10389
1.09616
1.09237
1.08864
1.08498
1.08139
1.07786
1.07442
1.07106
1.06779
1.06152
1.05853
1.05565
1.05286
1.05018
1.04761
1.04515
1.0428
1.04057
1.03644
1.03455
1.03277
1.03111
1.02957
1.02815
1.02684
1.02565
1.02458
1.02278
1.02206
1.02145
1.02095
1.02057
1.0203
1.02014
1.02008
1.02014
1.02057
1.02094
1.02141
1.02199
1.02266
1.02342
1.02429
1.02525
1.02629
1.02866
1.02997
1.03137
1.03285
1.03441
1.03605
1.03777
1.03955
1.0414
1.04531
1.04735
1.04945
1.0516
1.05381
1.05606
1.05835
1.06069
1.06307
1.06792
1.07039
1.07288
1.07539
1.07791
1.08044
1.08298
1.08552
1.08805
1.0931
1.0956
1.09808
1.10054
1.10297
1.10537
1.10772
1.11004
1.11231
1.1167
1.1188
1.12085
1.12282
1.12473
1.12656
1.12831
1.12998
1.13156
1.13445
1.13576
1.13696
1.13806
1.13905
1.13994
1.14071
1.14137
1.14192
1.14266
1.14285
1.14292
1.14287
1.14269
1.1424
1.14198
1.14143
1.14077
1.13908
1.13805
1.13691
1.13565
1.13427
1.13278
1.13119
1.12949
1.12768
1.12378
1.12169
1.11952
1.11726
1.11494
1.11254
1.11008
1.10756
1.10499
1.09973
1.09705
1.09434
1.09162
1.08888
1.08615
1.08342
1.0807
1.078
1.0727
1.07011
1.06757
1.06508
1.06266
1.06031
1.05804
1.05586
1.05376
1.04987
1.04809
1.04642
1.04488
1.04346
1.04216
1.04101
1.03999
1.03911
1.0378
1.03737
1.0371
1.03698
1.03702
1.03722
1.03758
1.0381
1.03879
1.04066
1.04184
1.04317
1.04467
1.04633
1.04815
1.05012
1.05225
1.05453
1.05954
1.06226
1.06512
1.06813
1.07126
1.07453
1.07793
1.08145
1.08509
1.0927
1.09667
1.10074
1.1049
1.10916
1.1135
1.11791
1.12241
1.12697
1.13627
1.141
1.14579
1.15061
1.15547
1.16036
1.16528
1.17022
1.17517
1.18511
1.19007
1.19504
1.19999
1.20493
1.20985
1.21475
1.21962
1.22446
1.23402
1.23874
1.24342
1.24804
1.25262
1.25714
1.26159
1.26599
1.27032
1.27877
1.2829
1.28694
1.29092
1.29482
1.29864
1.30238
1.30604
1.30962
1.31653
1.31986
1.3231
1.32626
1.32933
1.33232
1.33523
1.33805
1.34078
1.346
1.34849
1.35089
1.35322
1.35546
1.35762
1.35971
1.36172
1.36365
1.36729
1.369
1.37064
1.37221
1.37371
1.37514
1.37652
1.37783
1.37908
1.38139
1.38247
1.38349
1.38446
1.38537
1.38623
1.38705
1.38782
1.38854
1.38987
1.39047
1.39103
1.39156
1.39205
1.3925
1.39291
1.3933
1.39365
1.39425
1.39451
1.39474
1.39493
1.3951
1.39523
1.39534
1.39542
1.39547
1.39548
1.39544
1.39538
1.39528
1.39516
1.395
1.39481
1.39459
1.39434
1.39374
1.39339
1.393
1.39258
1.39212
1.39163
1.3911
1.39053
1.38992
1.38859
1.38787
1.3871
1.38629
1.38543
1.38454
1.3836
1.38262
1.38159
1.37942
1.37827
1.37707
1.37583
1.37455
1.37323
1.37186
1.37045
1.369
1.36598
1.36441
1.3628
1.36115
1.35946
1.35773
1.35597
1.35418
1.35235
1.34859
1.34666
1.34471
1.34273
1.34072
1.33868
1.33662
1.33454
1.33243
1.32815
1.32597
1.32378
1.32157
1.31935
1.31711
1.31485
1.31258
1.31029
1.30568
1.30336
1.30103
1.29869
1.29634
1.29399
1.29163
1.28925
1.28688
1.2821
1.27971
1.2773
1.27489
1.27247
1.27004
1.26761
1.26518
1.26273
1.25783
1.25537
1.25291
1.25043
1.24796
1.24548
1.24299
1.24049
1.23799
1.23297
1.23045
1.22793
1.2254
1.22286
1.22033
1.21778
1.21523
1.21268
1.20757
1.20501
1.20245
1.19988
1.19732
1.19476
1.1922
1.18964
1.18709
1.18199
1.17945
1.17692
1.1744
1.1719
1.16941
1.16693
1.16448
1.16204
1.15724
1.15488
1.15255
1.15025
1.14799
1.14576
1.14357
1.14143
1.13933
1.13527
1.13333
1.13145
1.12962
1.12786
1.12617
1.12454
1.12299
1.12151
1.11879
1.11755
1.1164
1.11534
1.11437
1.1135
1.11272
1.11205
1.11147
1.11063
1.11036
1.11021
1.11017
1.11023
1.11041
1.1107
1.11111
1.11163
1.11301
1.11387
1.11485
1.11593
1.11713
1.11844
1.11986
1.12139
1.12302
1.1266
1.12854
1.13058
1.13271
1.13493
1.13723
1.13962
1.14209
1.14464
1.14994
1.15269
1.15549
1.15835
1.16125
1.1642
1.16719
1.17021
1.17327
1.17944
1.18254
1.18566
1.18878
1.19189
1.19499
1.19809
1.20116
1.20421
1.21022
1.21316
1.21607
1.21892
1.22172
1.22447
1.22715
1.22977
1.23232
1.2372
1.23952
1.24176
1.24391
1.24597
1.24795
1.24983
1.25161
1.2533
1.25637
1.25775
1.25902
1.26019
1.26124
1.26219
1.26302
1.26375
1.26436
1.26526
1.26554
1.26571
1.26577
1.26572
1.26557
1.26531
1.26494
1.26447
1.26322
1.26244
1.26156
1.26059
1.25953
1.25837
1.25713
1.2558
1.25439
1.25134
1.24971
1.248
1.24623
1.2444
1.24252
1.24058
1.23859
1.23656
1.23238
1.23024
1.22807
1.22588
1.22367
1.22145
1.21922
1.21698
1.21474
1.21027
1.20805
1.20585
1.20366
1.2015
1.19936
1.19725
1.19517
1.19313
1.18916
1.18723
1.18535
1.18352
1.18173
1.18
1.17832
1.17669
1.17511
1.17213
1.17071
1.16936
1.16806
1.16682
1.16563
1.1645
1.16343
1.16242
1.16058
1.15975
1.15897
1.15825
1.15759
1.15699
1.15644
1.15595
1.15552
1.15482
1.15456
1.15435
1.1542
1.1541
1.15405
1.15406
1.15412
1.15423
1.1546
1.15486
1.15517
1.15553
1.15593
1.15638
1.15687
1.15741
1.15799
1.15927
1.15997
1.16071
1.16147
1.16227
1.1631
1.16396
1.16484
1.16575
1.16764
1.16862
1.16961
1.17062
1.17164
1.17268
1.17372
1.17478
1.17584
1.17798
1.17906
1.18014
1.18122
1.18231
1.18339
1.18447
1.18556
1.18664
1.18879
1.18987
1.19094
1.19201
1.19307
1.19414
1.19519
1.19625
1.1973
1.1994
1.20045
1.2015
1.20255
1.2036
1.20465
1.20571
1.20676
1.20781
1.20993
1.21099
1.21205
1.21312
1.21418
1.21525
1.21632
1.2174
1.21848
1.22063
1.22171
1.2228
1.22388
1.22497
1.22606
1.22714
1.22822
1.22929
1.23143
1.23248
1.23353
1.23456
1.23558
1.23659
1.23758
1.23855
1.23951
1.24135
1.24224
1.2431
1.24393
1.24473
1.2455
1.24624
1.24694
1.2476
1.24881
1.24936
1.24986
1.25032
1.25073
1.2511
1.25142
1.25169
1.2519
1.25219
1.25225
1.25225
1.2522
1.2521
1.25194
1.25172
1.25145
1.25112
1.2503
1.24981
1.24927
1.24867
1.24802
1.24733
1.24658
1.24579
1.24496
1.24316
1.2422
1.2412
1.24016
1.2391
1.23801
1.23689
1.23574
1.23458
1.2322
1.231
1.22979
1.22857
1.22736
1.22615
1.22494
1.22375
1.22256
1.22025
1.21913
1.21804
1.21698
1.21595
1.21496
1.214
1.21309
1.21223
1.21066
1.20995
1.2093
1.20872
1.20819
1.20773
1.20733
1.207
1.20674
1.20642
1.20636
1.20637
1.20646
1.20661
1.20684
1.20713
1.20749
1.20792
1.20898
1.20961
1.21029
1.21104
1.21185
1.21271
1.21362
1.21459
1.2156
1.21776
1.2189
1.22007
1.22128
1.22252
1.22379
1.22509
1.2264
1.22773
1.23044
1.23181
1.23319
1.23456
1.23594
1.23731
1.23867
1.24003
1.24137
1.24402
1.24531
1.24658
1.24782
1.24904
1.25023
1.2514
1.25253
1.25363
1.25572
1.2567
1.25765
1.25856
1.25942
1.26025
1.26103
1.26177
1.26246
1.26372
1.26428
1.2648
1.26528
1.26571
1.2661
1.26645
1.26676
1.26702
1.26742
1.26756
1.26766
1.26772
1.26775
1.26773
1.26768
1.26758
1.26745
1.26708
1.26684
1.26657
1.26625
1.26591
1.26553
1.26511
1.26466
1.26418
1.2631
1.26251
1.26188
1.26122
1.26052
1.25978
1.25901
1.2582
1.25734
1.25552
1.25455
1.25354
1.2525
1.25141
1.25028
1.24911
1.24789
1.24664
1.24399
1.24261
1.24118
1.23971
1.2382
1.23664
1.23505
1.2334
1.23172
1.22822
1.22641
1.22456
1.22267
1.22075
1.21879
1.21679
1.21476
1.21269
1.20847
1.20632
1.20414
1.20193
1.1997
1.19745
1.19518
1.1929
1.1906
1.18596
1.18362
1.18128
1.17893
1.17658
1.17422
1.17187
1.16951
1.16716
1.16247
1.16014
1.15781
1.1555
1.1532
1.15091
1.14864
1.14639
1.14416
1.13977
1.13761
1.13548
1.13337
1.1313
1.12926
1.12725
1.12527
1.12333
1.11956
1.11773
1.11595
1.11421
1.11251
1.11086
1.10925
1.1077
1.10619
1.10332
1.10197
1.10066
1.09942
1.09822
1.09709
1.09601
1.095
1.09404
1.09231
1.09153
1.09082
1.09017
1.08959
1.08907
1.08861
1.08822
1.08789
1.08744
1.08731
1.08725
1.08726
1.08733
1.08747
1.08768
1.08796
1.0883
1.08918
1.08972
1.09033
1.09101
1.09175
1.09256
1.09344
1.09438
1.09539
1.09759
1.09879
1.10005
1.10137
1.10274
1.10418
1.10567
1.10722
1.10883
1.11219
1.11395
1.11576
1.11761
1.11952
1.12146
1.12345
1.12548
1.12755
1.1318
1.13398
1.13618
1.13841
1.14067
1.14295
1.14526
1.14759
1.14993
1.15466
1.15703
1.15942
1.16181
1.16421
1.1666
1.16899
1.17137
1.17375
1.17848
1.18082
1.18315
1.18546
1.18774
1.19
1.19223
1.19444
1.19661
1.20085
1.20291
1.20493
1.20691
1.20884
1.21073
1.21257
1.21435
1.21609
1.21938
1.22095
1.22245
1.2239
1.22528
1.22659
1.22785
1.22904
1.23016
1.2322
1.23312
1.23397
1.23476
1.23547
1.23612
1.2367
1.23721
1.23765
1.23834
1.23859
1.23877
1.23889
1.23894
1.23894
1.23888
1.23876
1.23859
1.23809
1.23777
1.2374
1.23699
1.23653
1.23603
1.2355
1.23493
1.23433
1.23304
1.23235
1.23165
1.23092
1.23018
1.22942
1.22864
1.22786
1.22707
1.22546
1.22466
1.22385
1.22305
1.22225
1.22146
1.22068
1.21991
1.21915
1.21768
1.21696
1.21627
1.2156
1.21494
1.21431
1.21371
1.21313
1.21257
1.21155
1.21108
1.21064
1.21023
1.20986
1.20952
1.20922
1.20896
1.20873
1.20839
1.20827
1.2082
1.20817
1.20817
1.20822
1.20831
1.20844
1.20861
1.20909
1.20939
1.20974
1.21014
1.21057
1.21106
1.21159
1.21216
1.21279
1.21418
1.21495
1.21576
1.21663
1.21754
1.2185
1.21951
1.22057
1.22169
1.22406
1.22532
1.22663
1.22799
1.2294
1.23087
1.23238
1.23394
1.23555
1.23891
1.24067
1.24247
1.24433
1.24623
1.24817
1.25017
1.2522
1.25429
1.25859
1.26081
1.26307
1.26538
1.26772
1.2701
1.27252
1.27498
1.27746
1.28254
1.28512
1.28772
1.29035
1.29299
1.29566
1.29834
1.30104
1.30375
1.3092
1.31193
1.31466
1.31738
1.32011
1.32282
1.32552
1.32821
1.33088
1.33616
1.33876
1.34133
1.34386
1.34635
1.3488
1.3512
1.35355
1.35585
1.36027
1.36239
1.36443
1.36641
1.36831
1.37014
1.37189
1.37355
1.37512
1.378
1.37929
1.38049
1.38159
1.38259
1.38347
1.38426
1.38493
1.38549
1.38627
1.38649
1.38659
1.38657
1.38643
1.38617
1.38579
1.38529
1.38467
1.38307
1.38209
1.38099
1.37978
1.37845
1.37701
1.37545
1.37379
1.37202
1.36816
1.36609
1.36391
1.36164
1.35928
1.35683
1.3543
1.35169
1.34901
1.34343
1.34054
1.33759
1.33459
1.33154
1.32844
1.3253
1.32212
1.31891
1.3124
1.30911
1.3058
1.30248
1.29914
1.29579
1.29244
1.28909
1.28574
1.27906
1.27574
1.27243
1.26914
1.26586
1.26261
1.25938
1.25618
1.253
1.24674
1.24366
1.24061
1.2376
1.23462
1.23169
1.22879
1.22593
1.22312
1.21761
1.21492
1.21228
1.20968
1.20712
1.20461
1.20215
1.19973
1.19736
1.19276
1.19052
1.18833
1.18619
1.18409
1.18203
1.18002
1.17804
1.17611
1.17237
1.17057
1.1688
1.16706
1.16537
1.16372
1.1621
1.16052
1.15897
1.15597
1.15452
1.1531
1.15172
1.15036
1.14903
1.14773
1.14646
1.14522
1.14281
1.14164
1.1405
1.13938
1.13828
1.13721
1.13616
1.13513
1.13412
1.13217
1.13122
1.1303
1.1294
1.12852
1.12766
1.12682
1.12601
1.12522
1.1237
1.12297
1.12227
1.1216
1.12094
1.12032
1.11972
1.11914
1.1186
1.11759
1.11712
1.11669
1.11629
1.11592
1.11558
1.11528
1.11501
1.11477
1.11441
1.11428
1.1142
1.11415
1.11415
1.11419
1.11427
1.11439
1.11456
1.11502
1.11533
1.11568
1.11607
1.11652
1.11701
1.11755
1.11814
1.11878
1.1202
1.12099
1.12182
1.1227
1.12363
1.12461
1.12563
1.1267
1.12781
1.13017
1.13141
1.13269
1.134
1.13536
1.13675
1.13817
1.13963
1.14112
1.14417
1.14573
1.14731
1.14891
1.15052
1.15215
1.15379
1.15543
1.15708
1.16038
1.16203
1.16367
1.16531
1.16694
1.16855
1.17015
1.17173
1.1733
1.17636
1.17785
1.17932
1.18076
1.18217
1.18354
1.18488
1.18619
1.18747
1.18992
1.1911
1.19223
1.19333
1.19439
1.19541
1.1964
1.19734
1.19825
1.19995
1.20074
1.20149
1.20221
1.20289
1.20354
1.20414
1.20471
1.20525
1.20622
1.20666
1.20706
1.20743
1.20777
1.20808
1.20836
1.20861
1.20882
1.20917
1.2093
1.20941
1.20948
1.20953
1.20955
1.20955
1.20953
1.20948
1.20931
1.20918
1.20904
1.20887
1.20868
1.20846
1.20823
1.20797
1.2077
1.2071
1.20678
1.20644
1.20608
1.20571
1.20532
1.20492
1.20451
1.20408
1.20319
1.20273
1.20226
1.20178
1.20129
1.20079
1.20028
1.19976
1.19924
1.19816
1.19761
1.19704
1.19647
1.19589
1.19531
1.19471
1.19411
1.19349
1.19223
1.19158
1.19092
1.19025
1.18956
1.18886
1.18815
1.18743
1.18669
1.18518
1.1844
1.1836
1.18279
1.18196
1.18112
1.18026
1.17939
1.1785
1.17668
1.17575
1.17481
1.17386
1.1729
1.17193
1.17095
1.16996
1.16897
1.16697
1.16597
1.16496
1.16397
1.16297
1.16198
1.161
1.16002
1.15906
1.15718
1.15627
1.15538
1.15451
1.15366
1.15283
1.15204
1.15127
1.15054
1.14917
1.14854
1.14795
1.1474
1.14689
1.14641
1.14599
1.1456
1.14527
1.14474
1.14454
1.1444
1.1443
1.14425
1.14426
1.14432
1.14443
1.14459
1.14508
1.14541
1.1458
1.14624
1.14673
1.14729
1.1479
1.14858
1.14931
1.15095
1.15186
1.15283
1.15387
1.15496
1.15611
1.15733
1.15861
1.15994
1.1628
1.16432
1.1659
1.16753
1.16923
1.17098
1.17278
1.17465
1.17657
1.18056
1.18264
1.18477
1.18694
1.18916
1.19143
1.19374
1.19609
1.19848
1.20337
1.20587
1.2084
1.21096
1.21355
1.21616
1.21879
1.22145
1.22412
1.22951
1.23223
1.23495
1.23768
1.24042
1.24315
1.24588
1.24862
1.25134
1.25677
1.25947
1.26216
1.26483
1.26748
1.27011
1.27272
1.2753
1.27786
1.28289
1.28535
1.28778
1.29017
1.29252
1.29483
1.2971
1.29931
1.30148
1.30566
1.30766
1.3096
1.31149
1.31331
1.31506
1.31674
1.31836
1.3199
1.32275
1.32406
1.32529
1.32643
1.32749
1.32846
1.32934
1.33012
1.33081
1.3319
1.3323
1.3326
1.33279
1.33288
1.33287
1.33275
1.33252
1.33219
1.33119
1.33053
1.32976
1.32888
1.3279
1.3268
1.3256
1.32428
1.32286
1.31971
1.31798
1.31614
1.3142
1.31216
1.31002
1.30779
1.30546
1.30304
1.29794
1.29526
1.29249
1.28965
1.28674
1.28376
1.28071
1.2776
1.27443
1.26793
1.26461
1.26125
1.25786
1.25443
1.25099
1.24752
1.24403
1.24054
1.23354
1.23006
1.22658
1.22312
1.21969
1.21629
1.21293
1.20961
1.20633
1.19996
1.19686
1.19384
1.1909
1.18804
1.18527
1.18259
1.18001
1.17753
1.1729
1.17076
1.16873
1.16682
1.16504
1.16338
1.16186
1.16046
1.1592
1.15708
1.15623
1.15552
1.15494
1.1545
1.15419
1.15403
1.154
1.1541
1.15471
1.15521
1.15583
1.15659
1.15747
1.15847
1.15959
1.16082
1.16216
1.16517
1.16683
1.16859
1.17044
1.17238
1.17441
1.17652
1.1787
1.18096
1.18568
1.18814
1.19065
1.19321
1.19582
1.19848
1.20117
1.20389
1.20664
1.21222
1.21504
1.21786
1.2207
1.22353
1.22637
1.22919
1.23201
1.23481
1.24034
1.24307
1.24577
1.24842
1.25104
1.25361
1.25612
1.25859
1.261
1.26562
1.26783
1.26997
1.27203
1.27401
1.27591
1.27772
1.27944
1.28107
1.28402
1.28535
1.28656
1.28767
1.28867
1.28956
1.29033
1.29099
1.29153
1.29224
1.29241
1.29246
1.29238
1.29217
1.29184
1.29138
1.29079
1.29007
1.28826
1.28716
1.28595
1.2846
1.28314
1.28156
1.27986
1.27805
1.27613
1.27196
1.26972
1.26738
1.26495
1.26244
1.25983
1.25715
1.2544
1.25158
1.24576
1.24278
1.23975
1.23669
1.23361
1.2305
1.22737
1.22425
1.22112
1.2149
1.21182
1.20877
1.20576
1.2028
1.19989
1.19704
1.19426
1.19154
1.18636
1.1839
1.18154
1.17928
1.17713
1.17509
1.17316
1.17134
1.16965
1.16663
1.16531
1.16412
1.16306
1.16212
1.16132
1.16064
1.16009
1.15966
1.15918
1.15911
1.15916
1.15932
1.15959
1.15996
1.16044
1.161
1.16166
1.16322
1.16411
1.16507
1.16608
1.16716
1.16828
1.16945
1.17066
1.17191
1.17447
1.17578
1.1771
1.17843
1.17976
1.18109
1.18242
1.18374
1.18504
1.18759
1.18884
1.19006
1.19125
1.19242
1.19355
1.19464
1.1957
1.19672
1.19865
1.19956
1.20043
1.20126
1.20205
1.20281
1.20353
1.20421
1.20486
1.20607
1.20663
1.20716
1.20766
1.20815
1.20861
1.20905
1.20948
1.20989
1.21069
1.21108
1.21146
1.21184
1.21223
1.21262
1.21302
1.21343
1.21385
1.21473
1.2152
1.21569
1.2162
1.21673
1.21729
1.21787
1.21848
1.21912
1.22048
1.2212
1.22196
1.22274
1.22354
1.22438
1.22524
1.22613
1.22705
1.22894
1.22992
1.23091
1.23192
1.23295
1.23399
1.23503
1.23608
1.23714
1.23924
1.24029
1.24133
1.24235
1.24337
1.24436
1.24533
1.24628
1.24721
1.24896
1.24979
1.25057
1.25132
1.25202
1.25268
1.25329
1.25385
1.25435
1.25519
1.25553
1.25581
1.25602
1.25618
1.25628
1.25631
1.25627
1.25618
1.2558
1.25552
1.25517
1.25476
1.25429
1.25376
1.25318
1.25253
1.25183
1.25026
1.2494
1.24848
1.24752
1.24651
1.24546
1.24437
1.24323
1.24205
1.23959
1.23831
1.23699
1.23565
1.23429
1.23289
1.23148
1.23004
1.22859
1.22564
1.22415
1.22265
1.22114
1.21963
1.21812
1.21661
1.2151
1.2136
1.21061
1.20913
1.20766
1.20621
1.20477
1.20335
1.20194
1.20055
1.19919
1.19654
1.19525
1.19399
1.19277
1.19157
1.19041
1.18929
1.1882
1.18715
1.18516
1.18423
1.18333
1.18248
1.18168
1.18091
1.18019
1.17951
1.17887
1.17774
1.17724
1.17679
1.17639
1.17603
1.17572
1.17546
1.17524
1.17508
1.17489
1.17486
1.17488
1.17494
1.17505
1.17521
1.17541
1.17565
1.17594
1.17663
1.17704
1.17749
1.17797
1.17849
1.17905
1.17964
1.18026
1.18092
1.18233
1.18308
1.18385
1.18465
1.18547
1.18631
1.18718
1.18806
1.18896
1.19081
1.19176
1.19272
1.19368
1.19466
1.19565
1.19665
1.19765
1.19865
1.20068
1.2017
1.20272
1.20375
1.20477
1.2058
1.20683
1.20786
1.20889
1.21096
1.21199
1.21303
1.21406
1.2151
1.21614
1.21718
1.21822
1.21926
1.22135
1.2224
1.22345
1.2245
1.22555
1.2266
1.22765
1.2287
1.22975
1.23184
1.23287
1.23391
1.23493
1.23595
1.23696
1.23796
1.23894
1.23991
1.2418
1.24272
1.24361
1.24448
1.24533
1.24615
1.24695
1.24771
1.24844
1.24981
1.25043
1.25102
1.25157
1.25207
1.25253
1.25294
1.25331
1.25362
