5.310447946019807792e-25
7.376645409360644069e-25
8.050723430784479944e-25
8.330233590074641430e-25
8.554025204156148653e-25
8.809223542000574772e-25
8.768863433816438222e-25
8.895681499342597799e-25
8.901831452366359238e-25
9.011639842154094316e-25
8.989197048072563604e-25
8.940442835171713137e-25
9.046436101789630091e-25
9.152630993592908370e-25
9.138276946971832710e-25
9.261231087030365902e-25
9.124798551824817943e-25
9.245617356044969454e-25
9.227165773155640486e-25
9.020561541476420613e-25
9.134524611129990395e-25
8.950904191992077608e-25
9.318175836364105297e-25
9.054066361245158637e-25
9.171743515317083004e-25
9.087932877165492569e-25
9.284084487585247798e-25
9.240903610374277896e-25
9.127448294865340354e-25
9.169946134045964337e-25
9.133842952658798901e-25
9.187585364705720605e-25
9.091739127917918210e-25
9.097170238756422639e-25
9.044650593219149887e-25
9.220856805338177374e-25
9.091215218123405052e-25
9.138832142262067274e-25
9.449747287926401842e-25
9.223661944653956345e-25
9.184719481710588929e-25
9.358662657331077633e-25
9.495592812805467549e-25
9.432870289031382117e-25
9.511933631394643976e-25
9.237401093112718133e-25
9.373036739705837995e-25
9.358721718546956531e-25
9.327208059564384953e-25
9.613977237857562313e-25
9.462499527088161983e-25
9.402270487669448360e-25
8.966093878624964966e-25
9.082113294992475931e-25
9.316307816819813311e-25
9.338242256719540896e-25
9.956053486038923996e-25
9.443469695077548565e-25
9.594870556549373991e-25
9.298994959685222845e-25
9.496726530216514764e-25
9.788857032263466367e-25
9.604672466274395326e-25
9.539675291291287763e-25
9.512461363592601131e-25
9.578409880365680769e-25
9.394796343802820481e-25
9.671743561763146419e-25
9.748658825961949774e-25
9.491009881779886862e-25
9.844822834639790328e-25
9.589460853346779161e-25
9.642132005828649129e-25
9.974700636553528525e-25
1.007366697914188488e-24
9.228569562222380787e-25
9.270791417557611101e-25
9.742128764301246600e-25
9.869292955413970850e-25
9.661150951295102484e-25
9.274231493533807960e-25
9.237120502911576271e-25
9.514903686859424178e-25
9.582242933232274198e-25
9.879457349479948819e-25
9.342467289668067987e-25
9.837162843210767837e-25
9.636029318593653529e-25
9.890342118194782613e-25
9.449630956663256498e-25
9.412997815828487950e-25
9.848196913784447447e-25
9.753051854678845335e-25
9.513369162144128845e-25
9.696687963882046156e-25
9.613671177787346207e-25
9.699893187223325062e-25
9.727025775866924670e-25
9.379009149341716403e-25
9.861712344576642817e-25
9.620023699551353348e-25
9.755384364919864265e-25
9.939181370244362606e-25
9.901051409890932103e-25
9.556303043970795149e-25
1.002590641444743100e-24
9.700514023871434672e-25
9.889890064484725136e-25
9.654409815736819312e-25
1.001239977838379137e-24
9.330457146339374613e-25
9.779367530662751615e-25
9.558640982069114143e-25
9.373527313154052138e-25
9.783362832929208019e-25
9.724208811810379203e-25
9.580389649255243591e-25
9.798578739398791537e-25
9.548417188041863507e-25
9.479944519953131248e-25
9.601766246476511940e-25
9.910599420312595402e-25
9.567687085886661348e-25
9.704330806719724709e-25
9.426409740916046167e-25
9.812855926666509339e-25
9.923811068969913379e-25
1.028932766299003176e-24
9.739514336379955132e-25
9.532196339253056533e-25
9.567294662421348787e-25
9.708665181668060432e-25
9.802174254965716701e-25
9.973684425892907979e-25
1.025522294090078045e-24
1.023290439073729361e-24
9.985852649343436606e-25
9.775807721682766857e-25
1.000857112871288563e-24
9.671503856896834021e-25
9.877064125958053951e-25
1.024081906165065817e-24
1.045661537411179192e-24
1.001480736338101544e-24
9.942483152948621255e-25
1.026503778685322765e-24
9.948094123359736069e-25
1.016374028627921543e-24
9.747533475664645515e-25
9.828666757002217061e-25
9.523671004993403576e-25
9.511306383446063184e-25
1.073624621591464692e-24
1.012713906634405383e-24
9.909372640810762616e-25
1.020380146982650249e-24
9.803167107971459566e-25
1.004867400471030683e-24
1.007025302580658419e-24
9.722796790596474703e-25
1.001007497681107815e-24
1.036864999472637279e-24
9.503500724268121553e-25
9.863745463599564791e-25
9.969986505562307251e-25
1.012156967637021830e-24
9.897553739745186184e-25
9.613204807199019493e-25
9.903558110359875102e-25
9.947730949120821676e-25
9.824341873280404400e-25
9.952879445048788164e-25
9.428789202696088237e-25
9.467367962707713292e-25
1.029145857703845121e-24
9.812639468255498393e-25
1.012398412267020911e-24
1.002175063786550099e-24
9.809317393595317651e-25
1.014658771620739333e-24
1.008695027386345892e-24
9.828075813134256968e-25
9.797628134964878403e-25
1.024204337445371636e-24
1.068430929526877611e-24
9.991813317271836447e-25
9.859148203605590165e-25
1.043908144758735712e-24
9.624861251090087543e-25
1.041946906418700387e-24
1.026123340807865606e-24
1.032658465813942697e-24
1.029149197881663023e-24
1.035210904063497918e-24
9.864282385700216351e-25
1.088510673969711459e-24
9.245603476027371166e-25
1.063736387737389566e-24
1.024662367464891315e-24
1.034944344186742646e-24
