7.071815269175208232e+04
1.044691361239013786e+05
1.199281107080361689e+05
1.297249993054483930e+05
1.373525116957625141e+05
1.434678068969513115e+05
1.490385391407725401e+05
1.517725667579346919e+05
1.530308139346973912e+05
1.556032443728965300e+05
1.579294997441486339e+05
1.604343227875090670e+05
1.589529223774201528e+05
1.645123023426041182e+05
1.633483358715035720e+05
1.641373980315499648e+05
1.649623666623860481e+05
1.667560755930529558e+05
1.688023896028142190e+05
1.694471990416189947e+05
1.684712268566938001e+05
1.713340959167993860e+05
1.732292744500200206e+05
1.693326188044250011e+05
1.687549714690092078e+05
1.698659282061844133e+05
1.690912716183518642e+05
1.704582311147833825e+05
1.698121609147689596e+05
1.715353382071595988e+05
1.725665906039506081e+05
1.682471348917054129e+05
1.723481184810445411e+05
1.722457929847968044e+05
1.749363456155798922e+05
1.761246713606475096e+05
1.724741260393626872e+05
1.726592724976219470e+05
1.751148915044454043e+05
1.735424138629073568e+05
1.737745038100793026e+05
1.844874675546814105e+05
1.760195736434663122e+05
1.716327315893580380e+05
1.789969164799110731e+05
1.739900947900715692e+05
1.737551646238813119e+05
1.732846558857124182e+05
1.763080981863389607e+05
1.790729381513959961e+05
1.750722997785323823e+05
1.783568052876812289e+05
1.785235899558588571e+05
1.843202613601063495e+05
1.792431767243912909e+05
1.761913768017330731e+05
1.737968655622885562e+05
1.815275058883333695e+05
1.753460428555313556e+05
1.799155003302441619e+05
1.843838267569935997e+05
1.779713491764306673e+05
1.768481382082805794e+05
1.789257139225323917e+05
1.708061471780197753e+05
1.867809440260167466e+05
1.798305075668336067e+05
1.800876063860097202e+05
1.740843292376632744e+05
1.748548945489558973e+05
1.818098102138508693e+05
1.797733618722807441e+05
1.796917997578581271e+05
1.769140336809851578e+05
1.796066747709794727e+05
1.667633068533619517e+05
1.705512375066451204e+05
1.784696113241102721e+05
1.773917513879666221e+05
1.819296447705595929e+05
1.804266449700424564e+05
1.800311043770585966e+05
1.819568137774211646e+05
1.797798265742027434e+05
1.759406778375307622e+05
1.711100844865918043e+05
1.780734756743687612e+05
1.813450924356106552e+05
1.734876141604863224e+05
1.795379848153234052e+05
1.764316919195963710e+05
1.740226919666454778e+05
1.763978181458695326e+05
1.784591783991352131e+05
1.800470960008995607e+05
1.705797433637583745e+05
1.769300353750679933e+05
1.720155353953545855e+05
1.806464839860022184e+05
1.722441463331120030e+05
1.787786932300461049e+05
1.827434786685635918e+05
1.768107482700265537e+05
1.782411731118881435e+05
1.732610426223360409e+05
1.856894550235817442e+05
1.802211806148033065e+05
1.761374432275867730e+05
1.804632215860123397e+05
1.767067959615197906e+05
1.724109869832916884e+05
1.736204238487469556e+05
1.828801112772707420e+05
1.733500012788166059e+05
1.834149465651744104e+05
1.767324573359568603e+05
1.750521038531771919e+05
1.701119506577791180e+05
1.743577937884236453e+05
1.744079876356425812e+05
1.695716823490254465e+05
1.780187518022729782e+05
1.803851155571970448e+05
1.805007441106889746e+05
1.732592298006192141e+05
1.828764626376526430e+05
1.753152942061052890e+05
1.794006424250823620e+05
1.770656124194750737e+05
1.836089096749826858e+05
1.754301999193602824e+05
1.820673031806921354e+05
1.711562439045875799e+05
1.751840813125851855e+05
1.748793643184500106e+05
1.730478714220590482e+05
1.702148236774787365e+05
1.755385077271053742e+05
1.790679663903578185e+05
1.807639883940861910e+05
1.703182402089463139e+05
1.810911549669806554e+05
1.713263757641281118e+05
1.769797179307090410e+05
1.718074277432917734e+05
1.823966336249472515e+05
1.748690594418514520e+05
1.911773261302147876e+05
1.756481259670183936e+05
1.751055715309317166e+05
1.886843104593870230e+05
1.750785500705805898e+05
1.706837668333887414e+05
1.779024434355556732e+05
1.816956954588344961e+05
1.732228991621538880e+05
1.724683912547570653e+05
1.929173081633682887e+05
1.745135988820240891e+05
1.709528656216739037e+05
1.860456011522815388e+05
1.675183445303606859e+05
1.796559649693994143e+05
1.738555370876318193e+05
1.669057233219924674e+05
1.771368326316853636e+05
1.693661297691453656e+05
1.883172828590044810e+05
1.735587780347222288e+05
1.836572428498051595e+05
1.747934486414830026e+05
1.732833060566474160e+05
1.798260707910502679e+05
1.721079290193225606e+05
1.788708837920984079e+05
1.657675701679595222e+05
1.700396200919593102e+05
1.739773872529167274e+05
1.806987933613496716e+05
1.649693539494395081e+05
1.917357977358403732e+05
1.793532343584949558e+05
1.804233451078529470e+05
1.752529620825385791e+05
1.772138539360805880e+05
1.796273838913908403e+05
1.831722777574537322e+05
1.866109522090710234e+05
1.727651550456779660e+05
1.814328365959690709e+05
1.703613020454333746e+05
1.825564628320841875e+05
1.842446112403636798e+05
1.729446266819153388e+05
1.772818547918556433e+05
1.705403990402622439e+05
1.883817913467089820e+05
1.781237944346431177e+05
1.838194299056230811e+05
1.774038264242762816e+05
