6.275415690131071642e+02
6.478574694012633017e+02
6.507550245140137122e+02
6.526626907108728801e+02
6.516287916912949640e+02
6.570261995243046158e+02
6.605413136169414656e+02
6.578152591320658757e+02
6.543926628201435278e+02
6.659316764299024953e+02
6.514640243525799406e+02
6.682024445370124113e+02
6.656450593763071311e+02
6.596152875156784603e+02
6.646381513467028981e+02
6.693317956596088152e+02
6.666256732556032603e+02
6.582906137870962766e+02
6.582459983669399435e+02
6.589183581198604998e+02
6.646219705723971174e+02
6.543751237002443304e+02
6.632109908167946060e+02
6.481658539148746740e+02
6.538059826993566048e+02
6.504776103145520665e+02
6.674915772418885354e+02
6.641833398896148992e+02
6.551344837661332576e+02
6.537576476570293380e+02
6.637694889740730559e+02
6.626892274838780850e+02
6.540592817956585350e+02
6.892181679977013573e+02
6.492932286596225140e+02
6.712416097558891579e+02
6.855080525528489943e+02
6.632247228667951049e+02
6.760941470584957642e+02
6.518473955765060737e+02
6.651670307746380786e+02
6.635851986866061907e+02
6.404667543346769207e+02
6.703927792415756812e+02
6.610713863817680931e+02
6.750683644666755754e+02
6.711623959775989761e+02
6.376968975272907301e+02
6.649886157440829493e+02
6.537852942888599728e+02
6.526006714381323945e+02
6.565097318869910623e+02
6.743435425090488025e+02
6.722402723254359671e+02
6.540858966074520140e+02
6.443060773378502972e+02
6.410190687852771134e+02
6.373147242495172122e+02
6.893992562731550606e+02
6.858185657831568278e+02
6.501127132183612503e+02
6.481054133762748961e+02
6.379673520143292080e+02
6.504984013793703070e+02
6.588851158530967496e+02
6.533963282767084593e+02
6.731684802553107829e+02
6.862740731678441080e+02
6.849627466035337875e+02
6.357309020697390451e+02
6.365228759461326717e+02
6.545771951089717504e+02
6.247567889144897890e+02
6.384459087962651438e+02
6.431114728965771974e+02
6.096196024038652013e+02
6.498559512556893196e+02
6.230645599451785301e+02
6.383023310926946579e+02
6.218176433332740771e+02
6.311940990074582487e+02
6.182454604239459286e+02
6.127902684658583894e+02
6.472497023425303269e+02
6.474389272908751991e+02
6.191162130372001684e+02
6.480918179782868265e+02
6.599425209845878726e+02
6.231326677322030037e+02
6.207276112951335563e+02
6.516615053881566837e+02
6.267940775236310174e+02
6.266050909504298261e+02
6.636895555814644467e+02
6.572177075948625316e+02
6.432154962724833922e+02
6.657550179637329393e+02
6.598925201773295157e+02
6.570588008146557968e+02
6.409011631657923544e+02
6.366360771159813794e+02
6.362438333935581340e+02
6.457353300717713864e+02
6.037663167450639321e+02
6.198699365036377458e+02
6.299773855987506295e+02
6.472143825169090405e+02
6.585210851837210839e+02
6.348018546249766132e+02
6.105138099923576647e+02
6.486266473001942359e+02
6.276065123553612466e+02
6.355566034829640785e+02
6.444406149109189528e+02
6.219526836355388468e+02
6.578714542451052694e+02
6.516549730101083924e+02
6.058623349615718325e+02
6.206770277826151414e+02
6.657672347934807249e+02
6.439332840868507901e+02
6.053959540965399810e+02
6.356330331831610465e+02
6.412974127432057685e+02
6.535970132423644827e+02
6.254256047250647725e+02
6.337131339074355765e+02
6.491604767018080793e+02
6.284286465866273375e+02
6.228763224432331072e+02
6.303497201489573172e+02
6.305036997393933689e+02
6.486189307300799101e+02
6.455133230422167117e+02
6.223985325481204427e+02
6.467618904806577120e+02
6.257674285329513850e+02
6.193590860395258915e+02
5.881986475506503211e+02
6.093690087931148582e+02
6.256743822329292470e+02
6.393656132003444554e+02
6.375364160266146882e+02
6.251664678019044459e+02
6.224702260406605774e+02
6.196719762132483993e+02
5.972301378482615064e+02
5.932673996493791719e+02
6.443269316474722928e+02
6.540981946737656472e+02
6.072689201659679838e+02
5.722027763976782353e+02
6.274760316847107333e+02
6.519813853468626803e+02
5.967974338034000539e+02
6.467981535202279701e+02
6.277744257423962608e+02
6.099403095979773752e+02
5.920758392089649078e+02
6.109151788298469228e+02
5.703792644091121247e+02
5.829761723134758995e+02
6.279791998563810012e+02
6.320825896354481301e+02
6.639364261389049489e+02
6.171380230174977441e+02
6.343231010083788988e+02
6.238277203614046584e+02
6.645532458205403827e+02
6.439828234955482458e+02
5.997465264139358396e+02
6.588278040831945646e+02
5.756216143742194618e+02
6.133479763747595825e+02
6.021330505223236287e+02
6.448227001512035486e+02
6.427394726431570007e+02
6.214123167129674812e+02
5.950146988658163991e+02
6.599338101071035680e+02
6.366182421446660555e+02
6.297067310446927877e+02
6.442783215005418924e+02
6.080337736590954592e+02
6.120980247141277459e+02
6.759729186145879112e+02
6.438521692528776157e+02
6.158489208317414523e+02
6.261243821534850440e+02
5.743559656706107717e+02
5.972887746628331342e+02
6.031415824605859370e+02
6.487023494121558542e+02
6.020925245085567212e+02
6.057162458467440729e+02
6.121713931991090476e+02
6.151371353194533640e+02
6.034981379788551976e+02
6.026656930291067056e+02
5.636602705730068692e+02
