7.477923064967070241e+04
1.035765842086932389e+05
1.128853372902008850e+05
1.166458879801969597e+05
1.197522684904513881e+05
1.232406082931283308e+05
1.226876458259132778e+05
1.244863891766214219e+05
1.245126253390887432e+05
1.261095502008204203e+05
1.258126532359628472e+05
1.251376058570885361e+05
1.266310584814663889e+05
1.279615201749897096e+05
1.278303558993763145e+05
1.296956594917174516e+05
1.276850474431968469e+05
1.292272253769852687e+05
1.291350890633490053e+05
1.263703467657612200e+05
1.280323013885472756e+05
1.252334479865939502e+05
1.303943717233658535e+05
1.266562424832714023e+05
1.284173131934474077e+05
1.273875228399058396e+05
1.299717464891472191e+05
1.294060312350239692e+05
1.278506952899893804e+05
1.286530535999860440e+05
1.278137505295851297e+05
1.286230743003831740e+05
1.273029057490670239e+05
1.276378825917650975e+05
1.267815273686629516e+05
1.292083498112995294e+05
1.274023894713411573e+05
1.283845734921225667e+05
1.322785591872511432e+05
1.294225376374065963e+05
1.286390330241669435e+05
1.312636056784257526e+05
1.328149587218599336e+05
1.322521504217966867e+05
1.332824005899839394e+05
1.294271816895868978e+05
1.314723317103569862e+05
1.312874719030904525e+05
1.308307158375398722e+05
1.346872640690719127e+05
1.328295178131385182e+05
1.319516011902083410e+05
1.259851132234949473e+05
1.277335301327399357e+05
1.307763548028431833e+05
1.312733568376394687e+05
1.396690779548138671e+05
1.325174904482325655e+05
1.349702610549575766e+05
1.306156906724410655e+05
1.334897764580198855e+05
1.372388907484920928e+05
1.351476889536674425e+05
1.339367859998683271e+05
1.333210412552053458e+05
1.343392175351165642e+05
1.319332912671652739e+05
1.358313978071244492e+05
1.369793762759505771e+05
1.332189429168708739e+05
1.380706198045095080e+05
1.347771918225937407e+05
1.352615532393712783e+05
1.400624305307092145e+05
1.413932724862097239e+05
1.301680325358051341e+05
1.302905952256192395e+05
1.369206223411504179e+05
1.387618968446922372e+05
1.357050120249948523e+05
1.304342595953154378e+05
1.299761047673448484e+05
1.338734975819395622e+05
1.347467610257269698e+05
1.388853220644145913e+05
1.316191507197521860e+05
1.383416370450814138e+05
1.358945237490708532e+05
1.395140213520251564e+05
1.327386969534540258e+05
1.326865207017173816e+05
1.382993470331223798e+05
1.373108908064655843e+05
1.336702643962921284e+05
1.365302930279053980e+05
1.355100543689542101e+05
1.363526696916449582e+05
1.366048935726681666e+05
1.324045763164723758e+05
1.386039263403457880e+05
1.352052770974191662e+05
1.371208693087963038e+05
1.399824431247549655e+05
1.391818293534276891e+05
1.347862084283262666e+05
1.408999705283631920e+05
1.362048769710896886e+05
1.390944844105151133e+05
1.362311262809693580e+05
1.410005248160759220e+05
1.312500610779963899e+05
1.378353284538384469e+05
1.341268089733131346e+05
1.319815716909426264e+05
1.376639631035925122e+05
1.365655001443425426e+05
1.351533015386601619e+05
1.377674300888207217e+05
1.348081944796912139e+05
1.333326453547712590e+05
1.348855089172991575e+05
1.400032412417085725e+05
1.345723744460555317e+05
1.369251167526041972e+05
1.328209979568899143e+05
1.389123725263930392e+05
1.397571766368481913e+05
1.450776055965420383e+05
1.369415407548479561e+05
1.343165156044881733e+05
1.346169588420966174e+05
1.366663969737068692e+05
1.383520152199213044e+05
1.402460694486080029e+05
1.443945870306608849e+05
1.434416936716701603e+05
1.404630420280698454e+05
1.373162060731847305e+05
1.406593222742713988e+05
1.365137712081267964e+05
1.394687777972378826e+05
1.442320903128010686e+05
1.471014633668267343e+05
1.415332795352386311e+05
1.403532118753868272e+05
1.450618259761313384e+05
1.403022660942095099e+05
1.430934115867057990e+05
1.375748970579708694e+05
1.383130324326933187e+05
1.331730247379798675e+05
1.340148158458551625e+05
1.515487686875340296e+05
1.427204922380881326e+05
1.399062672367646301e+05
1.440239206518729916e+05
1.380738602867182344e+05
1.416831639115953585e+05
1.420199262584796525e+05
1.373562905171989696e+05
1.407786441181326227e+05
1.462047830412232142e+05
1.343355488369012310e+05
1.388782339773268905e+05
1.400082041543756495e+05
1.428712956348116277e+05
1.395143448096426437e+05
1.354792314390734828e+05
1.392853639840559044e+05
1.399708474106472859e+05
1.388473683711225749e+05
1.399319885191436042e+05
1.333891327658845694e+05
1.329746032778901863e+05
1.444572270383542345e+05
1.380657602230991179e+05
1.422608202161488589e+05
1.414072513068624830e+05
1.386054979162537202e+05
1.428370504840456997e+05
1.417774622841836535e+05
1.381795548243282828e+05
1.381046948567697254e+05
1.442029249669958663e+05
1.509801506389275892e+05
1.406507576439292461e+05
1.388275622995582817e+05
1.474859722654521174e+05
1.356486905485742609e+05
1.467617753661197203e+05
1.440939436905926850e+05
1.449213130506023299e+05
1.452576015848949610e+05
1.459924705052808276e+05
1.390064349093876372e+05
1.536413937911883404e+05
1.304906350466576550e+05
1.497832008577731031e+05
1.451280102847555827e+05
1.466023130210131058e+05
