2.414709942032791688e-25
2.824074823255743850e-25
2.900581692817106640e-25
2.933031448211180483e-25
2.924775346442299405e-25
2.924928429979187030e-25
2.946333780912977654e-25
2.945466385277565780e-25
2.946513544635245108e-25
2.950781356744577590e-25
2.991678181130407497e-25
2.965682078387467108e-25
2.991864530843041562e-25
2.931775577089762083e-25
2.956655521758583210e-25
2.987839679940273899e-25
2.956661687149570432e-25
2.989960376960837403e-25
2.982901814992414321e-25
2.912118927629564415e-25
2.983211979573817747e-25
2.962555207414565572e-25
3.001616685505013865e-25
2.936902167810081342e-25
2.959401493724418023e-25
2.985955825477860253e-25
2.963311664089962432e-25
2.977541877406899910e-25
2.889121878706694994e-25
2.915025264254896090e-25
2.980395021464832425e-25
2.974415754830916014e-25
2.989340557588283498e-25
2.948232450107613239e-25
2.983188772154464022e-25
2.957946943891746910e-25
3.016176960469801147e-25
2.909474943665703510e-25
2.984448883139411307e-25
2.967071087898489993e-25
3.056518798831222142e-25
2.944987872991598522e-25
3.038222697790607487e-25
3.158049479854362192e-25
3.057525750071207672e-25
3.064350296905372779e-25
3.047593325986738276e-25
3.021829143840694474e-25
2.959562282299688475e-25
3.076056626761624709e-25
3.010828894343996220e-25
2.985053257526268316e-25
3.026494057530276820e-25
3.085595971985406835e-25
2.988054291895871587e-25
3.133009982283792994e-25
3.068201403617578662e-25
3.041959474943079376e-25
3.004239183565643782e-25
3.099473426556819117e-25
3.120274423943867999e-25
3.064230932205063279e-25
3.176645311471612771e-25
3.084149044660344812e-25
3.075157606200346488e-25
3.075371673754307452e-25
3.063893619317575306e-25
3.085380997276137585e-25
3.111018352552390659e-25
2.826851693864093778e-25
2.996700082134830838e-25
3.076996799746352916e-25
2.973601659332386293e-25
3.210993862153260783e-25
3.072298641745950985e-25
3.128105715887324120e-25
3.197367830517025258e-25
3.109145399019980662e-25
3.220856660277651124e-25
3.029284012441158459e-25
3.014626358232767295e-25
3.000551283390696916e-25
3.109328184337413306e-25
3.049553587334695185e-25
3.061554138897613355e-25
3.024138209981102844e-25
3.176567968807920099e-25
3.023399240169443130e-25
3.125610587495726327e-25
3.089582434040440441e-25
3.036487461090238355e-25
2.864557980859228170e-25
3.032151649808731695e-25
2.911068216476573432e-25
3.100629607362610133e-25
3.186442707664188085e-25
3.239960275625934671e-25
3.134876246318101925e-25
3.095798508998059891e-25
3.182120738601993459e-25
3.108152878356827713e-25
2.888827184277855532e-25
3.160901310231798139e-25
2.982580186134736221e-25
3.006688669905773489e-25
3.060719816143798193e-25
3.067516756786965582e-25
3.145299753045922815e-25
3.133883165053544505e-25
3.236847640231255148e-25
3.047255226852955565e-25
3.117955509433775104e-25
3.216636789292814806e-25
3.273691239691465366e-25
3.002153159240290297e-25
3.188757713208729247e-25
3.200377360839723592e-25
3.273825691268564089e-25
3.167013435370448385e-25
3.067838840766821408e-25
3.032266608888659924e-25
2.926931521873580555e-25
3.111830176792645342e-25
3.079515864789778597e-25
3.158575013207685766e-25
2.916520028295013718e-25
2.907436340992181273e-25
3.044230532132356401e-25
3.167690237945237260e-25
3.090978514331427962e-25
3.020469605979500767e-25
3.073335833648369178e-25
3.011667968119795172e-25
2.899644048832464283e-25
3.261357831411485333e-25
3.162270139188899420e-25
3.005173652206644982e-25
2.986655594526990614e-25
3.080665471874570849e-25
3.275793438667553005e-25
3.059730743531199161e-25
3.102933687132832095e-25
2.949191987870147431e-25
3.122850709937210030e-25
3.100103479381395373e-25
3.199056125106290070e-25
3.011000068641874718e-25
3.037501919135210179e-25
3.054713766430175348e-25
3.010476991093574187e-25
3.197744937571804347e-25
3.053551921461143035e-25
3.071820887839471688e-25
3.143087216070739050e-25
3.203787470865826972e-25
3.093576373338226581e-25
2.901254519371163935e-25
3.123964528050019591e-25
3.139386944042271038e-25
3.114181559478189122e-25
3.001832298762286363e-25
3.109203461359968413e-25
3.284771035863324782e-25
3.040146560115730305e-25
3.096750909577237340e-25
3.236479204637011393e-25
3.262953727827383127e-25
2.962727700348034576e-25
3.044884397580164069e-25
3.194414612327160663e-25
3.159266421332225874e-25
3.124417776055011327e-25
2.781804932713261623e-25
3.224655572540050446e-25
3.201805586524031564e-25
2.906900280966058429e-25
3.172500406726821120e-25
3.075839038129311144e-25
3.089621727680667508e-25
2.882934356813403903e-25
3.142314734987306641e-25
3.181428491505430308e-25
3.113813280680352370e-25
3.059314463882694393e-25
3.031502717066414233e-25
3.218890481165881613e-25
3.112070024182635855e-25
2.997821201557600490e-25
2.914184429181364689e-25
3.381434710468528293e-25
3.222897154183441207e-25
3.058777311667208106e-25
3.159314410864516128e-25
3.012308909189267022e-25
3.144223029636841398e-25
3.229476898412013513e-25
3.322263667538113892e-25
3.219494947925994517e-25
3.130469328058910253e-25
3.122104837970618106e-25
