5.703228408438418662e-25
8.218605535258320906e-25
9.381536268562962072e-25
1.010088859057835752e-24
1.065195218944957213e-24
1.113461658752100398e-24
1.151462959337295916e-24
1.174281126264747529e-24
1.188886379529588206e-24
1.199277196903225845e-24
1.227892550937195298e-24
1.243637169563663221e-24
1.234401877836218690e-24
1.269820396765413764e-24
1.264166611008145897e-24
1.273201833340419732e-24
1.279188632338223850e-24
1.286011366074916900e-24
1.305486492361930718e-24
1.308360126469427703e-24
1.311985523786625833e-24
1.325526195005617424e-24
1.346424008434748805e-24
1.318128067180584817e-24
1.308117594091244190e-24
1.310131158880548481e-24
1.307207676372922476e-24
1.311859280560015538e-24
1.323618180585670891e-24
1.328365158599772055e-24
1.356012107757900554e-24
1.309276312784227619e-24
1.336354884887172491e-24
1.333498217052206361e-24
1.353897284252820650e-24
1.358165698074849238e-24
1.342815184817980612e-24
1.348697905501008163e-24
1.365032624584051182e-24
1.353665972835712016e-24
1.363492046585020085e-24
1.419444758288084051e-24
1.366858689640690222e-24
1.345447429789699156e-24
1.396538347440967585e-24
1.348865388373662395e-24
1.353037491011459861e-24
1.337744133460608228e-24
1.372694972655574741e-24
1.394240044906072294e-24
1.370552793061785023e-24
1.376359492237388240e-24
1.357672096429967467e-24
1.433774154660217856e-24
1.390267309324536407e-24
1.358045584086809428e-24
1.323899173864810310e-24
1.404992203140588842e-24
1.356353339222596286e-24
1.406811808468376215e-24
1.451495981794905208e-24
1.398236822728474648e-24
1.403510404747890967e-24
1.386091179371638396e-24
1.344653166346933708e-24
1.463644651961250817e-24
1.414465274897314134e-24
1.413899110605759176e-24
1.350034552950470671e-24
1.350387256011999746e-24
1.416921556215627558e-24
1.408731349830298700e-24
1.408458247087772251e-24
1.366203680536943712e-24
1.373966270889480543e-24
1.305540334778149553e-24
1.326390046460089563e-24
1.358879724162368202e-24
1.396956934857598717e-24
1.404314980910872250e-24
1.418013176245083287e-24
1.397990942232260890e-24
1.394872593534051922e-24
1.387686968411026574e-24
1.344505257005634534e-24
1.345746109453752030e-24
1.403149468137800512e-24
1.423237690085643223e-24
1.368841702096264081e-24
1.386200226107980332e-24
1.367476016637935481e-24
1.375935425275799536e-24
1.383935294375169940e-24
1.394125766742521514e-24
1.391672310826212129e-24
1.340949200745923471e-24
1.419424500174301772e-24
1.348352871356486677e-24
1.416152029962496831e-24
1.346437102519365590e-24
1.396364194778898355e-24
1.396579996129740901e-24
1.382320535326763855e-24
1.386744229341236713e-24
1.365177601195665176e-24
1.419495035843104555e-24
1.419886381777427910e-24
1.366705114791063891e-24
1.381814635623192645e-24
1.353673431185611328e-24
1.340353733035007073e-24
1.330802251341307073e-24
1.408933550385323122e-24
1.373418578435790160e-24
1.411904404805650220e-24
1.396809522930212638e-24
1.352988319304430665e-24
1.351965357261238013e-24
1.343169225663918688e-24
1.320323928520983541e-24
1.338300039901928330e-24
1.386642254573644106e-24
1.404248310011453750e-24
1.385570046212574862e-24
1.344302332612975162e-24
1.421381966955173084e-24
1.349898692679849291e-24
1.419771685246401795e-24
1.394065637016376671e-24
1.428724580957324401e-24
1.363779235094035285e-24
1.398963707267617088e-24
1.336855319801059764e-24
1.400457391980069895e-24
1.349963176330186653e-24
1.339701100191048880e-24
1.351575512526450604e-24
1.379812160090221504e-24
1.427410815398052692e-24
1.402074519726729745e-24
1.320714154971829992e-24
1.408492002524833235e-24
1.339746470290092315e-24
1.361750334785446578e-24
1.343701484716096578e-24
1.418614594326897380e-24
1.362366637014517049e-24
1.499450496952691381e-24
1.366654159292457630e-24
1.384660730875009327e-24
1.485482568256344691e-24
1.358416743819921515e-24
1.348805881126503289e-24
1.381818149317659115e-24
1.410420186048300806e-24
1.356792463681475551e-24
1.363965688089408217e-24
1.472690538350082549e-24
1.364925069281231698e-24
1.303327409783361821e-24
1.448712689491732872e-24
1.284899757273659545e-24
1.411097810058946938e-24
1.372256436924479112e-24
1.336708309186356071e-24
1.361625431832261268e-24
1.362543882292160103e-24
1.456138653157145877e-24
1.398133600764016089e-24
1.419997006083727724e-24
1.390175425773430813e-24
1.375369091670489001e-24
1.427853486626248446e-24
1.334370567741586100e-24
1.409956321481740746e-24
1.304929210448069833e-24
1.331908366507414699e-24
1.375890279318676648e-24
1.421606098905024551e-24
1.308310272516546958e-24
1.478592915121842077e-24
1.429795088847688467e-24
1.397853129559742707e-24
1.373716187008320431e-24
1.392141183394694555e-24
1.389624687840741247e-24
1.444726322154296627e-24
1.464372060499284019e-24
1.339072926351316716e-24
1.413641768916749374e-24
1.342778441434659879e-24
1.409078062289694698e-24
1.423447390243204257e-24
1.353766395868523034e-24
1.405057481033103872e-24
1.311663499730166210e-24
1.459431809468469266e-24
1.395041020435217773e-24
1.414095018193309624e-24
1.375578301687815517e-24
