0.0578651
0.0440562
0.0498299
0.0440932
0.0470934
0.0420905
0.0404835
0.04024
0.0524471
0.0567344
0.0583815
0.0408
0.0479082
0.0428759
0.0449475
0.0423882
0.0440413
0.0577887
0.0498089
0.0616728
0.0448462
0.0612208
0.0670521
0.052524
0.0424547
0.0409754
0.0526185
0.0472874
0.0386171
0.0382716
0.0451148
0.0454609
0.0426762
0.0525998
0.0618733
0.0426218
0.0501703
0.0418728
0.0541708
0.0545642
0.0682903
0.0643454
0.04844
0.0510301
0.0498119
0.0548312
0.06039
0.0493544
0.050004
0.0614491
0.0638925
0.0524973
0.0563629
0.0600204
0.0631174
0.0472011
0.0472419
0.0460774
0.040837
0.0563546
0.050549
0.0541861
0.0402669
0.0412233
0.0411933
0.0418753
0.0593617
0.0445531
0.0399447
0.0464983
0.0480432
0.053386
0.0486324
0.0561785
0.0562285
0.0471355
0.0467042
0.0572676
0.0469731
0.0405669
0.0467696
0.0478979
0.0461912
0.0579301
0.0493821
0.0502136
0.0594926
0.0534618
0.0533906
0.05407
0.0418198
0.0545317
0.0531226
0.0409018
0.0484331
0.0414024
0.0390633
0.0425698
0.0371772
0.0419365
0.0402652
0.0553276
0.0466069
0.0412405
0.0516835
0.0678238
0.0465804
0.050729
0.0385739
0.0334622
0.049739
0.0508506
0.0653858
0.0475247
0.0511385
0.0362956
0.0336006
0.041567
0.0433059
0.0511385
0.0327336
0.038351
0.0476664
0.0649487
0.0523258
0.0491602
0.0484504
0.0521487
0.042485
0.0467272
0.0432483
0.0584202
0.0525317
0.0609189
0.0449701
0.0502257
0.0473114
0.0527001
0.0404232
0.0496558
0.0448089
0.0549104
0.0482375
0.045492
0.0591127
0.0750678
0.0786186
0.045932
0.0464317
0.0452874
0.0471366
0.0597593
0.0475972
0.0420109
0.0439292
0.0455098
0.0416201
0.0462765
0.0375168
0.0415071
0.042033
0.0547816
0.0809007
0.0596795
0.0512611
0.0450283
0.0448606
0.0735283
0.0656452
0.0629518
0.0527264
0.0525869
0.0414738
0.0547272
0.0445161
0.0307461
0.0392039
0.051977
0.042567
0.0404759
0.0575653
0.0534479
0.0353069
0.0393213
0.0452738
0.0464034
0.0390926
0.0573484
0.0460124
0.0391784
0.0406993
0.0487456
0.0400676
0.0416865
0.0502561
0.0551789
0.0498375
0.0511434
0.0510248
0.0568663
0.0516572
0.047119
0.0478997
0.0456077
0.0430777
0.0431348
0.04792
0.0453643
0.0351931
0.0471622
0.0365112
0.0469823
0.0593759
0.0534743
0.0600807
0.0552144
0.0403282
0.0397869
0.0454275
0.0467224
0.0321071
0.051627
0.0492021
0.0426029
0.0547572
0.0500112
0.0494693
0.0572607
0.0535303
0.0498758
0.0587916
0.0623235
0.0566269
0.0569451
0.0491531
0.0472517
0.053118
0.03913
0.0461032
0.0506371
0.0494844
0.0432185
0.0437102
0.0411273
0.0367944
0.0371235
0.044735
0.041419
0.047252
0.05755
0.0581345
0.0473742
0.0524341
0.0454787
0.0374587
0.0399992
0.0542187
0.0397818
0.0455084
0.0467239
0.0447681
0.0459654
0.0592096
0.0532568
0.0416413
0.0428847
0.0673941
0.0414281
0.0381838
0.0398622
0.0418314
0.0402396
0.0464165
0.0520668
0.039816
0.0416768
0.0507562
0.0427455
0.0389023
0.0439713
0.0401666
0.0441051
0.0516574
0.0441375
0.0609043
0.0446194
0.0394357
0.0419586
0.0607355
0.0591928
0.0476784
0.0490603
0.0544013
0.0409319
0.0533104
0.0400471
0.0445659
0.04189
0.0526607
0.05715
0.0545892
0.0523721
0.0584516
0.0418755
0.0483494
0.0402141
0.0440458
0.0517245
0.0484234
0.0513898
0.0521123
0.0465897
0.058886
0.0460267
0.0361318
0.0403194
0.0433288
0.0501003
0.0462719
0.0414292
0.0389703
0.0355069
0.0363618
0.0448043
0.0457434
0.0545994
0.0465377
0.0428253
0.0510674
0.0429356
0.0514649
0.0404018
0.0509441
0.0467118
0.0532785
0.0459447
0.0491946
0.0437585
0.036315
0.0400222
0.0476869
0.0457747
0.036732
0.0517984
0.0533533
0.0441977
0.0422689
0.048587
0.0541014
0.0514611
0.0629276
0.0500939
0.0592881
0.0470135
0.0431256
0.0561488
0.0350915
0.0402169
0.0476305
0.0530273
0.048991
0.0428932
0.0377224
0.039994
0.0400279
0.0627504
0.0587897
0.0555527
0.0514306
0.0514391
0.0477909
0.0557144
0.0489891
0.0505304
0.0465654
0.0541575
0.0469407
0.0620993
0.0549648
0.0542837
0.0428674
0.0517804
0.0541571
0.0575543
0.0440842
0.042613
0.0388948
0.0518025
0.0529373
0.060155
0.0509015
0.0640864
0.0643989
0.0447476
0.0584912
0.0534702
0.0412628
0.0493103
0.0427414
0.0404141
0.0428577
0.0419907
0.0405482
0.0499265
0.0455202
0.0513393
0.0428691
0.0464992
0.0451843
0.0370124
0.0510522
0.0518919
0.0435513
0.0418768
0.0598358
0.045977
0.047419
0.0672269
0.0532438
0.0472932
0.0571544
0.0553101
0.0489972
0.0554105
0.0477871
0.0394037
0.0455552
0.0512466
0.0366832
0.0544232
0.0465641
0.0489934
0.0536055
0.0595252
0.0421679
0.0451906
0.0459499
0.0420123
0.0416704
0.0456435
0.0432966
0.0446527
0.0429972
0.0518246
0.0547813
0.0514011
0.0409788
0.0574714
0.0438809
0.041212
0.0499755
0.0361277
0.0522754
0.0465079
0.0497999
0.047671
0.0503788
0.0479909
0.0413449
0.0358493
0.0409644
0.044603
0.0565589
0.059461
0.0503372
0.0426073
0.0483953
0.0443848
0.0611865
0.0598285
0.0688983
0.0660962
0.0600465
0.0663007
0.0538107
0.0618151
0.0611758
0.0581398
0.0596257
0.0488681
0.0421947
0.050598
0.0427096
0.0531997
0.0452784
0.0366876
0.0425806
0.0391953
0.0434226
0.0431652
0.0488082
0.0482321
0.0433927
0.0472271
0.0544491
0.0495444
0.0595646
0.0579581
0.0562745
0.0513762
0.0500022
0.0512611
0.0404955
0.0546686
0.0522758
0.0471333
0.0499833
0.0599569
0.0453651
0.0480549
0.0457742
0.045707
0.0521835
0.0578678
0.0440844
0.0554281
0.0390178
0.047444
0.0498525
0.0433391
0.0535975
0.0481478
0.0509797
0.0498872
0.0398073
0.0445067
0.0558287
0.0574348
0.0498063
0.0625347
0.0661305
0.0613948
0.0556711
0.044717
0.0558999
0.0524712
0.044618
0.0394665
0.0417742
0.0587556
0.0474114
0.0480144
0.046936
0.0629344
0.0456472
0.0397247
0.0416943
0.0363096
0.0317666
0.0387976
0.0443314
0.0396386
0.0465599
0.0481059
0.0546015
0.0653912
0.0519448
0.0550712
0.0471284
0.0674055
0.0407367
0.0491733
0.0435401
0.0598823
0.0556092
0.0560431
0.0511765
0.0471251
0.0520621
0.0524679
0.0470533
0.0641402
0.0442919
0.0616126
0.0401171
0.0500093
0.0506086
0.0419018
0.0417924
0.0379933
0.04223
0.0427744
0.0410222
0.0564571
0.0505708
0.0369123
0.0447751
0.0542877
0.0381174
0.038396
0.0372779
0.0413854
0.0451268
0.0497726
0.0607462
0.0553254
0.0452973
0.0539458
0.0479337
0.0668509
0.0786139
0.0426435
0.0440645
0.0469767
0.0484121
0.0478356
0.0342035
0.0411842
0.0487375
0.0455239
0.042621
0.0554838
0.0532778
0.0601379
0.0657043
0.0494972
0.0438903
0.0735937
0.0465922
0.0584922
0.0680184
0.0484278
0.051624
0.046187
0.0517909
0.0451278
0.0440917
0.0524302
0.0595372
0.0558948
0.0532112
0.052957
0.0484873
0.0626672
0.0485895
0.0431537
0.0407986
0.038914
0.057096
0.0614998
0.053762
0.0628146
0.0447332
0.0508115
0.0510449
0.0625775
0.0485514
0.0384447
0.0446025
0.0364519
0.0404144
0.0407033
0.0410498
0.0534152
0.0438749
0.0471659
0.0620813
0.0511604
0.0563716
0.0577515
0.0580507
0.0466324
0.0477806
0.0605574
0.0553604
0.0423526
0.0453716
0.0431406
0.0459191
0.0444489
0.0463451
0.0514964
0.0536295
0.0559766
0.0523636
0.0633304
0.0565699
0.0533837
0.0391882
0.0478438
0.0303021
0.0369722
0.0503795
0.0434953
0.0520106
0.0375549
0.045334
0.0472317
0.0428125
0.054126
0.0582723
0.0530143
0.0545255
0.0456709
0.0418409
0.0566312
0.0660431
0.0487276
0.0425485
0.0544491
0.0612075
0.0408096
0.0492608
0.0496753
0.0497067
0.0442417
0.0625115
0.0491676
0.0433679
0.0521727
0.0464007
0.0503067
0.0566626
0.056119
0.0609062
0.0456109
0.0616074
0.052092
0.0602949
0.0614625
0.0522968
0.0645608
0.0589056
0.0572874
0.0503122
0.0429004
0.0549292
0.0440189
0.0445257
0.0444323
0.0405141
0.0361905
0.0483501
0.061245
0.0586066
0.0579923
0.0391626
0.056673
0.0546751
0.0458741
0.036994
0.0493923
0.0443681
0.037926
0.0509564
0.0471071
0.0397485
0.0430692
0.0511727
0.0492716
0.0406188
0.0445281
0.04286
0.0438998
0.056072
0.0585573
0.0607436
0.0477622
0.0483032
0.0474195
0.0700212
0.0551262
0.0560439
0.0474901
0.0510628
0.0463849
0.0468198
0.044593
0.0375105
0.0388697
0.0583273
0.0530989
0.05094
0.0408226
0.0401825
0.043665
0.0460506
0.0426848
0.0441572
0.0378418
0.0444563
0.0472706
0.0533549
0.0417169
0.0418914
0.0418007
0.0408699
0.0388967
0.0530625
0.0497117
0.0547925
0.0363589
0.0563058
0.0567971
0.0422396
0.0556302
0.053505
0.0477126
0.050671
0.0429582
0.0496708
0.0496885
0.0385159
0.0485738
0.0524039
0.050759
0.0497154
0.0500646
0.0428402
0.0435379
0.0552459
0.0443299
0.0521754
0.0394055
0.0410003
0.0391631
0.0413093
0.0367921
0.037064
0.04823
0.0433621
0.041125
0.0461679
0.0525286
0.0453363
0.0401205
0.0341505
0.0483003
0.0539194
0.0419251
0.0486759
0.0531065
0.0485315
0.0375351
0.0345122
0.0459327
0.0493245
0.0428049
0.0497078
0.0462886
0.0414151
0.0465367
0.0445565
0.0436597
0.0505023
0.0687504
0.0492104
0.0636711
0.0595896
0.0415995
0.0483348
0.0466826
0.0449916
0.0589117
0.0487462
0.0491836
0.0644826
0.0486719
0.0467731
0.0401262
0.0577396
0.043759
0.0431701
0.0486138
0.0455956
0.057036
0.0500075
0.039225
0.0393479
0.0438701
0.0523546
0.0475327
0.0518602
0.0471812
0.0535426
0.0486013
0.0409671
0.0619246
0.0431456
0.0496256
0.0595676
0.0457731
0.0520157
0.0440799
0.0499719
0.0485104
0.0543168
0.0534506
0.0559074
0.0419157
0.0447475
0.0508131
0.060358
0.0480868
0.0490628
0.0511525
0.0492748
0.0473209
0.0548156
0.0471971
0.0578398
0.0466386
0.0492605
0.047847
0.0450929
0.0433775
0.0446856
0.0449479
0.0396087
0.0584437
0.0581016
0.0523827
0.057163
0.0492293
0.046066
0.0483111
0.0486054
0.0503353
0.0486395
0.0430799
0.0551188
0.0418149
0.0520501
0.0456797
0.0477164
0.052111
0.071491
0.0688243
0.0630943
0.0452056
0.0370267
0.0418727
0.0374678
0.0431687
0.0427723
0.042729
0.0434883
0.0614509
0.04957
0.0415665
0.0478665
0.045898
0.0475037
0.0440275
0.042635
0.0395653
0.0544007
0.0658039
0.0640262
0.046728
0.0356127
0.0408299
0.0488526
0.0582563
0.043546
0.0408411
0.040218
0.0376454
0.0465303
0.0733712
0.0731214
0.0663209
0.061112
0.054956
0.0682027
0.0614367
0.0489025
0.050953
0.0562471
0.0575402
0.0543712
0.057783
0.0563069
0.0571088
0.0677262
0.0617533
0.0698433
0.0533081
0.0517254
0.0659498
0.0628935
0.042556
0.0389432
0.0343203
0.0447111
0.0433208
0.0644467
0.0632323
0.0585229
0.0590142
0.053657
0.0581938
0.0476077
0.0658818
0.0366399
0.0478332
0.0490962
0.0364721
0.0487547
0.0643195
0.0456515
0.0638534
0.0384882
0.0420694
0.0452889
0.0343546
0.0411395
0.0429912
0.0471698
0.0608786
0.0415816
0.05042
0.0443395
0.0612
0.0539022
0.0510215
0.0467582
0.0637972
0.0511999
0.0601805
0.043393
0.0438164
0.0553205
0.0643734
0.0670517
0.0721254
0.0603372
0.0692368
0.0594699
0.0547038
0.0628454
0.046974
0.0413656
0.0584253
0.048297
0.0495418
0.0495735
0.0648483
0.0504607
0.0540465
0.0576631
0.0479995
0.0433861
0.0425825
0.0534586
0.0570548
0.0478416
0.0527183
0.0478169
0.0392222
0.0422831
0.0408515
0.0482982
0.0477049
0.0525797
0.0446037
0.0528357
0.0564027
0.0473951
0.0550408
0.0663871
0.0496179
0.0501384
0.0411477
0.0525872
0.0503607
0.0502578
0.0565823
0.0345398
0.0355159
0.0393358
0.0417903
0.0475556
0.045012
0.050965
0.0533271
0.0446203
0.0380065
0.0533796
0.0458313
0.0460812
0.0493258
0.0549541
0.0474384
0.0472624
0.0513451
0.048753
0.0490322
0.0450298
0.0469991
0.043081
0.0568977
0.0404805
0.0436828
0.0410542
0.0418115
0.0492273
0.0708686
0.0481966
0.0353681
0.0358047
0.0392989
0.0380944
0.0481333
0.0462921
0.044724
0.0355211
0.0420902
0.0554414
0.0530717
0.0592251
0.0479051
0.0514624
0.0526764
0.0502427
0.0472458
0.0512737
0.0390077
0.046379
0.0417849
0.0472684
0.0489009
0.0472276
0.0694176
0.0628687
0.0431389
0.047936
0.0539721
0.0521201
0.0491694
0.0575758
0.0568284
0.0421276
0.0435419
0.0511085
0.0551319
0.0500573
0.0445392
0.048413
0.0524553
0.0478367
0.0586493
0.0497555
0.0515892
0.0445364
0.0567649
0.0654923
0.0686134
0.0539925
0.0419156
0.0494186
0.0408499
0.0506756
0.0429192
0.0499215
0.0546142
0.0711674
0.0450615
0.0516051
0.0497822
0.0379186
0.037678
0.0464881
0.03523
0.0612254
0.0389888
0.0455603
0.0414508
0.0374765
0.0433061
0.0491624
0.0449603
0.058934
0.0670652
0.0537292
0.0539623
0.052095
0.0620868
0.0660473
0.0478942
0.0435942
0.0466912
0.0525461
0.0609479
0.0421374
0.0389458
0.043363
0.0355173
0.0441479
0.0398896
0.0519292
0.0455365
0.0391387
0.0500457
0.0464845
0.0526317
0.0541947
0.053113
0.0624938
0.0757045
0.0508276
0.0577151
0.0547233
0.038255
0.0380737
0.0536299
0.0438964
0.0414286
0.0558507
0.0505591
0.0676312
0.0563443
0.0645667
0.0510454
0.047959
0.0392184
0.0466451
0.0391211
0.0430515
0.0444038
0.0423457
0.053623
0.0486577
0.0428086
0.0495443
0.0384439
0.0352599
0.0448311
0.0413524
0.0539397
0.0470928
0.0430139
0.0385485
0.0478561
0.0485206
0.0439191
0.0501314
0.0391271
0.058833
0.0401741
0.0603732
0.0515872
0.0533441
0.0537193
0.0490989
0.0388643
0.0448657
0.0580853
0.0534934
0.0515208
0.0452497
0.0379854
0.0502093
0.0446231
0.0441091
0.0408535
0.0431976
0.0351446
0.0425762
0.0498044
0.0465332
0.0528688
0.0465353
0.0415302
0.0521213
0.0451282
0.0370044
0.0345961
0.0341985
0.0384087
0.0427309
0.0546588
0.0487745
0.0508182
0.0502914
0.0452024
0.0432739
0.0496671
0.0544912
0.0513119
0.0425392
0.0581951
0.0384473
0.0349104
0.0367681
0.045313
0.0559053
0.0509125
0.0472884
0.0432013
0.0521803
0.0447534
0.0410568
0.0457364
0.0510055
0.0471436
0.0545978
0.0684704
0.0541047
0.0522737
0.0486831
0.0460921
0.0419663
0.0501935
0.0431277
0.0568277
0.0616561
0.0485146
0.0451393
0.0516808
0.0496699
0.0524056
0.0547321
0.050749
0.0409343
0.0702111
0.051632
0.0535019
0.05899
0.0493556
0.0496785
0.0509555
0.0518478
0.0624851
0.0664135
0.0485316
0.0593875
0.0480989
0.0511363
0.0473163
0.0355339
0.0500492
0.0532153
0.0488625
0.0553979
0.0442572
0.0587794
0.0621115
0.0597952
0.0461394
0.0380676
0.0522226
0.0662179
0.057538
0.0391661
0.0533756
0.0467086
0.0435191
0.042839
0.0518149
0.043883
0.0508034
0.0467126
0.0521205
0.0574409
0.056712
0.0578901
0.0470072
0.0513129
0.0619811
0.047745
0.0553573
0.0499057
0.065966
0.0561632
0.0464653
0.0481202
0.0448981
0.0385378
0.0411759
0.0455399
0.0431081
0.0528649
0.0373398
0.0428692
0.0447559
0.04886
0.0518896
0.0454051
0.0409211
0.0477246
0.0583156
0.0560162
0.0730876
0.0634088
0.0536356
0.0525778
0.0448269
0.0414528
0.0460477
0.0436208
0.0464656
0.0430654
0.0528034
0.0441423
0.0429264
0.0480208
0.0511584
0.0539139
0.0502098
0.0482767
0.0599297
0.0527454
0.0564131
0.0537657
0.0722532
0.0569349
0.0512881
0.0390552
0.0451679
0.0467571
0.0420756
0.04622
0.0361248
0.0411381
0.0540176
0.0449509
0.0403969
0.0405019
0.0362494
0.0610518
0.0499816
0.0475975
0.0400414
0.0494649
0.0407709
0.0591753
0.0471719
0.0378887
0.0440023
0.0395636
0.0432353
0.0536872
0.0572931
0.0500861
0.0374888
0.044048
0.0464364
0.0554428
0.0448538
0.0519568
0.0642433
0.0527181
0.0393975
0.0464274
0.0622728
0.0470475
0.0385562
0.0533208
0.0426279
0.0525649
0.0565259
0.0442721
0.0403244
0.0664546
0.0493968
0.0447937
0.035394
0.0389152
0.0524695
0.0472917
0.0493016
0.039253
0.0476055
0.0505347
0.0446032
0.0389312
0.0437551
0.0461494
0.0506486
0.0453152
0.0490557
0.0422578
0.0544463
0.0487164
0.0403614
0.0436605
0.0415768
0.0534381
0.0479334
0.0495564
0.048005
0.0539677
0.0456199
0.0439515
0.0450908
0.0475745
0.0510829
0.0489697
0.0451465
0.0578688
0.0538758
0.0427092
0.040559
0.0433767
0.0462605
0.0562698
0.0567175
0.0576513
0.0580213
0.0583905
0.0519892
0.0455505
0.0638172
0.0507309
0.0527449
0.0615716
0.053333
0.0470919
0.0488417
0.0421857
0.0425201
0.0481688
0.0522729
0.0552067
0.0483658
0.0565822
0.0574757
0.0405818
0.0563505
0.0451336
0.0478395
0.0470944
0.0406877
0.0496988
0.0479952
0.071985
0.0549754
0.057815
0.0557138
0.0641681
0.0502108
0.0461032
0.0551132
0.0571153
0.059984
0.0421788
0.0604461
0.0589666
0.0503215
0.0545703
0.0646436
0.0645213
0.0590509
0.0485308
0.0422855
0.03859
0.0463126
0.0505605
0.0498787
0.0626615
0.0491458
0.0409295
0.0423725
0.0486907
0.0411852
0.0397609
0.0407178
0.0494795
0.0537032
0.0456909
0.0418974
0.0348578
0.0503154
0.0565792
0.0395326
0.0414145
0.0508081
0.0436414
0.0607635
0.0467848
0.0476504
0.0435725
0.0593748
0.0591008
0.0480801
0.0436185
0.040779
0.057497
0.0453179
0.0539125
0.051287
0.0635095
0.0487734
0.045632
0.0355685
0.0445123
0.041334
0.0510181
0.0543692
0.0442614
0.0553399
0.0547593
0.0577789
0.0462271
0.0421938
0.0485734
0.0387378
0.038803
0.0488011
0.050399
0.0469136
0.0420584
0.0609215
0.0588097
0.0370739
0.0389203
0.0435762
0.045461
0.0549876
0.0510249
0.035694
0.0466155
0.0483493
0.0460324
0.0574915
0.0793429
0.0732557
0.0576504
0.05183
0.0431481
0.0523373
0.0461193
0.0500842
0.0359407
0.0471069
0.0421952
0.0438236
0.0440663
0.0529233
0.0547251
0.0436114
0.0415359
0.0473294
0.0486742
0.0450315
0.0414574
0.0408731
0.0501522
0.0459024
0.0516993
0.0440421
0.0506391
0.0405666
0.0416713
0.0406583
0.0536376
0.0600672
0.0504553
0.0475754
0.0536166
0.0513689
0.0440849
0.037728
0.0466387
0.0404793
0.0438027
0.0591574
0.0516123
0.0511319
0.0561795
0.0665747
0.0464435
0.0391868
0.0525247
0.0473442
0.0505164
0.04112
0.0521035
0.049943
0.0609231
0.0452752
0.0461557
0.059712
0.0587783
0.0623581
0.0461178
0.0441796
0.0410602
0.0609124
0.0502819
0.0587185
0.0388643
0.0353208
0.0399596
0.0361764
0.0393927
0.0427875
0.055795
0.0477672
0.0343865
0.035505
0.0391604
0.0385042
0.0485452
0.0393852
0.0389767
0.0511988
0.0699342
0.0497117
0.0457064
0.0471894
0.0491526
0.0591531
0.0602275
0.049553
0.0481978
0.0463419
0.0484775
0.0367675
0.0405121
0.0541653
0.0432445
0.0510743
0.0518603
0.0531529
0.0431263
0.0511352
0.0656573
0.0434226
0.0490339
0.0538352
0.04682
0.0552643
0.0531532
0.0536162
0.0431678
0.0502117
0.0444425
0.0468299
0.0461108
0.0541103
0.0509234
0.0607598
0.0649018
0.0586604
0.045568
0.0428404
0.0447119
0.041419
0.0601042
0.0442238
0.0486214
0.0581495
0.049814
0.0396642
0.0400981
0.0540494
0.0560099
0.0475809
0.049582
0.0550023
0.0454634
0.0532364
0.041392
0.048445
0.0493131
0.0483778
0.0476911
0.0401315
0.0398276
0.0460138
0.0453588
0.0402231
0.0387294
0.047863
0.0589222
0.0460694
0.0421981
0.0544194
0.0443833
0.0565513
0.0457135
0.0414329
0.0346059
0.0696653
0.0630459
0.0377576
0.0533997
0.0548911
0.0467181
0.0440591
0.0605131
0.0453236
0.0381666
0.0349303
0.0482422
0.0643058
0.0641361
0.0624701
0.0553024
0.04944
0.0481753
0.0539417
0.0470387
0.057675
0.0553256
0.0537785
0.0417261
0.0427575
0.0561384
0.0522303
0.050919
0.0528784
0.0649544
0.0558591
0.0660547
0.0556048
0.0585957
0.0493039
0.0507054
0.0546467
0.0520745
0.0439272
0.0447814
0.0493507
0.0396987
0.0431351
0.0743173
0.0660941
0.0489012
0.0384173
0.0395551
0.0518271
0.0416784
0.0438997
0.0377137
0.0435475
0.0505999
0.03978
0.0504467
0.0428653
0.037459
0.0423406
0.0451248
0.0475531
0.0540982
0.0515274
0.0376688
0.0444698
0.039907
0.0467631
0.0391353
0.0464676
0.0329352
0.0390819
0.0347532
0.0410211
0.0583816
0.058321
0.049757
0.0350984
0.0326538
0.038103
0.0394321
0.0432089
0.0500616
0.0458295
0.0414938
0.0551532
0.066341
0.0554159
0.0521989
0.0457349
0.0515999
0.0524863
0.044365
0.0446318
0.0458186
0.0480652
0.0334169
0.0463339
0.0515562
0.0448255
0.0497678
0.0403121
0.0531982
0.0464996
0.0366721
0.0477676
0.0434167
0.0374972
0.0419939
0.0471953
0.0617549
0.0511385
0.0382596
0.0436253
0.0473757
0.0440065
0.0464592
0.0461006
0.0465385
0.062786
0.0536921
0.0510561
0.0452217
0.0518922
0.0496677
0.0511785
0.0414957
0.0380027
0.0460775
0.0581388
0.0458379
0.0453961
0.0615892
0.0644547
0.0532811
0.0507736
0.0595734
0.0431258
0.0446587
0.0427879
0.0520092
0.0353971
0.0434401
0.0360348
0.0435515
0.0438842
0.0535002
0.0471783
0.0423193
0.033935
0.0486703
0.0360527
0.0446507
0.0397774
0.0436427
0.0585943
0.047013
0.0412133
0.038295
0.0420309
0.0435103
0.0536429
0.0387955
0.039932
0.0545441
0.0574827
0.052161
0.0529721
0.0481163
0.0387131
0.0455419
0.0438811
0.0396196
0.0397823
0.0410207
0.0442148
0.053125
0.0421407
0.0424775
0.0558076
0.0516729
0.0528188
0.0519603
0.0415406
0.0523952
0.0491824
0.0393278
0.0505535
0.0373245
0.0440549
0.0634125
0.0516328
0.0520134
0.0429171
0.0459799
0.061319
0.0566738
0.0436272
0.0418632
0.0508846
0.0535798
0.0455614
0.0514953
0.0417382
0.0466857
0.0447559
0.0375894
0.0365106
0.048178
0.0556167
0.0500428
0.0557281
0.0548437
0.0511433
0.0431241
0.0404262
0.0498012
0.0538866
0.0594399
0.0390648
0.0403659
0.0361019
0.0441136
0.0510899
0.0535127
0.0535077
0.0569311
0.0428323
0.0461003
0.040389
0.0506803
0.0473572
0.0530039
0.0422692
0.0450021
0.0456191
0.0401216
0.0480778
0.045354
0.0439738
0.0463646
0.0573514
0.0491799
0.0441241
0.0660167
0.0581724
0.044129
0.0439855
0.0506336
0.0440746
0.0500567
0.0529598
0.0504025
0.0459312
0.0447621
0.0512834
0.0406046
0.0435926
0.0629728
0.0467844
0.0455651
0.0509874
0.0442926
0.0369478
0.0390266
0.0390012
0.0513606
0.0540929
0.045756
0.0358283
0.0373944
0.0389072
0.0305023
0.0346824
0.0511055
0.0696877
0.0619372
0.0523612
0.0521104
0.0471171
0.0443583
0.0407631
0.0528366
0.0508522
0.0601045
0.0631296
0.047692
0.0375104
0.0440194
0.044934
0.0408275
0.0453917
0.0408644
0.0405909
0.0322795
0.0512469
0.0405624
0.0485193
0.0392052
0.0356121
0.0331262
0.0544534
0.0557641
0.0683262
0.0457248
0.0521752
0.0482536
0.0467917
0.0403845
0.0495325
0.0520897
0.0481231
0.0468205
0.0547346
0.0609611
0.0492142
0.0448311
0.0512206
0.0833013
0.0552553
0.0473863
0.045366
0.0464113
0.0453338
0.0452248
0.0652744
0.0568543
0.0531779
0.0657981
0.0585624
0.0708279
0.05695
0.0387399
0.0349243
0.0463803
0.0420915
0.0359928
0.0340566
0.0345335
0.0488029
0.0423128
0.0609439
0.0537824
0.05689
0.0501821
0.042878
0.0484228
0.0507484
0.0629635
0.063707
0.0702962
0.0522261
0.0370491
0.042367
0.0478108
0.0559164
0.0480694
0.0474068
0.0460354
0.044276
0.0515123
0.0522008
0.037446
0.0380317
0.0547065
0.0405801
0.0602854
0.0421519
0.0501404
0.0486213
0.0401281
0.0490666
0.0599919
0.0587338
0.0534889
0.0622137
0.0441313
0.0464824
0.0394242
0.0424504
0.0536202
0.0411256
0.048274
0.0497522
0.0384961
0.0440896
0.0400721
0.0468014
0.0532362
0.0431953
0.0472333
0.0379352
0.0471751
0.0549542
0.0552659
0.0564517
0.048046
0.0492576
0.0451167
0.044919
0.0638897
0.0484359
0.043153
0.0462096
0.0578181
0.0523937
0.0474573
0.03679
0.0461898
0.0399233
0.035509
0.0434017
0.0567113
0.0387426
0.0493607
0.0445048
0.0471831
0.055729
0.0729312
0.0400204
0.0459549
0.0412632
0.0525627
0.0446277
0.0445153
0.0481267
0.0462383
0.0595729
0.0525193
0.0555096
0.0537031
0.0641328
0.0572578
0.0490373
0.0468367
0.0565159
0.0578431
0.0500342
0.0492109
0.049198
0.0498792
0.0440911
0.0448411
0.042671
0.0566076
0.0404656
0.0411736
0.0533549
0.0529286
0.0493111
0.0491087
0.0497213
0.0416544
0.0430294
0.0435845
0.0498842
0.0373309
0.0594316
0.0557552
0.0463034
0.0457535
0.0460178
0.0417656
0.0452366
0.0410329
0.0539453
0.0585921
0.0616332
0.055394
0.0475722
0.0639322
0.0586069
0.0645518
0.0579191
0.0493783
0.0627487
0.049328
0.0479652
0.0507171
0.0404105
0.041415
0.0399246
0.0363193
0.0365485
0.0465377
0.0501038
0.0475286
0.0533886
0.0483855
0.04012
0.039912
0.0407017
0.0404858
0.045883
0.0492243
0.0465432
0.053241
0.0474688
0.0424884
0.0543889
0.0424349
0.0521924
0.0465512
0.0427633
0.0457472
0.0595463
0.0573819
0.0571303
0.0447251
0.0516347
0.0461954
0.0612777
0.0353335
0.044479
0.0570526
0.0520115
0.0396151
0.0416195
0.0464622
0.0420771
0.0550077
0.0456013
0.046722
0.0503942
0.0629324
0.0416269
0.0528054
0.055565
0.048272
0.0703836
0.0431675
0.0534058
0.0456019
0.0475289
0.050078
0.0437018
0.0451485
0.0418814
0.0484862
0.0462079
0.0413748
0.0452872
0.042261
0.0391331
0.0443584
0.0521085
0.0393792
0.0442944
0.0585019
0.0480062
0.048717
0.0464073
0.0427326
0.0488818
0.0574796
0.0615583
0.0515213
0.0445442
0.0445724
0.0459203
0.061088
0.0798839
0.0460751
0.0479402
0.061178
0.0495557
0.0429257
0.0493139
0.0625843
0.0610741
0.0503983
0.0434977
0.0484647
0.0524788
0.0533278
0.0417459
0.0410993
0.0393907
0.040498
0.0436691
0.0455667
0.0629743
0.0627359
0.0418341
0.054616
0.0404391
0.0518529
0.047196
0.0588415
0.046528
0.0399283
0.0400652
0.0529979
0.0589696
0.05929
0.0515137
0.0519807
0.0463968
0.0366139
0.0545239
0.0522085
0.038594
0.0633258
0.0474571
0.0457159
0.0690829
0.0541484
0.0537246
0.0530947
0.068129
0.0412453
0.046523
0.0547
0.0459421
0.0481732
0.06008
0.0380281
0.0451622
0.0446106
0.0536084
0.0437401
0.0477379
0.0498829
0.0376772
0.0405299
0.0574081
0.0364496
0.0324754
0.0397888
0.0568676
0.0721063
0.0738806
0.0579075
0.0560676
0.0564003
0.0569363
0.0572254
0.0474896
0.0453186
0.0400787
0.0638501
0.0560216
0.0516002
0.0378169
0.0510287
0.0572785
0.0384791
0.0530767
0.0605143
0.046598
0.0590027
0.0539181
0.0592949
0.0555635
0.0454238
0.0548776
0.0544992
0.0626721
0.0605542
0.0507124
0.0513353
0.0423888
0.0458188
0.0494316
0.0452559
0.0668687
0.0621986
0.0538703
0.0480464
0.0568859
0.0485673
0.0600759
0.0456036
0.0417985
0.0518599
0.0371009
0.053712
0.0449909
0.0449746
0.0400651
0.0498557
0.0471359
0.0677826
0.0571303
0.0456804
0.0505997
0.044468
0.0446349
0.0517472
0.0449304
0.0569222
0.0541318
0.0521325
0.0443478
0.0533348
0.0465204
0.0364536
0.0461487
0.0393068
0.0497524
0.050133
0.0369701
0.0619097
0.0775473
0.0483053
0.0404348
0.0437888
0.0472768
0.0387467
0.0452905
0.0592099
0.068299
0.0480348
0.0604199
0.0587681
0.0532211
0.0520644
0.053906
0.0639866
0.0545965
0.0521235
0.0615558
0.0526505
0.0464882
0.0396326
0.0506671
0.0428566
0.0776207
0.0547585
0.0530585
0.0583728
0.0536154
0.0527703
0.0573333
0.0645451
0.0446584
0.0430297
0.0449932
0.0608229
0.046293
0.0544455
0.0523915
0.0552556
0.0403757
0.0636972
0.0598495
0.0604949
0.0455952
0.0455443
0.0489067
0.0504385
0.0521526
0.0500061
0.0557008
0.0623047
0.0475933
0.043157
0.05122
0.0493768
0.0497227
0.0457379
0.0421137
0.0492533
0.0638189
0.0529167
0.0492372
0.0547501
0.0456224
0.0490818
0.0557777
0.0445405
0.0393513
0.0513829
0.0506829
0.0486404
0.0542174
0.0399317
0.0412325
0.0465105
0.050913
0.0444656
0.0414607
0.0560907
0.0535361
0.0608527
0.0585306
0.041393
0.0552303
0.0448605
0.0468658
0.0646418
0.0583669
0.0582749
0.0603496
0.0538592
0.0553435
0.0503055
0.0533342
0.0441959
0.0412033
0.0443053
0.0479092
0.0539639
0.0476222
0.054515
0.0543378
0.0668573
0.0456727
0.0377895
0.0496865
0.0521352
0.0629869
0.0498061
0.0607677
0.0479017
0.0590035
0.0632192
0.04664
0.0527718
0.0434036
0.053908
0.0504564
0.0472382
0.0435616
0.0538084
0.0518519
0.0498711
0.0625697
0.0512123
0.0479382
0.0470505
0.0425096
0.0491896
0.0416841
0.0514558
0.0521239
0.0380772
0.0393249
0.0571978
0.0555146
0.0547907
0.0681806
0.0514561
0.0634499
0.055221
0.0631041
0.0476593
0.0542985
0.0450138
0.0528948
0.0486683
0.0464383
0.0521338
0.0449312
0.0408714
0.0405276
0.054545
0.0687101
0.0653176
0.0653245
0.0448399
0.0399953
0.0345579
0.0368549
0.0468915
0.0487392
0.0416338
0.0421112
0.0414325
0.0487831
0.0594236
0.0428426
0.039972
0.0505748
0.0435309
0.0416344
0.0466072
0.0458375
0.0605058
0.0349015
0.0360032
0.0480229
0.050815
0.0516885
0.0375113
0.0524847
0.042909
0.0531719
0.0478034
0.0519262
0.0585902
0.0465816
0.0376548
0.0419261
0.0460405
0.053869
0.0601165
0.0560274
0.0493548
0.0483614
0.0456246
0.0396877
0.0367536
0.0413384
0.0507056
0.0613971
0.0544104
0.0435569
0.0467753
0.0485392
0.0491246
0.0650948
0.0519549
0.0533195
0.0430531
0.0383607
0.0449822
0.0420807
0.0456981
0.0442975
0.0463385
0.0444851
0.0394787
0.0415385
0.0393001
0.0409046
0.0391885
0.0423582
0.0458693
0.0501838
0.0404246
0.0414988
0.0418444
0.0447447
0.0457542
0.0484382
0.0593268
0.0455544
0.0547252
0.0477462
0.0513437
0.0417122
0.0521884
0.0425157
0.0432638
0.0405789
0.0518832
0.0631865
0.0615544
0.0480308
0.0501725
0.0454321
0.0704048
0.0587516
0.0421391
0.0536303
0.058091
0.057686
0.0603297
0.0474616
0.0466694
0.0411745
0.0477759
0.0428668
0.0566377
0.0481279
0.0380747
0.0480498
0.0551204
0.0396219
0.055186
0.0430118
0.0533028
0.0510592
0.0510902
0.0434729
0.0461401
0.0388373
0.0391328
0.0345072
0.0523239
0.0430633
0.043118
0.0444397
0.0402232
0.0384654
0.0399012
0.0413979
0.0543806
0.0550779
0.0713149
0.0611395
0.0461464
0.0438765
0.0466979
0.0589206
0.0459483
0.0440174
0.0483145
0.047326
0.0461399
0.0437913
0.041082
0.0377347
0.0512855
0.0595259
0.0488847
0.0447916
0.0498027
0.0498525
0.0490739
0.0555331
0.0647078
0.0533775
0.0536262
0.0681915
0.0660808
0.0410622
0.0459479
0.0415708
0.031967
0.0473306
0.038555
0.0527657
0.0446329
0.0358024
0.0578613
0.0538935
0.0512993
0.0415442
0.0431122
0.0504617
0.042573
0.0447644
0.0603422
0.0476104
0.0504705
0.0443452
0.0478397
0.0473636
0.0415806
0.0472298
0.034941
0.039269
0.054299
0.0539362
0.0444165
0.0433713
0.0474923
0.0501587
0.0483748
0.0487363
0.0574756
0.0428624
0.0429182
0.0528767
0.0511929
0.0701372
0.0393452
0.04766
0.0395502
0.0452628
0.0502336
0.0405014
0.0481051
0.0327351
0.0347058
0.0391667
0.0416195
0.0401393
0.0463234
0.0610071
0.0448187
0.0493572
0.0534611
0.0600316
0.0497552
0.0424358
0.0600713
0.0473894
0.046484
0.0455594
0.0528181
0.0465498
0.0538865
0.0368817
0.0508894
0.039972
0.0373973
0.042013
0.0529336
0.0398831
0.0396389
0.042398
0.053746
0.0588333
0.0438813
0.048104
0.053339
0.0505574
0.0457766
0.0466999
0.0433752
0.0375322
0.0583393
0.0385799
0.0441828
0.0452468
0.0471223
0.0419888
0.0554959
0.0491125
0.0553269
0.0472303
0.0546021
0.0447379
0.0395968
0.0426383
0.0396555
0.0550802
0.0641765
0.0614884
0.0439017
0.0490972
0.0376479
0.037159
0.0416708
0.0402377
0.04073
0.0386987
0.0442119
0.0578719
0.0494591
0.0596203
0.0589466
0.0553899
0.0428587
0.0492946
0.059621
0.0417625
0.0455861
0.0399778
0.046512
0.0462584
0.0453807
0.0371319
0.040908
0.0413562
0.0464904
0.0517126
0.0457251
0.0472864
0.0388177
0.0449499
0.0412891
0.0584975
0.0418611
0.0439043
0.0510733
0.0527192
0.0593213
0.042293
0.0471747
0.0536689
0.0546538
0.045937
0.059464
0.0530201
0.0483332
0.0454772
0.0486205
0.0403191
0.045131
0.0484677
0.046241
0.0374614
0.0376529
0.0512078
0.0427259
0.043666
0.0508341
0.0492434
0.0551419
0.0431334
0.0444652
0.0499277
0.0430875
0.060078
0.0565242
0.0556285
0.0546485
0.0785965
0.0578057
0.0496418
0.0490095
0.0549666
0.0514255
0.0488761
0.0528863
0.0537537
0.0757361
0.0659575
0.0556385
0.0507174
0.040529
0.0499816
0.0444398
0.0572953
0.0344097
0.05192
0.0552718
0.0565304
0.0514329
0.041207
0.0507117
0.0567548
0.0461342
0.0500334
0.0557333
0.0469698
0.0541688
0.0425465
0.0439682
0.0336673
0.0392766
0.0438013
0.0460496
0.0449842
0.0425692
0.0485559
0.0499986
0.0474588
0.0482489
0.0433433
0.0479627
0.0613193
0.0475663
0.0474385
0.0397871
0.0495102
0.0468403
0.0509571
0.0480172
0.0542091
0.0433479
0.0407573
0.0402596
0.0565686
0.0474998
0.0566223
0.0554176
0.0499791
0.0485691
0.0401937
0.057387
0.0398873
0.0521387
0.0412324
0.0468602
0.0468304
0.0517943
0.0622509
0.0462096
0.0660623
0.0516445
0.0578471
0.0519006
0.0484864
0.0580375
0.0460896
0.0501886
0.0606203
0.0581579
0.0487496
0.0451067
0.0540643
0.0415725
0.059379
0.0753155
0.0407161
0.0470126
0.0378818
0.0462642
0.0515497
0.0630415
0.0561787
0.0490972
0.0581891
0.0635743
0.0511004
0.0445851
0.0461562
0.0577033
0.0676654
0.0456378
0.0400741
0.0594954
0.0447807
0.0494326
0.0483186
0.0509357
0.0489467
0.0576897
0.0586363
0.062029
0.0494392
0.0597225
0.0517561
0.0523659
0.0470252
0.0545611
0.0479424
0.0592783
0.0547415
0.0632127
0.0660297
0.0593586
0.0425124
0.0501404
0.0470587
0.0462469
0.0485995
0.0400558
0.0382233
0.0508793
0.0407054
0.0391149
0.0379793
0.0400825
0.0407406
0.0461285
0.0588517
0.0554118
0.0509882
0.0401923
0.0469916
0.0425505
0.0395508
0.0376602
0.0432875
0.0450874
0.0416027
0.0534558
0.0410793
0.0468077
0.0392513
0.058498
0.045257
0.0448872
0.0430538
0.0453218
0.0452892
0.0459288
0.0373992
0.0481117
0.0446602
0.0540631
0.051227
0.053023
0.0530461
0.0582722
0.0511897
0.0430925
0.0527538
0.045198
0.0509947
0.0402396
0.0647222
0.0512517
0.0606786
0.0486392
0.0651607
0.0544812
0.0564008
0.0481188
0.0395363
0.0378068
0.0413023
0.0589174
0.0473981
0.0386167
0.0327711
0.042135
0.0571754
0.0678498
0.067878
0.0441137
0.0414678
0.0447642
0.0470435
0.0535771
0.0505665
0.046818
0.0403885
0.0402719
0.0458209
0.054206
0.0592041
0.0434962
0.061305
0.04688
0.0615013
0.0576068
0.0510334
0.0548119
0.0771604
0.0508296
0.0579635
0.0527679
0.0528909
0.0572246
0.0498022
0.0447718
0.0412944
0.041254
0.0626426
0.056916
0.0383639
0.0401604
0.0455643
0.0419223
0.0415906
0.0589243
0.0647367
0.0504714
0.0647506
0.0617281
0.0614239
0.0565058
0.0495035
0.0550446
0.0391951
0.036611
0.0454178
0.0480394
0.0476153
0.0596643
0.0530872
0.043054
0.046367
0.049003
0.0364304
0.0360849
0.0499883
0.041566
0.0540835
0.0517303
0.0500475
0.0472722
0.0385459
0.0406675
0.0533449
0.0470635
0.0441068
0.0428946
0.0566739
0.0441711
0.0573713
0.0459812
0.054614
0.0663686
0.0502964
0.0491677
0.0473673
0.0452722
0.0426816
0.0374641
0.0436158
0.0560822
0.048705
0.0660049
0.0473891
0.0357865
0.052167
0.0447678
0.0527176
0.0402979
0.0494983
0.0495823
0.0543955
0.0573078
0.0491188
0.0467248
0.0467735
0.0472358
0.0467157
0.056573
0.0500507
0.0503571
0.0381369
0.0399963
0.0518261
0.0479404
0.0471538
0.0643049
0.0565578
0.0480804
0.0512875
0.0430728
0.0504973
0.0485786
0.0585201
0.0510971
0.058527
0.0505407
0.0531305
0.0459543
0.0644683
0.0591838
0.0395039
0.0395171
0.0402387
0.0563494
0.0420477
0.0496435
0.043302
0.0442449
0.051553
0.0465042
0.0448519
0.0397775
0.0425786
0.0517219
0.0767906
0.0555527
0.0472525
0.0459075
0.054456
0.05995
0.046815
0.0419068
0.0355808
0.0503182
0.0562152
0.0758669
0.0623716
0.0390133
0.0501557
0.040447
0.0448684
0.0396031
0.0523639
0.0605971
0.0486198
0.0500775
0.0433841
0.0566811
0.0568034
0.0568019
0.0417196
0.0563367
0.0540165
0.0427831
0.0449264
0.0506868
0.0420081
0.0410373
0.0445899
0.0429445
0.0538393
0.0493374
0.0438021
0.0416036
0.0381469
0.0467448
0.0480946
0.059325
0.0662515
0.0619018
0.0488572
0.0558226
0.0524741
0.0447174
0.0445857
0.036551
0.0481653
0.0434542
0.0411455
0.0484899
0.0431664
0.0403104
0.0520342
0.0371218
0.0448317
0.0502261
0.0500444
0.0438036
0.0543677
0.0419934
0.0515359
0.0528103
0.0452978
0.0454057
0.048152
0.0499847
0.0365712
0.0469684
0.0535715
0.0525196
0.056839
0.0600377
0.05215
0.0581986
0.0419435
0.0570395
0.0563558
0.0397824
0.0467045
0.0558199
0.0470756
0.0453512
0.0471373
0.0457609
0.0445602
0.0371489
0.0445151
0.0506146
0.0444173
0.0342082
0.043822
0.0505461
0.052084
0.0567728
0.0389156
0.0415205
0.0405536
0.0607092
0.0552504
0.0634525
0.0421383
0.050093
0.0444793
0.0610209
0.0528233
0.0523037
0.0638749
0.0540389
0.0510505
0.0554196
0.0511258
0.0422747
0.0487572
0.0495952
0.0497765
0.0542234
0.0641991
0.0442832
0.0482152
0.0439459
0.0439169
0.0450462
0.054993
0.0691068
0.0691401
0.0438934
0.0471772
0.0517237
0.053153
0.0470161
0.0478274
0.053812
0.0481911
0.0557076
0.0502443
0.0496526
0.0490236
0.0452238
0.0483077
0.0465726
0.0459528
0.0551473
0.0450042
0.0459943
0.0524162
0.0562341
0.0376352
0.0482254
0.0555456
0.0356213
0.0610886
0.0549009
0.0540253
0.0544112
0.0465478
0.044694
0.0458535
0.0437448
0.0421241
0.047161
0.0541114
0.0406312
0.0411953
0.0351313
0.0432988
0.0430827
0.0551581
0.0485838
0.050064
0.0500224
0.0405277
0.0504239
0.0482525
0.051113
0.0742951
0.056673
0.062741
0.0543496
0.0531817
0.0499655
0.0533704
0.046899
0.0416432
0.0448663
0.0499572
0.0374337
0.0612928
0.045612
0.0444875
0.0490662
0.0485307
0.0459842
0.0452321
0.0422983
0.0488087
0.0438268
0.0466794
0.0558059
0.0465179
0.0405548
0.0502602
0.0512276
0.0503081
0.0548956
0.0519032
0.0500812
0.0502751
0.0623404
0.0548393
0.0544258
0.0434888
0.0550227
0.0481449
0.0529668
0.0434437
0.0541439
0.0491568
0.0584693
0.0528032
0.0566089
0.0499256
0.0558821
0.0622452
0.0517157
0.0521216
0.0345615
0.0575973
0.0484342
0.0447715
0.0517925
0.0518199
0.0533354
0.0531924
0.0509166
0.0548809
0.0454149
0.0590206
0.0493028
0.0396779
0.0381462
0.0374112
0.0627204
0.0579459
0.054245
0.0467745
0.0448313
0.0564736
0.045695
0.0627688
0.05895
0.050285
0.0367591
0.0371588
0.0493311
0.0400423
0.0364955
0.0433175
0.0385963
0.0491504
0.0367945
0.0384591
0.0397173
0.0452499
0.0416669
0.041897
0.0372815
0.0424996
0.0532375
0.0569592
0.0468663
0.0399697
0.0463996
0.0446375
0.0486116
0.0597749
0.0657174
0.0491413
0.0586917
0.0515413
0.0399704
0.0419945
0.0511791
0.0409542
0.0541678
0.0436822
0.0492047
0.0470454
0.0448882
0.0349346
0.0411247
0.0312059
0.0367027
0.0472171
0.0424912
0.0471747
0.0530206
0.0449865
0.0390033
0.0519274
0.0490942
0.040696
0.0490669
0.0529102
0.0447774
0.0473144
0.0439024
0.0415153
0.0633412
0.0608896
0.0445993
0.0442066
0.0456449
0.0358194
0.0444493
0.0488757
0.0459327
0.0451792
0.0501171
0.0631645
0.0562837
0.0493917
0.0527413
0.0403775
0.0522638
0.0399458
0.0481424
0.0447232
0.0395426
0.0349481
0.0437764
0.0424416
0.0580092
0.0703724
0.0558151
0.0459186
0.0513673
0.0406384
0.0647095
0.0527574
0.0517437
0.0446525
0.0416568
0.041503
0.042696
0.0483931
0.0463968
0.0513073
0.0485886
0.0491218
0.0401963
0.0548058
0.0681111
0.047372
0.0461213
0.0470772
0.0380943
0.0535236
0.0455893
0.0424269
0.0406217
0.0387434
0.0498312
0.0466837
0.0568736
0.0500285
0.054755
0.0419442
0.0408187
0.0481751
0.0478603
0.0479081
0.0548409
0.0556662
0.0554885
0.0484387
0.0450893
0.0473117
0.0624437
0.055992
0.0537142
0.04623
0.0574048
0.0429517
0.0550995
0.049223
0.0470101
0.0576477
0.0454146
0.0482874
0.0384833
0.0381434
0.0389219
0.042204
0.0509701
0.0449382
0.0578496
0.0533694
0.0496894
0.0530419
0.0426272
0.0461586
0.0437392
0.0410132
0.0368474
0.046235
0.0485314
0.0571879
0.0607292
0.0463703
0.0485656
0.0639381
0.0528272
0.0429576
0.044666
0.0427345
0.0368864
0.0634721
0.0493642
0.051715
0.0503588
0.0576382
0.0434308
0.0444573
0.0402385
0.049085
0.0486956
0.0586558
0.0529603
0.0493183
0.0418102
0.0413821
0.0375645
0.0421624
0.0456676
0.0606324
0.0567412
0.0625086
0.0517994
0.0654913
0.0726771
0.0539431
0.0558242
0.0554926
0.0499671
0.057488
0.0523013
0.0420831
0.0392207
0.0415273
0.0439061
0.0481061
0.0433682
0.0532022
0.0552564
0.0700462
0.0527998
0.0563133
0.0463929
0.0556587
0.0517767
0.046476
0.043638
0.0550988
0.0523448
0.054382
0.0519812
0.0566557
0.0421526
0.0385044
0.038712
0.0390564
0.0363627
0.0407458
0.0415332
0.038156
0.04368
0.0461492
0.0489847
0.0499165
0.0559485
0.0545094
0.0633981
0.0421132
0.0450262
0.0505638
0.0631104
0.0481402
0.0536993
0.057962
0.0527359
0.0443162
0.0466913
0.0415293
0.036228
0.0442395
0.0418936
0.0391716
0.0572282
0.048152
0.047521
0.0460632
0.0417353
0.0404379
0.056024
0.0431562
0.0517212
0.0363629
0.033985
0.0355136
0.0531087
0.0737802
0.0502349
0.0436221
0.0422933
0.0478829
0.049039
0.0382272
0.0383527
0.0461478
0.0602919
0.0593455
0.0501586
0.0438189
0.0680427
0.0495595
0.0548914
0.0478846
0.0512618
0.0549628
0.0477551
0.040964
0.0424102
0.0452294
0.0422642
0.0439049
0.0424161
0.0593315
0.0463195
0.0562703
0.0458379
0.0457565
0.0512606
0.0449692
0.0392772
0.0581193
0.0525647
0.0567161
0.0602751
0.0552604
0.0591338
0.0534516
0.0570582
0.0571668
0.0761304
0.0586248
0.0446499
0.0518052
0.0563345
0.0497466
0.0524929
0.0478115
0.0476803
0.0503292
0.04273
0.0479881
0.0548652
0.039975
0.0456895
0.0489528
0.035373
0.0373681
0.0492109
0.0478886
0.0509236
0.0609413
0.0637638
0.0430624
0.0528297
0.0557017
0.0539861
0.0508309
0.040984
0.049594
0.0622512
0.0534547
0.0554684
0.053356
0.0610051
0.0542179
0.0479754
0.0408037
0.0463817
0.0475319
0.0623351
0.0586845
0.0702897
0.0651386
0.0447524
0.0460058
0.0500263
0.0448076
0.0436664
0.0531311
0.0524758
0.0658765
0.0466241
0.0537331
0.0566291
0.0565432
0.0328978
0.0438765
0.04421
0.0617153
0.0558229
0.0402853
0.0411269
0.0524299
0.0600898
0.0540393
0.0585363
0.0475155
0.0458775
0.0454202
0.0398693
0.047712
0.0338355
0.0359574
0.0344772
0.0333313
0.0407559
0.0514171
0.0474797
0.0557727
0.0607297
0.0439956
0.0385252
0.0475939
0.0450113
0.0421479
0.0412643
0.0487785
0.04306
0.055194
0.053088
0.0470711
0.0458703
0.0456984
0.0666704
0.0638201
0.0577332
0.0438687
0.0411578
0.0442851
0.0618064
0.0484374
0.0470824
0.0518037
0.0476601
0.0561187
0.0606717
0.0531101
0.0609993
0.0489906
0.0450925
0.0407189
0.03911
0.0421084
0.0466296
0.0492825
0.0496254
0.039958
0.0436113
0.0377197
0.0539647
0.0566988
0.0567798
0.0659517
0.0442804
0.0453952
0.0450685
0.0514393
0.0396105
0.0536628
0.0448868
0.0508014
0.0485767
0.0562694
0.0543734
0.0535798
0.0651101
0.0637499
0.064021
0.0641114
0.0549966
0.0451165
0.0438988
0.0461693
0.0655208
0.0595957
0.060641
0.0383543
0.048761
0.0444411
0.0516328
0.0418225
0.0444136
0.0706292
0.0620884
0.0499326
0.0687403
0.0550987
0.0564342
0.0547759
0.0365421
0.0421926
0.0474329
0.0461493
0.0442004
0.0411064
0.0439117
0.0520545
0.0519558
0.053819
0.0541323
0.053028
0.0618908
0.0460213
0.0516743
0.061566
0.0540144
0.0627906
0.0388135
0.0344309
0.0448174
0.0320717
0.0369969
0.0417173
0.0522966
0.0538705
0.0481479
0.0578114
0.0502032
0.0595651
0.0563568
0.04519
0.0495791
0.0366749
0.0382982
0.0357668
0.0418797
0.0367897
0.0483298
0.052825
0.0374832
0.0511003
0.0379106
0.0423513
0.0528228
0.0538692
0.0512661
0.0493561
0.0581726
0.0502948
0.0581788
0.0461828
0.0458985
0.0428474
0.0364636
0.0407052
0.0648975
0.0433942
0.0412823
0.0409189
0.0534493
0.0450953
0.0419869
0.057924
0.0513703
0.0506463
0.0625955
0.0427724
0.036818
0.0371357
0.0527581
0.0465027
0.0453036
0.046397
0.0472413
0.0475838
0.0394219
0.0462113
0.0418974
0.0482874
0.0409493
0.0480439
0.0441319
0.0542394
0.0522604
0.0446178
0.0419107
0.0421742
0.0495724
0.0516842
0.0474057
0.0539501
0.0520439
0.0496077
0.0552348
0.0580105
0.0590667
0.0522319
0.0425905
0.0447091
0.0540681
0.0448256
0.0504186
0.0521692
0.0441905
0.0550716
0.0510764
0.0464897
0.0462583
0.0571774
0.0673747
0.0537747
0.06067
0.0499933
0.0549586
0.0390144
0.0441164
0.0540771
0.0463054
0.0406337
0.0447608
0.0443886
0.0448497
0.0569938
0.0409692
0.0697344
0.0708748
0.0637534
0.0668251
0.051589
0.0527534
0.0508638
0.0448826
0.0458183
0.0431134
0.0602215
0.0492749
0.0533533
0.0567116
0.0484899
0.0376422
0.0487686
0.0404432
0.0484612
0.0410645
0.0501422
0.0566987
0.0576258
0.0471604
0.0428915
0.0399604
0.0429668
0.0397369
0.0476198
0.045523
0.0579516
0.0535578
0.0493505
0.051463
0.0467106
0.0413035
0.0478518
0.052214
0.0564515
0.0455022
0.0572948
0.0521898
0.0570013
0.0491702
0.0338177
0.0389433
0.0463762
0.043915
0.0542564
0.0419543
0.0399475
0.0444686
0.0567838
0.048053
0.0453182
0.0434349
0.0547834
0.0532511
0.0391161
0.0400071
0.0415674
0.0443673
0.0499459
0.0456557
0.0550836
0.0432432
0.0634118
0.0570265
0.0550609
0.0478346
0.0491512
0.0486647
0.0466115
0.0506144
0.0459919
0.0445973
0.0406359
0.040574
0.0640404
0.0530088
0.0564089
0.0494018
0.0488666
0.0497254
0.0483973
0.0530799
0.0528444
0.0441112
0.0473906
0.0418686
0.0469247
0.0457629
0.0527406
0.0425639
0.0525351
0.0444754
0.0481649
0.0442437
0.0580708
0.0523791
0.0484784
0.0326982
0.0332689
0.0359753
0.0530234
0.0450989
0.0739288
0.0473633
0.0409981
0.0361645
0.045181
0.0461549
0.0568193
0.049943
0.0430663
0.0478765
0.0476232
0.053419
0.0409335
0.0456494
0.0520698
0.0642317
0.0528218
0.0557957
0.039724
0.0442403
0.04423
0.0530712
0.0491729
0.0493175
0.0559353
0.0476903
0.0627857
0.0600305
0.0554123
0.0488485
0.0516605
0.0523274
0.0505483
0.0387786
0.057351
0.0650626
0.0571332
0.0606285
0.050722
0.0557962
0.0501085
0.0509256
0.0604395
0.0593431
0.0504145
0.0385088
0.0444653
0.0546141
0.0552592
0.0394666
0.0461867
0.0398746
0.052502
0.065263
0.0803593
0.0462569
0.0402457
0.0380728
0.0392161
0.0440433
0.0570874
0.0499784
0.052609
0.0455811
0.039504
0.0443585
0.0634875
0.0699592
0.0464879
0.0499357
0.057303
0.0449856
0.0436924
0.044615
0.0562881
0.0472393
0.0455448
0.0453699
0.0633211
0.0604009
0.0440991
0.0463647
0.0468772
0.0394678
0.0562503
0.0397964
0.0552681
0.0474025
0.0502893
0.0441176
0.0532019
0.0486441
0.0492396
0.0389833
0.036455
0.0568903
0.0534059
0.0424493
0.0582842
0.0569921
0.0593206
0.0403687
0.0448614
0.0400893
0.0407775
0.037656
0.067383
0.055954
0.0411615
0.0436913
0.0433888
0.0461721
0.0454131
0.046944
0.0413191
0.0447751
0.0452227
0.0420488
0.0487407
0.047077
0.0457001
0.039007
0.0455484
0.0537737
0.056154
0.0523643
0.042251
0.0354871
0.0449976
0.0484353
0.0418821
0.0410679
0.0373273
0.0417761
0.0434409
0.0512625
0.0631041
0.0453859
0.0619466
0.0520214
0.0584
0.059317
0.0576258
0.0547992
0.0601424
0.0618612
0.0555903
0.0446454
0.0576609
0.0476961
0.0436913
0.0569011
0.0453295
0.0459938
0.0690775
0.066704
0.0475584
0.0498077
0.0456198
0.0387482
0.055411
0.0498453
0.0541817
0.035547
0.0341752
0.0333407
0.0450939
0.0529022
0.0584925
0.0558074
0.0639736
0.0508314
0.0453432
0.0388163
0.0488881
0.0531414
0.0514823
0.0452894
0.0564471
0.0486705
0.0554737
0.0578269
0.0466695
0.0363795
0.0411778
0.0455129
0.0471831
0.0461495
0.0494559
0.0565099
0.0491491
0.0511794
0.0448578
0.0545926
0.0453574
0.0471297
0.0452967
0.0447177
0.0429271
0.0563406
0.0457364
0.0466979
0.046171
0.0353163
0.0489094
0.0389876
0.0438564
0.041834
0.0461991
0.0541528
0.0522214
0.0502026
0.0636473
0.0485779
0.0448878
0.0505363
0.0416669
0.037952
0.0454579
0.0552987
0.0528858
0.0509651
0.042531
0.0524168
0.0632464
0.0507058
0.04808
0.0513845
0.0368041
0.0510447
0.0441287
0.0423459
0.0326465
0.0528212
0.0388338
0.0582397
0.040827
0.0420852
0.050723
0.0494692
0.0541628
0.0589934
0.0624785
0.0440492
0.0372321
0.0495374
0.0479255
0.0499177
0.0553783
0.0424312
0.0512294
0.0493989
0.0451376
0.0376764
0.0447363
0.0488378
0.0452134
0.0547286
0.0532179
0.0514997
0.0448493
0.0446923
0.0478289
0.0557195
0.0442921
0.0346927
0.0468722
0.047877
0.0468128
0.045129
0.0385543
0.0423385
0.0397858
0.0567311
0.0433137
0.0538527
0.049522
0.0575327
0.0451265
0.0543146
0.0608821
0.0496723
0.0437473
0.0631581
0.0517674
0.0484538
0.0458426
0.0550631
0.0485574
0.0560912
0.0479629
0.0650046
0.0488387
0.0530856
0.0556682
0.0508509
0.0488887
0.0500538
0.0417987
0.0413426
0.0456654
0.0376501
0.0430744
0.0434195
0.0384314
0.0463006
0.0440846
0.0476154
0.0504193
0.0506735
0.0543977
0.0585813
0.0554705
0.072304
0.050173
0.0642745
0.0514827
0.044531
0.0635979
0.0510828
0.0528431
0.0506193
0.0610936
0.0581636
0.0428605
0.0517765
0.0476876
0.0367673
0.03642
0.0467661
0.0462459
0.0410795
0.0503382
0.0384436
0.0428955
0.0378029
0.0422803
0.0447946
0.043053
0.0529549
0.0526986
0.0477493
0.0418696
0.0376537
0.0575429
0.0504359
0.0537618
0.0404451
0.0508313
0.0513854
0.0530329
0.0447092
0.0493699
0.0499445
0.0486901
0.0367235
0.0334373
0.0361259
0.0583116
0.062651
0.0519221
0.0502501
0.0597079
0.0508382
0.0459854
0.0430536
0.058536
0.0506958
0.0367195
0.0476197
0.045203
0.039401
0.0478425
0.0472073
0.0543054
0.0466163
0.0336728
0.0387866
0.0436075
0.0490469
0.0545405
0.0625752
0.0459398
0.0599635
0.0437036
0.0506918
0.0554802
0.0570488
0.0594578
0.0499412
0.0403637
0.0489455
0.0532426
0.0610202
0.0544012
0.0699882
0.0550713
0.0481406
0.0579892
0.0649264
0.0543234
0.0411247
0.0557959
0.0430292
0.0479289
0.0479701
0.0499047
0.0474008
0.0589483
0.0461339
0.0438256
0.049233
0.0522298
0.0470756
0.0364154
0.055399
0.0515815
0.0473612
0.038822
0.0590914
0.0415679
0.0474871
0.0613182
0.0483869
0.0681036
0.0456954
0.0494802
0.0488173
0.0506284
0.0495153
0.046261
0.0621899
0.0489813
0.0491353
0.0472759
0.0488463
0.0466093
0.0417867
0.0396778
0.0425282
0.0581427
0.0479624
0.0517384
0.0522293
0.0525717
0.0420155
0.0403375
0.0479573
0.05312
0.0441397
0.0454631
0.0442129
0.046408
0.05672
0.0516845
0.0611419
0.0468238
0.0402881
0.0487113
0.0425848
0.0381786
0.0433135
0.0524269
0.0533259
0.0454407
0.0446149
0.0535934
0.0462832
0.0509943
0.0440468
0.044283
0.05521
0.0506574
0.0569459
0.0516476
0.0419883
0.0456075
0.0407089
0.051052
0.0484657
0.0376546
0.0400594
0.0503288
0.0493345
0.0502927
0.0654186
0.0534857
0.0560624
0.0560033
0.0476179
0.0423489
0.0402498
0.042774
0.0406913
0.0445876
0.0436287
0.0409242
0.0514981
0.0431132
0.0532258
0.0481875
0.0533062
0.0531167
0.0417031
0.0433522
0.0405487
0.0535396
0.0459276
0.05546
0.0636531
0.0620373
0.0444444
0.0356193
0.0455432
0.0496797
0.0369394
0.0517397
0.0430671
0.050245
0.0445541
0.0522274
0.050079
0.0484966
0.0451253
0.0498111
0.0471566
0.0566989
0.051639
0.0419502
0.0453992
0.0426133
0.0456237
0.0452516
0.0531165
0.0560595
0.0543528
0.0435086
0.0432415
0.0376019
0.0398772
0.0384121
0.0533148
0.0572263
0.044426
0.0463562
0.0571733
0.0620373
0.0440372
0.0556129
0.0452506
0.0421191
0.0436999
0.0465326
0.0403316
0.0741731
0.0471845
0.0519175
0.0499246
0.0451165
0.04643
0.0485439
0.0485168
0.0446781
0.0506974
0.0574873
0.061506
0.0596659
0.0462354
0.0373993
0.0434219
0.0464886
0.0482344
0.0465059
0.0494869
0.0564782
0.0472873
0.0445937
0.0447099
0.0523036
0.0510542
0.0585965
0.0458138
0.0393678
0.0512181
0.0410904
0.0396957
0.0382052
0.0444628
0.0490349
0.0464598
0.0507733
0.0511892
0.0450106
0.0619115
0.0495869
0.0405102
0.0412008
0.0426072
0.0468233
0.0412358
0.0404472
0.0575695
0.0532043
0.0429551
0.0429951
0.0521344
0.0444002
0.0500872
0.0714401
0.0501837
0.0456967
0.0372187
0.0499886
0.0517001
0.0389923
0.05557
0.0584983
0.0514299
0.0548752
0.050606
0.036892
0.0553467
0.0467441
0.0681399
0.0471277
0.0528178
0.0529166
0.0460555
0.0598001
0.0484987
0.0579732
0.0468965
0.0496353
0.0436877
0.041495
0.0555653
0.0600803
0.0495847
0.0500759
0.0411937
0.0401924
0.0494239
0.0530556
0.0612348
0.0391213
0.043261
0.0436306
0.0380813
0.0382893
0.0376894
0.0416008
0.0483492
0.0545245
0.0506785
0.0461731
0.0372891
0.0486677
0.0464888
0.0469159
0.0582678
0.0556506
0.0410654
0.0518163
0.0542101
0.0427264
0.0509713
0.0433038
0.051765
0.0457403
0.0391447
0.0399235
0.0404185
0.0568692
0.0405464
0.0427098
0.0399065
0.0539023
0.0458659
0.0541984
0.0480412
0.0448293
0.0396217
0.0436568
0.0448764
0.0486018
0.0456071
0.0434389
0.0439591
0.0516541
0.0526643
0.0555844
0.0451258
0.051218
0.0399107
0.0493793
0.0478757
0.047117
0.0430643
0.0347023
0.0393709
0.0538585
0.0548762
0.042933
0.0412453
0.04206
0.058092
0.043276
0.0416991
0.0442684
0.0421377
0.0445859
0.0429426
0.0390403
0.0422103
0.0502809
0.0407925
0.0369595
0.0388201
0.0693788
0.0456159
0.058799
0.0468329
0.0624176
0.0546762
0.0498071
0.0482805
0.0511277
0.0513041
0.0490572
0.0462097
0.0645312
0.0473773
0.0571146
0.0519396
0.0407464
0.0405695
0.0408654
0.0488625
0.0615155
0.0556866
0.055279
0.0418365
0.0491383
0.0498133
0.0595779
0.053678
0.0490973
0.0626313
0.0513281
0.0490142
0.0416422
0.0436351
0.0574731
0.0501539
0.0490309
0.0477445
0.047006
0.0432603
0.0455004
0.0375587
0.0471077
0.0636181
0.049574
0.0702521
0.0477999
0.0432668
0.0462311
0.0505736
0.0494358
0.0462386
0.0584411
0.050919
0.0455761
0.0483307
0.0528284
0.072382
0.0731922
0.0619892
0.0497441
0.0511311
0.0481325
0.0548524
0.0493952
0.0413074
0.0505145
0.0501077
0.0547422
0.0577633
0.0572693
0.0479579
0.0328353
0.0482311
0.036897
0.0386799
0.0437719
0.0456128
0.0456371
0.0415396
0.0554571
0.0517493
0.0568853
0.043176
0.0520113
0.0474283
0.0501829
0.0583052
0.0394291
0.0463151
0.0402912
0.0376153
0.0386462
0.048777
0.0382387
0.0341902
0.0415463
0.0364
0.0490401
0.0555903
0.0436634
0.0448709
0.0391216
0.0500635
0.0495545
0.0497781
0.038673
0.0485138
0.0473413
0.0422435
0.0518887
0.0563623
0.0476478
0.0411731
0.0433922
0.0505401
0.0484793
0.0568912
0.0695628
0.0722667
0.0721667
0.0404297
0.0398849
0.0491432
0.0476247
0.057923
0.0435734
0.0406162
0.0415292
0.0473359
0.0499988
0.0445046
0.0532141
0.0494486
0.0441102
0.0442305
0.0477186
0.0553044
0.0538915
0.0624434
0.0410962
0.0482942
0.0444858
0.0384122
0.0490205
0.0468614
0.0470272
0.0564205
0.0496978
0.0521426
0.0437681
0.0486471
0.0495314
0.0481913
0.0426655
0.0434666
0.0426005
0.0561977
0.0608899
0.0636952
0.0514489
0.0470202
0.0452571
0.0501717
0.0402757
0.0423034
0.0561381
0.0592773
0.0406851
0.0516115
0.0507094
0.0455062
0.0431154
0.0513966
0.045425
0.040658
0.0415983
0.0562461
0.0432641
0.0561624
0.0566817
0.050163
0.0589108
0.0524417
0.0565797
0.0474387
0.0577034
0.0346015
0.054842
0.042263
0.0720965
0.0540469
0.0466375
0.0481397
0.0530724
0.0413482
0.0484318
0.0664608
0.0655209
0.0612617
0.0618983
0.0572021
0.0623253
0.0444499
0.0525533
0.06208
0.0530557
0.0418237
0.0620274
0.0400877
0.0462619
0.052696
0.0461746
0.0596997
0.0430246
0.0524042
0.0414353
0.0427618
0.0611476
0.0518999
0.0432373
0.0626444
0.0544944
0.0565129
0.0498739
0.0564616
0.0564838
0.0567425
0.0501006
0.053058
0.0637004
0.0562947
0.0617639
0.0599872
0.0555503
0.047356
0.0568946
0.0559822
0.055162
0.0453212
0.0400555
0.0413008
0.0408344
0.0532228
0.0404862
0.0437782
0.0512287
0.0563472
0.0465352
0.0581082
0.0461369
0.0468795
0.0414925
0.0485155
0.0542455
0.0654214
0.0545037
0.0480847
0.04882
0.0479504
0.0456803
0.0382809
0.0390083
0.0544968
0.0489267
0.0669861
0.055741
0.04544
0.0644625
0.0474514
0.0391702
0.0463167
0.0509785
0.0600968
0.0516721
0.0455638
0.0473091
0.0411151
0.05684
0.0592964
0.0431591
0.051518
0.0552877
0.0553391
0.0394217
0.0372787
0.0333835
0.0302068
0.0368141
0.0334089
0.0517123
0.0613638
0.054035
0.0543922
0.0549369
0.0580658
0.0538425
0.0484888
0.0427934
0.0395513
0.0615773
0.0521361
0.0560263
0.0613613
0.065026
0.0536311
0.0504678
0.0552631
0.0439077
0.0560211
0.048394
0.0548418
0.0540682
0.0394023
0.046188
0.0572206
0.0375318
0.0402246
0.0361715
0.0418065
0.0449316
0.0454403
0.0475058
0.0408243
0.0417433
0.0621759
0.056611
0.0663878
0.0575688
0.0539074
0.0451243
0.0467753
0.0443219
0.0509887
0.0467954
0.0448851
0.0450301
0.052977
0.0518159
0.0488979
0.0465775
0.0440442
0.0505258
0.0552421
0.0771873
0.0689361
0.0497265
0.0484485
0.0466777
0.0391956
0.0502751
0.0509265
0.0603499
0.0556343
0.0480731
0.0436676
0.0461301
0.0434405
0.0464049
0.055313
0.0428619
0.0482123
0.0536094
0.0597441
0.0515016
0.0534414
0.0500008
0.042849
0.0473653
0.0550485
0.0436055
0.0471651
0.0547194
0.0453236
0.0475979
0.0508636
0.0519349
0.0468003
0.0465273
0.050363
0.0493043
0.0744917
0.0796812
0.0549997
0.0540634
0.0379501
0.0470296
0.0415937
0.0426941
0.0421758
0.03906
0.0550686
0.0420049
0.046991
0.0492804
0.0598995
0.0432898
0.0512246
0.0491129
0.0537472
0.0435594
0.0389374
0.0393895
0.0567086
0.0418737
0.0527749
0.0515849
0.0556803
0.0640453
0.0624271
0.0610638
0.0528306
0.042242
0.0343485
0.0388573
0.0502072
0.0403542
0.043563
0.0591036
0.0506025
0.0422333
0.0537847
0.0554525
0.0528163
0.0530698
0.053236
0.056823
0.0535416
0.038138
0.0450027
0.0425814
0.0327996
0.0505746
0.0480643
0.0515725
0.0422502
0.0377671
0.0437436
0.0529831
0.0480718
0.0674194
0.0454904
0.0469906
0.0399516
0.0396054
0.0461774
0.0458075
0.0395332
0.0387378
0.0443616
0.0411114
0.0479695
0.046349
0.057103
0.0519884
0.0542675
0.0566449
0.0487638
0.0473455
0.0426485
0.0397985
0.0496514
0.0463434
0.0515278
0.0427749
0.0420344
0.0420012
0.0457947
0.0502188
0.0480543
0.042218
0.0457216
0.0567852
0.0475155
0.0432335
0.0484402
0.0384055
0.0552908
0.0562737
0.038771
0.0404587
0.0546653
0.0622257
0.0772875
0.0754723
0.046698
0.0530135
0.0411833
0.045578
0.035808
0.0458532
0.0508906
0.0479068
0.0458669
0.0456771
0.062493
0.0540793
0.0529318
0.0599222
0.0489809
0.0463492
0.0475879
0.0485201
0.0480126
0.0475194
0.041383
0.0426494
0.0430257
0.0396238
0.048607
0.044978
0.0535101
0.058629
0.0359511
0.0372898
0.0509507
0.0543348
0.0600526
0.0516965
0.052023
0.053516
0.0551262
0.0520842
0.050178
0.0466403
0.0459607
0.041358
0.0511826
0.0534639
0.0432045
0.050191
0.0511383
0.0490587
0.0521485
0.0473135
0.0419733
0.0341501
0.0400405
0.0522237
0.0625386
0.0420888
0.0446605
0.048113
0.0440024
0.0428913
0.060612
0.0546343
0.0424365
0.0518293
0.0519729
0.0407243
0.0464059
0.0505651
0.0577456
0.0443826
0.0458298
0.049903
0.0497139
0.0514698
0.0448236
0.0516454
0.0433336
0.0460636
0.0477484
0.0528282
0.0616437
0.066072
0.0599851
0.0527314
0.0544359
0.0516089
0.04693
0.054031
0.0509026
0.0413296
0.0456525
0.045975
0.0444206
0.0485591
0.0525885
0.0556911
0.0562707
0.0641637
0.0557494
0.0511793
0.051688
0.0488678
0.0481888
0.056429
0.0413938
0.0452614
0.0455117
0.0459197
0.0411378
0.031955
0.0390446
0.0473011
0.039176
0.0524582
0.0572896
0.0488492
0.0417747
0.0459469
0.0508776
0.0595358
0.0469695
0.0457606
0.0511487
0.0537063
0.0534919
0.0493164
0.0619264
0.0530671
0.0372016
0.0465691
0.0470074
0.0576441
0.0589414
0.0619394
0.0682607
0.0532472
0.0377207
0.0394289
0.0516377
0.0520826
0.069368
0.0498631
0.0450381
0.0644524
0.0465723
0.0565637
0.0446235
0.0466123
0.0413887
0.0449815
0.0516454
0.0628504
0.0645561
0.0545006
0.0424408
0.0515855
0.0526634
0.0613814
0.0478939
0.0398682
0.0401472
0.0501923
0.0648091
0.0542871
0.0424484
0.0442605
0.0582696
0.0428621
0.0444926
0.0460711
0.060164
0.0563611
0.0440101
0.0448668
0.0535284
0.0479305
0.038632
0.0382768
0.0432199
0.0456361
0.0460479
0.0415869
0.0387078
0.0347195
0.0379213
0.0396586
0.0448642
0.0457273
0.0354659
0.0600133
0.0476651
0.0554997
0.0503654
0.054461
0.0568448
0.0479755
0.0390493
0.0384717
0.0467102
0.0485537
0.0329754
0.041247
0.0389118
0.0373274
0.0377587
0.0415182
0.0525553
0.0482197
0.0523744
0.0379919
0.0568679
0.0579
0.062881
0.0385037
0.0467283
0.0495382
0.0498204
0.0417633
0.0415154
0.0477194
0.0415262
0.0436256
0.0458746
0.0365366
0.0569573
0.0476126
0.042954
0.0446518
0.0435762
0.0347531
0.0421563
0.0553368
0.0601092
0.0503748
0.0493073
0.0472772
0.0486397
0.04834
0.0440588
0.0597435
0.041982
0.0531536
0.0412181
0.0377179
0.0331099
0.0587515
0.044718
0.0416622
0.0478597
0.0425071
0.0451306
0.0382002
0.0502332
0.0475352
0.0427997
0.0360043
0.0362864
0.037802
0.0365296
0.050574
0.0505693
0.0396546
0.0440905
0.0681169
0.0476307
0.0388461
0.0552425
0.0614702
0.0466496
0.0502526
0.054991
0.0380798
0.0366762
0.0381538
0.0399165
0.0421555
0.0400747
0.0360723
0.0418771
0.045088
0.0409045
0.0466065
0.0536461
0.0551204
0.0610948
0.0548006
0.0451968
0.0579618
0.0525319
0.0463898
0.0542099
0.0403417
0.0486207
0.0442415
0.0486136
0.0572667
0.0548453
0.0601257
0.0511568
0.0457046
0.04434
0.0532753
0.061485
0.0712373
0.0455869
0.044672
0.0441743
0.0387351
0.0403134
0.0607358
0.0594369
0.0513796
0.0588725
0.0580247
0.0607849
0.0541585
0.0490358
0.0527679
0.0385964
0.0542137
0.0551168
0.0332673
0.0437084
0.0414624
0.0416669
0.0538965
0.043963
0.0531791
0.040651
0.0531607
0.0476353
0.0456176
0.0572904
0.0463735
0.0358963
0.034098
0.0532795
0.0458433
0.046255
0.0545055
0.0549199
0.0525136
0.0552932
0.0485846
0.0340488
0.0392776
0.0466036
0.0470919
0.0516233
0.0432393
0.0681523
0.0613948
0.0468757
0.061742
0.0471226
0.0513267
0.0489411
0.0451241
0.0396566
0.0468191
0.050094
0.0664119
0.0625376
0.0500707
0.0401823
0.051965
0.0433331
0.054722
0.051838
0.0552907
0.0461133
0.0448651
0.0439951
0.0451007
0.05244
0.0513019
0.0726339
0.0612713
0.0581553
0.0495124
0.0464105
0.0389336
0.0566464
0.0549271
0.0426349
0.0397155
0.0454628
0.0515436
0.0448399
0.0440712
0.0448688
0.0413871
0.0401136
0.0493999
0.0559425
0.0476673
0.0415245
0.0468528
0.0497883
0.044427
0.0496516
0.0500219
0.0534033
0.0496474
0.0551377
0.0427908
0.0494035
0.0513947
0.0587985
0.0606603
0.0465442
0.0480704
0.0502479
0.0549211
0.0469634
0.0580252
0.0662145
0.0658536
0.0676631
0.0449451
0.0432986
0.0384774
0.0439452
0.0499483
0.0496407
0.0482742
0.0475785
0.062383
0.0594007
0.0507637
0.0462756
0.0384882
0.0508097
0.0450716
0.0392026
0.0459063
0.0326294
0.0362498
0.0470105
0.0500698
0.0595884
0.0516079
0.0579205
0.0530628
0.0469562
0.051018
0.0529678
0.0628425
0.053654
0.0545461
0.0442799
0.0439743
0.0545081
0.0409923
0.041459
0.0474246
0.0568103
0.0452814
0.0432054
0.036636
0.0446405
0.0478251
0.0450199
0.0643014
0.0441235
0.046123
0.0373489
0.0460503
0.0410272
0.047109
0.0438955
0.0500564
0.0563788
0.0485724
0.0454797
0.0342717
0.0527904
0.0509147
0.0441812
0.0394636
0.071454
0.0590405
0.0478668
0.0450014
0.0452784
0.036161
0.0464507
0.0421313
0.0509015
0.0644
0.0436259
0.0416296
0.0382204
0.0488423
0.0467507
0.0719041
0.0646408
0.0441953
0.0411365
0.0516942
0.0493314
0.0603722
0.0362619
0.0395715
0.0335974
0.0410629
0.0513218
0.0440279
0.0549099
0.044207
0.0443245
0.0483213
0.0678451
0.0450704
0.0526032
0.0379328
0.0532969
0.049399
0.0526621
0.0517979
0.0441234
0.0551989
0.044073
0.044077
0.0452707
0.0470887
0.0487971
0.0474653
0.0503438
0.0556601
0.056042
0.0681088
0.0549496
0.0448517
0.056759
0.0423564
0.0445157
0.0404748
0.0463196
0.0389879
0.0440297
0.0440526
0.0377847
0.0429854
0.0359042
0.0570246
0.0445249
0.0373725
0.0420599
0.048977
0.0564131
0.0453739
0.0539142
0.0492889
0.0394726
0.0386399
0.0464212
0.0393219
0.0490109
0.0363893
0.0417677
0.0380772
0.04654
0.0437437
0.0422733
0.0574434
0.0557327
0.0502346
0.0438435
0.0416859
0.0353827
0.0470487
0.0498822
0.0690562
0.0746317
0.0475463
0.0565889
0.0630301
0.0520064
0.0509818
0.0456598
0.0461486
0.0570196
0.0481932
0.0451206
0.0511131
0.0405298
0.0427491
0.0459775
0.0523902
0.058135
0.046531
0.0494137
0.0546599
0.0477356
0.0785065
0.0528811
0.0506303
0.0452416
0.0504911
0.0523856
0.0593061
0.0480262
0.0494376
0.0440337
0.0435662
0.0489753
0.0713163
0.0605384
0.0491152
0.0502381
0.0630026
0.0432728
0.0744742
0.0505014
0.0602053
0.0382278
0.0370114
0.0454321
0.050634
0.0436538
0.050758
0.039298
0.0377616
0.0505779
0.0373973
0.0440264
0.0411337
0.0450915
0.0447395
0.053344
0.0657711
0.0513765
0.0407081
0.0532602
0.03999
0.0439762
0.0486069
0.0491203
0.0489762
0.0479319
0.0605903
0.0650439
0.0560415
0.0444279
0.0456414
0.0460402
0.0495981
0.0392424
0.0381544
0.0384359
0.0427831
0.0415552
0.0598099
0.0561722
0.0353693
0.0509143
0.0527234
0.0435647
0.0522662
0.0454149
0.0475957
0.0464246
0.0528889
0.0580319
0.0506016
0.0502471
0.062097
0.0426957
0.0387236
0.0617775
0.0591995
0.0461531
0.0453721
0.0662478
0.0588816
0.0529305
0.0553514
0.0578143
0.0675255
0.063402
0.0643798
0.0449641
0.0609059
0.0436253
0.0397693
0.0406261
0.0513501
0.0501905
0.0499137
0.0411804
0.0479245
0.0393523
0.0408116
0.0474836
0.0490078
0.0435673
0.0530403
0.0440698
0.0577617
0.0532536
0.0464314
0.0654035
0.0593959
0.0507798
0.0640648
0.0530767
0.0438123
0.0558981
0.0491876
0.0593523
0.0581239
0.0575731
0.0367483
0.0380132
0.0460857
0.0479187
0.0560667
0.0424768
0.0509468
0.0522204
0.0494627
0.0432693
0.0509293
0.0460502
0.0459963
0.0646235
0.0424086
0.0360328
0.0431882
0.0523307
0.050759
0.0503797
0.0428081
0.0433508
0.0423882
0.0364137
0.0476547
0.0365906
0.0514631
0.0472547
0.036464
0.0499638
0.0490401
0.0486261
0.0489556
0.0479653
0.0593373
0.0452798
0.0627699
0.0548463
0.0449059
0.0518815
0.0618218
0.0509812
0.0371816
0.0355286
0.053035
0.059257
0.0499886
0.0508019
0.0655616
0.0546261
0.0491334
0.0404155
0.0472962
0.0469287
0.0502531
0.0575969
0.0501162
0.0507146
0.0393604
0.033499
0.0508518
0.0350571
0.0398401
0.0419866
0.0505666
0.048449
0.0420529
0.0480259
0.0440418
0.0473539
0.0609336
0.0606797
0.048203
0.0532065
0.0396236
0.0415707
0.0446338
0.0508172
0.0626523
0.055746
0.0563595
0.0612132
0.0840016
0.0857351
0.069784
0.0601325
0.051208
0.0460541
0.0607027
0.0436819
0.0448601
0.0531663
0.0439675
0.0371974
0.0639054
0.0411723
0.0556996
0.0501129
0.0538918
0.0425416
0.0546112
0.0505391
0.0527118
0.0417403
0.0455383
0.0420215
0.0470208
0.0488875
0.0435848
0.0528559
0.0546241
0.0506895
0.0554888
0.0891263
0.0647343
0.053509
0.0464462
0.0452134
0.0482797
0.0492967
0.0445368
0.0405611
0.0433203
0.0391885
0.0380495
0.0517021
0.0452584
0.0401085
0.0463813
0.0536155
0.0433358
0.0463041
0.0480868
0.0584799
0.0420652
0.0625785
0.0443362
0.0534443
0.0613375
0.0446709
0.0460791
0.0517954
0.0516973
0.0354775
0.0653607
0.0509364
0.0630943
0.0368163
0.0479804
0.0433778
0.0492928
0.0521223
0.040106
0.0412471
0.0557327
0.0454539
0.0544691
0.053803
0.0444146
0.0599421
0.0410655
0.0639566
0.0419072
0.0608055
0.0580864
0.0389151
0.0422884
0.0463074
0.0644716
0.0539718
0.0496744
0.0477135
0.0433093
0.0554779
0.0569579
0.0441774
0.042858
0.0454524
0.0536795
0.0502634
0.0509094
0.0514115
0.0620004
0.0462044
0.0493279
0.051908
0.0578357
0.0434112
0.0427525
0.0386093
0.0458327
0.0470056
0.0497248
0.0469109
0.0405068
0.0457266
0.058973
0.0485593
0.048545
0.048169
0.0528304
0.0529357
0.0518044
0.0499959
0.0484228
0.0486426
0.0489239
0.041756
0.0399608
0.0517911
0.0481753
0.0443785
0.0437295
0.0552743
0.0613374
0.0670421
0.0535724
0.0468625
0.0433251
0.050223
0.0419429
0.0487429
0.0487467
0.0403293
0.0441328
0.0440738
0.0436864
0.041541
0.0422142
0.0394335
0.0453282
0.0617537
0.0498146
0.0461634
0.0580447
0.0482924
0.0441018
0.044877
0.0398281
0.0556564
0.0418041
0.0429742
0.0502521
0.0435263
0.0467207
0.0530114
0.0563036
0.0566073
0.0434329
0.0455906
0.0523829
0.0410857
0.0683566
0.0588292
0.041664
0.0404484
0.0483116
0.0442727
0.0454708
0.0522171
0.0567907
0.0460862
0.0439223
0.0486659
0.0528978
0.045597
0.0383718
0.0470372
0.0474616
0.0537604
0.0380357
0.0429524
0.0419279
0.0446996
0.0615577
0.0505206
0.0531729
0.0489011
0.0451943
0.0454209
0.0460419
0.042626
0.0481602
0.0407979
0.0378576
0.0419012
0.0490624
0.0490055
0.0479304
0.0553592
0.0553665
0.0609236
0.0446903
0.0593481
0.0506026
0.0583196
0.0520857
0.0551184
0.0476689
0.0714627
0.0458819
0.0398344
0.046196
0.0496976
0.0745138
0.0565769
0.055636
0.046734
0.0478583
0.0418644
0.0433823
0.0453158
0.049622
0.0384905
0.0496745
0.0386534
0.0464291
0.0484862
0.0489285
0.06494
0.0517048
0.0480368
0.0500013
0.0487333
0.0521325
0.0517087
0.0481564
0.0400686
0.0519259
0.0499617
0.0463407
0.0457893
0.046395
0.0410659
0.041843
0.0391564
0.0460615
0.0555182
0.0575547
0.0374448
0.047058
0.0440859
0.0386577
0.0320323
0.0524557
0.0521418
0.0551529
0.0586989
0.0452333
0.0717921
0.0513661
0.0483105
0.0389893
0.047067
0.0602988
0.0671399
0.0709107
0.0593911
0.0491783
0.0375957
0.0393594
0.043192
0.0644208
0.0471603
0.0494235
0.0570635
0.0440229
0.0464133
0.048395
0.0480932
0.0484544
0.03887
0.0348868
0.0427923
0.0542884
0.0491888
0.043262
0.0473119
0.0458428
0.0432212
0.0421495
0.0515011
0.0466104
0.0413141
0.0348776
0.0436727
0.0497183
0.051548
0.0627874
0.0528147
0.0674806
0.0441839
0.04296
0.0424403
0.0407068
0.0493221
0.0478678
0.0385673
0.0521881
0.0391269
0.0464689
0.0581904
0.0416297
0.036879
0.0413453
0.0445905
0.0684601
0.0698815
0.0657591
0.0709219
0.0699274
0.0552238
0.0322218
0.0344631
0.0377634
0.0536049
0.0376678
0.0442826
0.0690481
0.0511796
0.0575126
0.0492586
0.0473673
0.0441721
0.0361033
0.0425816
0.0390346
0.0508125
0.0490368
0.0577368
0.0479894
0.0564125
0.0460298
0.0572383
0.0523168
0.061797
0.063623
0.0533355
0.0408382
0.0436484
0.0520234
0.0394776
0.0463768
0.0559052
0.051602
0.0480824
0.0447852
0.0636282
0.0543588
0.0536203
0.0573821
0.0530334
0.0563114
0.0478991
0.0534503
0.0749224
0.0676928
0.0485923
0.0451475
0.0435244
0.04897
0.041858
0.0465246
0.0462627
0.035513
0.0376228
0.0497898
0.0399478
0.0374641
0.0425723
0.0454461
0.0433742
0.052281
0.0434611
0.0528678
0.0496377
0.0532615
0.0632225
0.0522674
0.0473292
0.0494328
0.047992
0.0444616
0.0440292
0.0471809
0.0525857
0.0522744
0.0326593
0.0365601
0.0432789
0.0446181
0.055259
0.050668
0.0587178
0.0600581
0.0588316
0.0523444
0.0664926
0.0667541
0.0538485
0.0542079
0.0464057
0.0431139
0.0544038
0.0390457
0.0410574
0.0419198
0.0469608
0.0541474
0.0564256
0.0450148
0.0649496
0.0422496
0.0598961
0.0375114
0.0471958
0.0326134
0.0585707
0.0498389
0.0634043
0.0483196
0.0379718
0.0384121
0.0553296
0.0629829
0.0557826
0.0572138
0.0606036
0.0559408
0.0559067
0.0584389
0.050084
0.0519186
0.0422084
0.044718
0.0515892
0.0560406
0.0451093
0.0389787
0.0482359
0.0520815
0.0494767
0.0432865
0.0550401
0.0424006
0.0476836
0.055921
0.06518
0.0510717
0.0373184
0.0414453
0.0432362
0.0483912
0.0565857
0.0482896
0.0523689
0.0370044
0.0482983
0.0615981
0.0588721
0.0492513
0.0453317
0.041941
0.0444093
0.0459247
0.0599607
0.05236
0.0472706
0.0479226
0.0529261
0.0412424
0.044268
0.0410178
0.0483253
0.0481714
0.0617968
0.0677261
0.0576306
0.0508416
0.0533625
0.0570484
0.0406091
0.0397297
0.0497699
0.0413054
0.043779
0.0543099
0.048378
0.0495479
0.0582829
0.0578377
0.0647295
0.0458049
0.0442437
0.0420903
0.0548211
0.0508858
0.040804
0.0406573
0.050134
0.0459177
0.0399172
0.0487025
0.0469998
0.0659361
0.0559029
0.054724
0.0536081
0.0600903
0.0428954
0.0392068
0.0452989
0.0422531
0.0422083
0.0428422
0.044546
0.0478001
0.0393776
0.0477426
0.0543547
0.0417333
0.0340475
0.04012
0.0469252
0.0378822
0.0618066
0.0672934
0.0518427
0.0503165
0.053725
0.0420189
0.0503874
0.0360269
0.0403554
0.03261
0.0427126
0.0482589
0.0502864
0.0492765
0.0562748
0.0523706
0.0533767
0.0469079
0.0478012
0.046745
0.037089
0.0355298
0.0443524
0.0425403
0.0437757
0.049777
0.0697722
0.0468527
0.0536887
0.0469877
0.0478037
0.0436535
0.0368372
0.0360964
0.0402454
0.0438731
0.0510195
0.0410235
0.0430212
0.0532767
0.0409595
0.0489265
0.043515
0.0460673
0.0536846
0.0435068
0.0471714
0.0399387
0.0417469
0.0639109
0.0509965
0.0498993
0.047126
0.0522948
0.0481297
0.0507528
0.0466716
0.0408798
0.0441699
0.0466824
0.0509163
0.0561614
0.0521917
0.0531619
0.0535843
0.0577112
0.0384354
0.0517133
0.0484201
0.0504396
0.0568523
0.0691287
0.0563978
0.0549866
0.0584482
0.0484893
0.0443631
0.0455775
0.0447054
0.045644
0.0562394
0.0553066
0.0577283
0.0437491
0.0434887
0.0448244
0.0533901
0.0562697
0.0492129
0.0481309
0.0519737
0.0672606
0.0638459
0.0471327
0.0465405
0.0588528
0.055313
0.0437394
0.0389162
0.0451753
0.0414177
0.0439703
0.0504783
0.0415031
0.0388411
0.0413613
0.0403635
0.0336335
0.0614094
0.055121
0.0636885
0.0467316
0.0566506
0.0632247
0.0529641
0.0502675
0.0499199
0.0436718
0.0418344
0.0462772
0.0481595
0.0466158
0.0565135
0.0452147
0.057969
0.0614687
0.052453
0.0624766
0.0417626
0.0396796
0.046589
0.0446046
0.0466006
0.0431368
0.0580605
0.0443543
0.0606469
0.0450017
0.04375
0.0553184
0.0545378
0.048497
0.0599299
0.0539703
0.0568897
0.0501831
0.0573705
0.050538
0.0502214
0.0554278
0.0455621
0.0450313
0.0494728
0.0461435
0.0458187
0.0447019
0.0361823
0.0330593
0.0448327
0.046434
0.0385638
0.0424378
0.0417945
0.0419077
0.0430108
0.0415471
0.0337284
0.037569
0.0662354
0.052236
0.0444633
0.0417781
0.0421936
0.0540064
0.0477985
0.049044
0.0407848
0.0428317
0.0414955
0.0440155
0.0409815
0.0489616
0.0421663
0.0511037
0.050359
0.0453212
0.0618067
0.0407028
0.0461168
0.0431644
0.0379212
0.0580883
0.0521255
0.0581114
0.0551188
0.0467741
0.0474339
0.052014
0.0404438
0.056847
0.0539787
0.0408941
0.0517807
0.0496704
0.0408842
0.0614925
0.0469767
0.0474751
0.0652785
0.0494673
0.0541269
0.0425028
0.0577145
0.0642212
0.0672249
0.0470272
0.0419086
0.0429099
0.0484052
0.0376463
0.0398815
0.0634257
0.0701259
0.0522856
0.040557
0.0461214
0.0490815
0.061566
0.0528811
0.050046
0.0522086
0.0475861
0.0443845
0.0501834
0.0468851
0.0450426
0.0474188
0.0571771
0.0516952
0.0402587
0.0570851
0.0489834
0.0495679
0.0463229
0.0681164
0.0404879
0.0693532
0.0464303
0.0430774
0.07554
0.0457183
0.0512298
0.0460932
0.0483227
0.0496095
0.0571147
0.0611875
0.0551789
0.0544431
0.0428211
0.0424886
0.0485504
0.0615119
0.051199
0.0444692
0.0434022
0.0419139
0.039673
0.0406403
0.0458201
0.0373115
0.0396737
0.0458093
0.0633949
0.0402012
0.0498527
0.0531276
0.0448393
0.0416255
0.0443053
0.0482137
0.0416645
0.049419
0.0433657
0.0544639
0.0580283
0.0516885
0.0433426
0.0410872
0.0476064
0.0452004
0.0486841
0.047189
0.0498668
0.066226
0.0439041
0.0598628
0.0409514
0.0575175
0.0625729
0.0446886
0.0474773
0.0555638
0.0401585
0.0517043
0.0485519
0.0481981
0.0509884
0.0337879
0.0519883
0.0476457
0.0434551
0.0504315
0.0488892
0.0471629
0.0468769
0.0463951
0.0569291
0.0397935
0.0398247
0.0603972
0.0468684
0.0508871
0.0617806
0.0506507
0.0438
0.0443252
0.0388182
0.048651
0.0569522
0.0536906
0.0464525
0.049289
0.0434218
0.0372402
0.055584
0.0463259
0.0453995
0.0484336
0.0499059
0.0507873
0.0464795
0.0504243
0.0489473
0.053266
0.0406447
0.0439264
0.0488391
0.0479167
0.04476
0.0511247
0.0600092
0.064427
0.0665581
0.0471643
0.0624312
0.06155
0.043266
0.0514463
0.0484631
0.0429254
0.0617846
0.0564427
0.0431391
0.0587925
0.0645286
0.0476704
0.0471676
0.0603069
0.0471291
0.036988
0.0457706
0.042686
0.0479248
0.0522518
0.042105
0.0441795
0.0508911
0.0451864
0.0609308
0.0588618
0.0557546
0.0479362
0.0384901
0.0448734
0.0361305
0.0419329
0.0564596
0.0487246
0.0554113
0.0540474
0.0435715
0.0436535
0.056133
0.057907
0.0460492
0.0384253
0.0409521
0.0353261
0.0434361
0.0536925
0.038954
0.049412
0.0449957
0.0434373
0.0428147
0.0455098
0.0492688
0.045431
0.0636579
0.0507245
0.0382962
0.0468037
0.0517264
0.0455754
0.0492786
0.0483375
0.0608237
0.0513905
0.0429084
0.0440509
0.0461327
0.0412261
0.0480309
0.0526601
0.0462519
0.0479231
0.0430649
0.0476989
0.0653187
0.0617702
0.0567799
0.0392867
0.04543
0.0425342
0.0522184
0.0532942
0.046879
0.0493146
0.0413132
0.0473497
0.0635209
0.0478089
0.0472795
0.0391186
0.039571
0.0380607
0.063375
0.0426491
0.0553235
0.0532093
0.0452542
0.0471939
0.0384452
0.0460973
0.0548181
0.0547866
0.058886
0.0491623
0.0493987
0.0371961
0.0590241
0.0613001
0.0500292
0.0560183
0.0474749
0.0440626
0.0472249
0.0565752
0.0408569
0.0378462
0.0377703
0.0407061
0.0415625
0.0473874
0.0398144
0.0393343
0.0467442
0.0485246
0.0501837
0.0463631
0.0472616
0.0511921
0.0458765
0.0408603
0.0391791
0.0440396
0.0478646
0.0444852
0.039457
0.0513125
0.0505509
0.0568746
0.0609441
0.0464115
0.0520361
0.0429207
0.0375856
0.0441696
0.036635
0.0406278
0.0305866
0.0309745
0.0385328
0.0464059
0.0535154
0.0434657
0.0539474
0.0671291
0.0629723
0.0463287
0.041278
0.0592353
0.0431963
0.0414113
0.052124
0.0454186
0.0603336
0.042452
0.0504978
0.0619013
0.0552422
0.0463201
0.0407708
0.043085
0.0487431
0.0417663
0.054354
0.057326
0.0553587
0.0482814
0.0492857
0.0448123
0.0497625
0.0478254
0.0670227
0.0438468
0.0439025
0.048984
0.0440032
0.0442915
0.0438054
0.0495299
0.0576686
0.0483923
0.0564406
0.0432962
0.0563627
0.0422612
0.0487065
0.0371391
0.0392805
0.0455191
0.0494152
0.041434
0.0526
0.0705982
0.0714646
0.0482736
0.0411291
0.0420077
0.0484574
0.0324637
0.03835
0.0446337
0.0428741
0.0484375
0.0487047
0.0375396
0.0443826
0.0538886
0.0472276
0.0427293
0.0564987
0.0595447
0.0489806
0.0555259
0.0569383
0.0515401
0.0449489
0.0516903
0.0404099
0.0392359
0.0390501
0.0359285
0.0451656
0.042103
0.048213
0.0420786
0.0382676
0.0457595
0.0589814
0.0740174
0.0573894
0.0550679
0.0474854
0.0490467
0.0440421
0.0567112
0.0584209
0.0444654
0.0405121
0.0421749
0.0371589
0.0454177
0.0365719
0.0478803
0.0444375
0.0450148
0.0352294
0.0464864
0.0493064
0.0472615
0.0592904
0.0477974
0.0508849
0.0525719
0.0493931
0.049732
0.0567834
0.0507832
0.0699008
0.0616827
0.0511295
0.0365368
0.0447745
0.0504383
0.040207
0.0498514
0.052644
0.0547785
0.0481314
0.0526489
0.0451265
0.0428886
0.0488633
0.054934
0.0467156
0.0546276
0.0402284
0.0524141
0.0421447
0.0414798
0.0366252
0.0420778
0.0388602
0.0396307
0.0513515
0.04429
0.0482517
0.04128
0.0421776
0.0521829
0.0573449
0.0535564
0.0473214
0.0494402
0.040841
0.0422682
0.0401346
0.0548548
0.0515802
0.0528718
0.0491191
0.05784
0.0553504
0.0600316
0.0518391
0.0535095
0.047397
0.0397558
0.0429136
0.0388264
0.0429579
0.0453943
0.0473769
0.0339567
0.0340198
0.0411739
0.043344
0.0473593
0.0558575
0.0741651
0.0676651
0.0506018
0.0427357
0.037837
0.0490952
0.0370023
0.0476769
0.0467572
0.0598654
0.0479599
0.0420323
0.0516099
0.0551893
0.0527152
0.0492704
0.0443395
0.0422717
0.039427
0.0481293
0.0454581
0.0440492
0.0438623
0.0529988
0.0516203
0.0519174
0.0521325
0.0444191
0.0492355
0.0508524
0.0397529
0.0370272
0.0449524
0.047293
0.0588744
0.0497013
0.0617415
0.073126
0.0657692
0.0579138
0.0460779
0.0415219
0.0506719
0.0470545
0.0448774
0.0577474
0.0500228
0.0498029
0.0440585
0.0432123
0.0558238
0.0486545
0.0455184
0.0466157
0.0498849
0.0416995
0.0488644
0.0509771
0.0475108
0.050385
0.0458084
0.0519981
0.0617497
0.0419394
0.0481384
0.0601261
0.0432523
0.0458727
0.0369996
0.061139
0.0501083
0.0393601
0.0555196
0.0523768
0.0495763
0.04329
0.0537027
0.0585025
0.0477159
0.0401032
0.0408466
0.0383798
0.0402518
0.0494902
0.046145
0.0549775
0.0446413
0.0380522
0.0482117
0.0386205
0.0522974
0.048947
0.0633611
0.0513617
0.0453525
0.0420932
0.0396032
0.0477587
0.0712776
0.0598121
0.0357905
0.0488515
0.0490973
0.0482922
0.0639779
0.0415155
0.0499504
0.0495684
0.047371
0.0355724
0.0505835
0.0579119
0.060514
0.0635224
0.046288
0.0519553
0.0496916
0.0516822
0.0468306
0.0550706
0.0409766
0.0401581
0.0645237
0.0733607
0.0587988
0.0496535
0.0501483
0.0419279
0.0598301
0.0582339
0.0688396
0.0603793
0.0465634
0.0475234
0.0405092
0.0639484
0.0343212
0.0588323
0.0587757
0.0646039
0.045449
0.0422088
0.0456657
0.0392928
0.051687
0.0530329
0.0500124
0.0457353
0.0596495
0.0564649
0.048687
0.045666
0.0423232
0.0444267
0.037118
0.0438107
0.0456477
0.0521228
0.051228
0.0516888
0.0484257
0.0469809
0.0445536
0.0667683
0.0568831
0.0494132
0.0406714
0.041976
0.0554092
0.0508031
0.0662786
0.0473494
0.0362214
0.0514463
0.0532137
0.0565536
0.0443392
0.0538451
0.0685157
0.071706
0.051549
0.0570095
0.0716172
0.055261
0.0451271
0.0505033
0.0451097
0.0468783
0.0398538
0.0559763
0.0480679
0.0444111
0.0401195
0.0543938
0.0537582
0.0516862
0.0470175
0.0410451
0.0446167
0.045095
0.0515852
0.0630637
0.0542488
0.0509825
0.0440556
0.0571968
0.0467633
0.0439961
0.0385529
0.0473592
0.047012
0.0468749
0.0358439
0.0345091
0.0535581
0.0572641
0.0376495
0.0413746
0.0575273
0.0540084
0.057269
0.0588584
0.0463732
0.0500227
0.0416344
0.0314835
0.040337
0.0487643
0.0742952
0.0580829
0.0444529
0.0491757
0.0372787
0.0411633
0.0537149
0.0549821
0.0510244
0.0440806
0.0544578
0.0501917
0.0522769
0.0406639
0.0470669
0.0483615
0.0467988
0.0587063
0.0385924
0.0390267
0.0469416
0.039476
0.0422555
0.0473325
0.0536879
0.0472967
0.0526543
0.0501685
0.0466657
0.0674322
0.0531079
0.054097
0.0460359
0.0426579
0.0402609
0.040031
0.0407416
0.0595856
0.0539365
0.0517301
0.0496869
0.0451264
0.0442122
0.0455276
0.0432826
0.0465551
0.0554819
0.0496466
0.0408426
0.0310859
0.041365
0.0372639
0.037533
0.0473602
0.058673
0.0526352
0.0472374
0.052664
0.0554579
0.0661434
0.0564271
0.0560504
0.051944
0.046677
0.0483472
0.0506382
0.0392354
0.043525
0.0629332
0.0463967
0.0527328
0.0433439
0.0535872
0.082516
0.0625095
0.0579459
0.0496284
0.0479503
0.0450031
0.0619722
0.0468572
0.0671133
0.0408353
0.0532561
0.0461251
0.046308
0.0615095
0.0609298
0.0629463
0.0420262
0.0511155
0.0428577
0.060053
0.0442045
0.0490794
0.0470749
0.0413606
0.0437075
0.0383196
0.0500897
0.0380597
0.0403974
0.0369468
0.036114
0.0473359
0.0538209
0.0465766
0.0469493
0.0519758
0.0362979
0.0620608
0.0477572
0.0636296
0.062775
0.0446949
0.0593817
0.0468171
0.0429069
0.0439998
0.0430475
0.0461643
0.0561649
0.0543844
0.058572
0.0440989
0.0640156
0.0635158
0.0560185
0.0662582
0.0650638
0.0503187
0.0527254
0.0582254
0.0493844
0.0429219
0.0453657
0.0529233
0.055891
0.0548061
0.0701335
0.0635263
0.0516659
0.0454986
0.0544352
0.0461895
0.0575089
0.0574918
0.0604939
0.032981
0.0419522
0.0546284
0.0481711
0.0473501
0.0526298
0.0537683
0.0492574
0.0406092
0.0514641
0.0516575
0.0518892
0.0555841
0.0541463
0.0641796
0.0709778
0.047326
0.0434689
0.0477535
0.0531485
0.0340966
0.0411434
0.051025
0.0544912
0.0419438
0.0422416
0.0446661
0.0414654
0.0387884
0.043733
0.0525729
0.0562411
0.0750692
0.0694804
0.0518619
0.0429004
0.0473389
0.0487811
0.0468875
0.0505337
0.0407783
0.0512519
0.0536839
0.0448001
0.0396645
0.0419898
0.0576281
0.0712127
0.0691634
0.0508954
0.060905
0.0463727
0.0429128
0.0381013
0.0498464
0.0472405
0.0483041
0.0341504
0.0463365
0.0465737
0.0464191
0.0407762
0.0512853
0.0397594
0.0543899
0.056302
0.0419186
0.0537043
0.0390444
0.0323261
0.0327988
0.0455814
0.0423602
0.0399621
0.0472217
0.0507903
0.0677514
0.0494784
0.0567902
0.0502055
0.0472577
0.0425183
0.0475339
0.0487322
0.0426573
0.0514761
0.0508618
0.0480381
0.0587227
0.0487622
0.0602619
0.0474115
0.0641023
0.0636824
0.0613892
0.0457401
0.0418293
0.0380913
0.0462463
0.0416257
0.0388974
0.0357427
0.0373466
0.0562049
0.0513922
0.0472832
0.0451161
0.0480951
0.0633345
0.0560354
0.0457175
0.0478375
0.064201
0.0577172
0.0472664
0.0460022
0.0422783
0.0504749
0.0459257
0.0508313
0.0438811
0.0375796
0.0531342
0.0364654
0.0494642
0.0561049
0.052214
0.0483058
0.0508054
0.0404146
0.0512168
0.0490143
0.0431598
0.0558835
0.0549901
0.0506774
0.0558744
0.0618221
0.0503175
0.0470785
0.0458253
0.0452131
0.0396494
0.0424897
0.0510896
0.0539562
0.0413638
0.0565412
0.073047
0.0495609
0.0543417
0.0605691
0.0589032
0.054725
0.0522817
0.0437396
0.0465563
0.0410566
0.0671403
0.0677286
0.0595433
0.0565153
0.059945
0.0395407
0.0390838
0.0666107
0.0614908
0.0496833
0.050728
0.0532995
0.049237
0.0456629
0.0424922
0.0512213
0.0446437
0.0514808
0.0440928
0.0398163
0.0440614
0.0428449
0.0542833
0.0507448
0.0530612
0.0470978
0.0376284
0.0548719
0.0467864
0.0434048
0.0599158
0.0542466
0.0493505
0.0554089
0.0464485
0.0471333
0.042725
0.0384925
0.0374508
0.0453802
0.0523457
0.0579077
0.0475351
0.0436706
0.045736
0.0461897
0.0643469
0.0610641
0.0467209
0.0352846
0.0555112
0.0486836
0.0472106
0.0413497
0.0433022
0.0411834
0.0497029
0.0483256
0.0469505
0.0668121
0.0536571
0.0638611
0.0486607
0.0443282
0.0522834
0.0572671
0.059145
0.0538433
0.0573334
0.0601048
0.0563532
0.0451016
0.0537137
0.0595034
0.0463366
0.037525
0.0415473
0.0345646
0.0435986
0.0360811
0.0383675
0.0432624
0.0445805
0.0341985
0.0350849
0.0455733
0.0380048
0.0447666
0.0547313
0.0484631
0.0475592
0.040357
0.0438557
0.0620358
0.0537872
0.0553377
0.0442454
0.039388
0.0328207
0.0387648
0.0513252
0.0570832
0.045689
0.0445593
0.0371801
0.0496729
0.048332
0.0416984
0.0421523
0.042984
0.0420798
0.0348408
0.0469164
0.041241
0.0360249
0.0473618
0.041819
0.0369401
0.0490904
0.0496845
0.0489979
0.0537058
0.0577144
0.0505891
0.0418249
0.053406
0.0513386
0.0636564
0.052241
0.0573454
0.0476638
0.0595968
0.0462055
0.0487381
0.0455337
0.0470908
0.0474289
0.0608135
0.0562039
0.0545924
0.0570057
0.0537212
0.0602565
0.0499506
0.0407902
0.0391474
0.0423621
0.0389083
0.0447332
0.0458488
0.0450149
0.0468739
0.0413499
0.0353528
0.0498458
0.0458661
0.048821
0.0688197
0.04868
0.053901
0.0445304
0.0374491
0.0476217
0.0449375
0.04468
0.0473992
0.0457971
0.0414248
0.0501614
0.0413308
0.0428092
0.051861
0.0446345
0.0405979
0.0443959
0.0507549
0.0418606
0.0449553
0.0594002
0.044242
0.0561632
0.0472038
0.0566495
0.0570697
0.0396233
0.0350744
0.0402013
0.0483158
0.0744142
0.0538359
0.0478333
0.0421883
0.0458872
0.0586029
0.0643333
0.0626304
0.0524044
0.0502885
0.0488438
0.0455714
0.0448166
0.04454
0.0344643
0.0494381
0.0594843
0.0463249
0.0480433
0.0475046
0.0415251
0.0368281
0.0406946
0.0486316
0.0491347
0.0387125
0.0391025
0.0438641
0.0459021
0.0501479
0.0633141
0.0539678
0.0493926
0.0491647
0.0514721
0.0541453
0.0375984
0.041296
0.0478937
0.0628928
0.0418005
0.0378711
0.0421891
0.0463379
0.0398665
0.053244
0.0471504
0.0541103
0.0513042
0.0492509
0.050072
0.0387375
0.0574
0.04785
0.0511511
0.0530279
0.0521688
0.0432526
0.0525891
0.0480912
0.0421205
0.0391504
0.055963
0.0375038
0.0443177
0.0436156
0.0448661
0.0488931
0.0450264
0.0410349
0.0502222
0.0545099
0.0489922
0.0406755
0.0414123
0.0488635
0.0389461
0.0444177
0.0412476
0.0586009
0.0519353
0.0461677
0.0367465
0.0381113
0.0425255
0.0379229
0.0455198
0.0498823
0.0586834
0.0624964
0.0497913
0.0436544
0.050979
0.0514075
0.0649315
0.0450102
0.0388525
0.0430011
0.0327654
0.0433057
0.0460869
0.0656741
0.0790996
0.0472483
0.0377912
0.0466968
0.0466276
0.0517671
0.0528532
0.044103
0.0481949
0.0465199
0.0413157
0.0399396
0.0446311
0.0402091
0.0401098
0.0538512
0.0609439
0.0539856
0.0468061
0.0424147
0.0408618
0.0440788
0.0465989
0.0554478
0.0470144
0.0460314
0.0487402
0.053917
0.0551027
0.0547271
0.0486621
0.0442228
0.0591904
0.0577638
0.0410163
0.0432596
0.0589904
0.0530743
0.0383509
0.0398017
0.0512452
0.0523526
0.0468696
0.0443841
0.0388853
0.0515985
0.0586337
0.0634203
0.0490853
0.0453634
0.0741629
0.0604965
0.0415761
0.0580237
0.0649596
0.0493312
0.0429612
0.0344159
0.0356733
0.0421658
0.0513228
0.0461722
0.046984
0.048403
0.0426694
0.0426928
0.065264
0.0477166
0.0535552
0.054285
0.044041
0.0521525
0.043812
0.0536899
0.054661
0.044037
0.0507472
0.0653422
0.0420893
0.0562619
0.0586448
0.0587845
0.0398146
0.0422301
0.0421582
0.0384541
0.0401466
0.0477025
0.0533776
0.0626695
0.0566463
0.038077
0.0576782
0.0536127
0.0542012
0.0488363
0.0552854
0.0428051
0.0501643
0.0540405
0.0526803
0.0432735
0.0386654
0.0417296
0.0413785
0.0480399
0.0350157
0.0540672
0.0430833
0.0428487
0.0406496
0.0388174
0.04625
0.0527724
0.0413368
0.0409971
0.0495812
0.0483601
0.0598551
0.0462147
0.0414284
0.0589003
0.0402811
0.0457525
0.0576913
0.0591209
0.0472545
0.0467166
0.0394766
0.0551114
0.0430518
0.0562439
0.0422352
0.0419173
0.0516592
0.0556401
0.0459204
0.0527065
0.0453675
0.0448435
0.0453125
0.0407702
0.0485273
0.0468986
0.0429018
0.0419711
0.0508631
0.052854
0.0543627
0.0602675
0.0598608
0.0507882
0.0433517
0.0469657
0.0440982
0.0461903
0.0407137
0.0419469
0.0438832
0.0583973
0.0626161
0.0492584
0.0457981
0.0540007
0.0440612
0.0443993
0.0386866
0.0395213
0.0461673
0.0353119
0.0356395
0.0441825
0.0498924
0.0492948
0.0498212
0.0316295
0.045792
0.0306237
0.0355914
0.0417672
0.0402197
0.0542555
0.0428336
0.0414307
0.0499744
0.049728
0.0504116
0.0439255
0.0448084
0.0480073
0.0493037
0.0513899
0.041483
0.0406561
0.0441319
0.0501322
0.0422327
0.0466167
0.0469611
0.0455115
0.0451609
0.0483324
0.049095
0.0418737
0.0494341
0.0449763
0.0527151
0.0482062
0.0401104
0.0564382
0.0618819
0.0460101
0.0441462
0.0404185
0.076537
0.0668338
0.0519772
0.0372055
0.049278
0.0527247
0.058653
0.0660407
0.0491707
0.0538524
0.0514388
0.0372548
0.0397959
0.0449794
0.0349035
0.0422695
0.0398481
0.03833
0.0481519
0.0432101
0.0388664
0.0457879
0.0563615
0.0491725
0.0538721
0.048223
0.0492135
0.0563741
0.0512577
0.0493412
0.054475
0.0519959
0.0509228
0.039879
0.0338348
0.0450552
0.071215
0.0473436
0.0608941
0.064262
0.0546587
0.0451219
0.0432587
0.0654778
0.0573083
0.0450868
0.0492421
0.0554514
0.0420212
0.0615936
0.0479283
0.0456255
0.0528321
0.0481325
0.0581887
0.0484171
0.0579748
0.0464565
0.0428649
0.0476874
0.046185
0.0484408
0.0503963
0.0561964
0.0619696
0.0527295
0.0442399
0.0553207
0.0498039
0.0439435
0.0368714
0.0392236
0.0511697
0.047855
0.0387969
0.040083
0.0493928
0.0436627
0.0593682
0.0597087
0.0425272
0.0356318
0.040676
0.0492956
0.0530452
0.0512805
0.0798303
0.0760616
0.0679957
0.067176
0.053083
0.0533432
0.0467622
0.0429857
0.0383168
0.0390669
0.0434563
0.0442714
0.0497401
0.0461479
0.0613012
0.0523054
0.0484357
0.0496187
0.0577742
0.0440094
0.0550364
0.0494134
0.0449012
0.0428504
0.0407507
0.0437382
0.0442708
0.0532521
0.0550542
0.0583371
0.0512621
0.0574108
0.0475969
0.044551
0.0483805
0.0456189
0.0445121
0.0461687
0.0410611
0.0444029
0.045756
0.0491999
0.057012
0.0372974
0.0402891
0.0418847
0.0491834
0.054028
0.0564274
0.0381471
0.0404083
0.0412093
0.0483638
0.0458257
0.0467908
0.0442571
0.0516208
0.0489771
0.0544795
0.0538677
0.0506843
0.040551
0.0532455
0.0522059
0.0462962
0.0411869
0.0359615
0.0448269
0.0424348
0.0481174
0.0499647
0.0409338
0.0437217
0.0384354
0.0428288
0.056728
0.0427229
0.0391676
0.0465415
0.0561441
0.0726679
0.052577
0.0451978
0.0415514
0.0425616
0.0518219
0.0395879
0.0500752
0.0569601
0.0471747
0.0565145
0.0508463
0.0412364
0.0583709
0.0465931
0.0575418
0.0500515
0.0488818
0.0516419
0.0445911
0.0515861
0.0542662
0.0492457
0.0469492
0.0463835
0.0683203
0.0538936
0.049332
0.0540196
0.0481265
0.0605227
0.0514393
0.0621905
0.0543507
0.0451428
0.0467812
0.0546769
0.0627957
0.0424338
0.0409547
0.0378739
0.0465958
0.0384997
0.0399174
0.0373107
0.0386357
0.0355655
0.0389396
0.0521796
0.0507861
0.0530331
0.0524621
0.055918
0.0459471
0.0539698
0.0560804
0.046906
0.0385928
0.0588728
0.0312046
0.045637
0.043372
0.0555812
0.0494204
0.0529323
0.0528699
0.0450105
0.0510392
0.0403935
0.0369785
0.0364138
0.0499517
0.0533421
0.0465008
0.0437024
0.0495199
0.0464698
0.0523636
0.0520488
0.0395652
0.0495436
0.06789
0.0500762
0.0560908
0.0500605
0.0473337
0.0444268
0.0744341
0.0878185
0.0587717
0.0577296
0.0489901
0.0409692
0.0402986
0.0427161
0.0419422
0.0460321
0.0526348
0.0530107
0.057772
0.0379762
0.0448009
0.0427518
0.0528641
0.0676175
0.0484475
0.0515417
0.0433321
0.0546177
0.0509981
0.0466607
0.0438858
0.0494025
0.0385657
0.0400341
0.0387014
0.0450439
0.0513999
0.050103
0.0465222
0.0638678
0.0441179
0.0461432
0.0478609
0.0387051
0.050911
0.0432482
0.053351
0.0578404
0.0551285
0.0438529
0.0479648
0.0481604
0.0480414
0.0528282
0.0513927
0.0485022
0.0621687
0.0517231
0.0510659
0.0529319
0.0565527
0.0443639
0.0389836
0.0477505
0.0436157
0.0439041
0.0428343
0.0574493
0.0638858
0.07156
0.0430979
0.0589435
0.0668603
0.0546729
0.0480475
0.0495318
0.0450692
0.0489273
0.05548
0.0450472
0.0434281
0.0403471
0.0512649
0.0529105
0.0609059
0.052309
0.044555
0.0490643
0.0520188
0.0465141
0.0471823
0.0394043
0.0467426
0.0426706
0.0419958
0.0482186
0.0480369
0.0538333
0.0396854
0.0466953
0.0615693
0.0597256
0.0515823
0.0525908
0.0532316
0.0619842
0.0538885
0.0488715
0.0586563
0.0444829
0.0489931
0.0516687
0.0435712
0.0492806
0.0515234
0.0547477
0.0482812
0.0668314
0.0577088
0.0570735
0.0490511
0.043644
0.0521039
0.0502512
0.0462246
0.041573
0.0609735
0.0493636
0.0437903
0.0445668
0.0476959
0.0520504
0.0510265
0.0440752
0.0436575
0.0503714
0.0607835
0.0607932
0.047613
0.0443248
0.0550384
0.0547951
0.0615642
0.0556131
0.0554119
0.0471568
0.0433098
0.0471499
0.0518673
0.0502738
0.0526418
0.0439395
0.0489261
0.0499079
0.0585231
0.0528226
0.0509093
0.0577722
0.0607476
0.0636233
0.0513257
0.051761
0.0474529
0.0512303
0.0446147
0.0566395
0.0597406
0.0589101
0.049831
0.0519824
0.0438517
0.0448096
0.0530524
0.0442918
0.0363458
0.0613082
0.0671086
0.0521286
0.0586218
0.0477922
0.0465713
0.0420414
0.0381416
0.0491176
0.0465732
0.0565709
0.0675088
0.0582466
0.0514461
0.0470584
0.044503
0.0422651
0.0364513
0.0482768
0.0724802
0.0644511
0.0461569
0.0567137
0.048815
0.0454
0.0411511
0.042056
0.0480703
0.0467341
0.0681239
0.0549529
0.0364608
0.0668193
0.0507524
0.0434
0.0532772
0.0637479
0.0432199
0.0523844
0.0376445
0.043883
0.043063
0.0669257
0.05896
0.0512858
0.0540878
0.0547206
0.0502439
0.0567548
0.0448109
0.058557
0.0422825
0.0548217
0.0555742
0.0452827
0.0449858
0.0610656
0.0438395
0.0350154
0.044712
0.0424423
0.0444466
0.0436925
0.0611474
0.0432668
0.0540182
0.0546957
0.0452789
0.0376453
0.0703806
0.0552892
0.0506096
0.0531414
0.0447733
0.052244
0.0391187
0.0363545
0.0563943
0.0489137
0.0477
0.0557999
0.0576796
0.0546344
0.0516121
0.0422039
0.0538989
0.0569312
0.055025
0.0339292
0.0477353
0.0516569
0.0614393
0.0539181
0.045321
0.0447301
0.0475387
0.0477833
0.0575713
0.0506461
0.0460591
0.0545534
0.0415578
0.0462956
0.0608023
0.0460731
0.0406675
0.0518548
0.0500078
0.04238
0.0456137
0.0534184
0.0455669
0.0404983
0.0558908
0.0350504
0.044633
0.0367006
0.0504443
0.0377202
0.0466136
0.048386
0.0440012
0.0433632
0.048498
0.059939
0.0463529
0.051055
0.0447685
0.0626507
0.0487318
0.0412053
0.042264
0.0437718
0.0479307
0.0614156
0.0452274
0.0421818
0.0496161
0.0462341
0.0554053
0.0555591
0.0417643
0.0587743
0.0441144
0.0397305
0.039513
0.0367246
0.0387083
0.0487955
0.0349262
0.0381897
0.0404809
0.0392998
0.0391002
0.0547914
0.0450762
0.0534128
0.0446577
0.0561178
0.0551525
0.0414455
0.0385566
0.0475628
0.0520119
0.0434061
0.0523842
0.0533294
0.0505659
0.0462912
0.061803
0.051815
0.0410472
0.0375518
0.0527822
0.0602751
0.0511494
0.0448267
0.0497485
0.0482347
0.0547176
0.0481626
0.0496209
0.0532666
0.044026
0.0410349
0.060211
0.0551431
0.0559503
0.0506803
0.0614507
0.0475262
0.0432257
0.0474367
0.042606
0.0538955
0.0377974
0.0492297
0.0571809
0.0511334
0.0469251
0.0512172
0.0725927
0.0492678
0.0529367
0.0668529
0.0534575
0.048385
0.0436667
0.0475934
0.0477098
0.0495092
0.0456777
0.0450093
0.0453838
0.0411619
0.042724
0.0407405
0.0543538
0.0498909
0.0404618
0.0432667
0.0581905
0.0489327
0.0345232
0.0483891
0.0392808
0.0417628
0.0446779
0.0449226
0.0473359
0.0518752
0.0613646
0.0536926
0.0597805
0.048317
0.0519289
0.0412935
0.0387076
0.0337777
0.0409768
0.0519569
0.0476031
0.0425722
0.041671
0.0429795
0.0586549
0.0459317
0.0557216
0.0643124
0.0487149
0.0461164
0.0563838
0.0428737
0.0525098
0.0471314
0.051055
0.0587173
0.0573713
0.0546193
0.0640239
0.0579864
0.0446233
0.0494926
0.0453532
0.0434639
0.0480209
0.0449187
0.0361837
0.039474
0.0445163
0.0369903
0.0375836
0.0372468
0.0502814
0.0403894
0.0392396
0.0349829
0.0470501
0.0423436
0.0627745
0.0626432
0.0421162
0.0447649
0.0553082
0.0472481
0.0512664
0.0444709
0.0489282
0.041884
0.0485348
0.0462134
0.046617
0.040896
0.0495955
0.0444628
0.0398104
0.0370791
0.0477003
0.0534123
0.0445916
0.0422805
0.057137
0.0547916
0.0635588
0.052919
0.0526656
0.0600193
0.041839
0.0458704
0.0576624
0.050353
0.0561774
0.0505229
0.0427658
0.0461155
0.0529898
0.0509437
0.0490884
0.0474964
0.0431563
0.0389022
0.050714
0.0727711
0.0543496
0.0625106
0.0525464
0.0536064
0.0505272
0.0357337
0.0523897
0.0660941
0.0446343
0.0424932
0.0544687
0.049134
0.0576136
0.0503003
0.0569833
0.0471193
0.0459706
0.0400586
0.0383874
0.0455451
0.0643307
0.0479055
0.0472528
0.0462137
0.0582467
0.0581842
0.0434474
0.032104
0.0451565
0.0399918
0.043698
0.0588325
0.0486643
0.0479961
0.0519924
0.041941
0.0492473
0.0516947
0.0621933
0.043077
0.0445671
0.0459492
0.0375643
0.0394511
0.0440268
0.0386324
0.0407894
0.0360177
0.054941
0.044675
0.0512752
0.0558979
0.0432886
0.0562965
0.052895
0.0491257
0.0659016
0.0442824
0.0509732
0.0520657
0.0473766
0.0520768
0.0527656
0.0419399
0.040322
0.0403394
0.0654152
0.0561279
0.0499324
0.0600425
0.0569732
0.0458125
0.0524427
0.0478515
0.0352229
0.0518201
0.0398659
0.0408973
0.0432139
0.0397785
0.0467073
0.0510737
0.0394612
0.0586935
0.0621761
0.0700632
0.066231
0.0416296
0.057378
0.0538093
0.0577193
0.0539329
0.056158
0.0519708
0.0616652
0.051768
0.0589772
0.0591355
0.0461867
0.0429528
0.0469121
0.0524096
0.0549283
0.05034
0.0480316
0.0482289
0.0534382
0.046968
0.0704366
0.0547849
0.0471704
0.0451737
0.0541354
0.0542332
0.0492805
0.03938
0.0484186
0.0575498
0.0392523
0.0410068
0.0431526
0.0467161
0.0465029
0.0516899
0.0413592
0.0463371
0.0542812
0.0476524
0.0432931
0.040194
0.0424072
0.0407826
0.0685398
0.0487761
0.0421322
0.0435108
0.0505914
0.0576854
0.0449059
0.0460277
0.034948
0.0507899
0.0503658
0.0475253
0.0480906
0.0470615
0.0382222
0.0428428
0.040769
0.0516486
0.057476
0.048519
0.0439642
0.0481925
0.0480577
0.0551635
0.0539762
0.0423149
0.0469041
0.0619909
0.0659802
0.0515795
0.049977
0.0428715
0.0609598
0.0486962
0.0514365
0.0525625
0.0527006
0.0523627
0.0592679
0.052104
0.0476141
0.0466431
0.0596664
0.0449345
0.047114
0.0443681
0.0447916
0.0542582
0.0627897
0.0555832
0.0616973
0.0430279
0.0394417
0.0452857
0.0472432
0.04242
0.0414913
0.0319974
0.04771
0.0436657
0.0452168
0.0482167
0.0435374
0.0470357
0.0620771
0.0595568
0.0555667
0.046762
0.0405211
0.0488681
0.0561433
0.0554321
0.0499161
0.0430141
0.0396476
0.0403218
0.0473009
0.0547072
0.0700963
0.0444305
0.0557975
0.0439387
0.0572242
0.068172
0.0516909
0.037656
0.0414362
0.0455299
0.0592005
0.054823
0.0579203
0.0568772
0.0400959
0.057048
0.0577664
0.0362616
0.0427352
0.0368201
0.0453426
0.0503953
0.0538925
0.0448365
0.0359135
0.0435957
0.0452561
0.0566842
0.059325
0.0458246
0.0605348
0.0543423
0.048354
0.0511011
0.0419245
0.044378
0.0447306
0.0522087
0.0486185
0.0479168
0.0448218
0.0452454
0.0480782
0.039456
0.0416732
0.0497284
0.0402488
0.039557
0.0379864
0.0590673
0.053149
0.055772
0.0485799
0.0484307
0.0533016
0.0574413
0.0529857
0.0439139
0.0538325
0.0701903
0.064669
0.0552115
0.0486925
0.0478328
0.0477675
0.0407825
0.0744518
0.0522667
0.050605
0.0727132
0.0739779
0.043126
0.0438468
0.0452616
0.0418314
0.0500452
0.0423371
0.0466298
0.0375045
0.0429482
0.0470913
0.0455548
0.0403957
0.0425463
0.0496082
0.0469606
0.048458
0.047927
0.0420166
0.0488987
0.0647688
0.0572031
0.0551059
0.0528078
0.0610842
0.0462743
0.0663772
0.0581831
0.0472906
0.0413634
0.0418081
0.066667
0.0466993
0.0411648
0.0377787
0.0382422
0.0480213
0.043097
0.0459683
0.0414015
0.0422895
0.0494888
0.0579001
0.0547039
0.0524875
0.0492535
0.0454037
0.0418321
0.038402
0.0459161
0.0531029
0.0474097
0.0555255
0.047755
0.0511987
0.0597891
0.0492711
0.0491719
0.0484544
0.0515595
0.0468965
0.0401461
0.0431279
0.0498357
0.0614399
0.0542878
0.0444153
0.0456972
0.0529262
0.0479504
0.049318
0.060081
0.0592272
0.0582638
0.0481766
0.0387215
0.0380957
0.0367468
0.0611474
0.0576884
0.0386663
0.0430122
0.0571957
0.0407153
0.0471875
0.0436707
0.0416377
0.0525212
0.0467008
0.0580347
0.057061
0.0398615
0.0464667
0.0524112
0.0453831
0.0481808
0.0511806
0.0431828
0.0624601
0.057795
0.0463357
0.0449831
0.0434854
0.0555921
0.0424241
0.0426823
0.032511
0.0460067
0.0572032
0.0532021
0.054111
0.0558419
0.0394085
0.0417263
0.0413817
0.047641
0.0434421
0.0514995
0.0545272
0.0609873
0.0502173
0.0525322
0.0411269
0.0449959
0.0516229
0.0504457
0.0494008
0.066265
0.0546986
0.058059
0.0547487
0.0530861
0.0490591
0.0562267
0.0501559
0.0453627
0.0495165
0.0582881
0.0475214
0.046327
0.0478035
0.0455747
0.0416003
0.0442848
0.0495407
0.0468686
0.0552651
0.0508522
0.0514755
0.0465135
0.0545935
0.0551061
0.0457168
0.0467075
0.0556529
0.0453944
0.0475125
0.0402807
0.0509012
0.0453266
0.0487987
0.0448493
0.0430042
0.048666
0.044087
0.0381396
0.0479392
0.0434042
0.0544151
0.058413
0.0615847
0.0641847
0.0593849
0.0460734
0.0437654
0.0550083
0.052282
0.045081
0.0523938
0.0513638
0.0532296
0.0523015
0.045778
0.0489723
0.0613254
0.0539327
0.0598253
0.0541499
0.0633904
0.0602571
0.0494575
0.046269
0.0456186
0.0663606
0.0573526
0.0623507
0.0431717
0.0435733
0.0376556
0.0433431
0.0487905
0.0362986
0.0454826
0.0421882
0.0435915
0.0490934
0.0559339
0.0413074
0.0408052
0.0494267
0.0447582
0.0466144
0.0464937
0.0446126
0.0471093
0.0598511
0.0556851
0.0437119
0.0359722
0.0424869
0.0447369
0.0531001
0.0529243
0.0466253
0.0451624
0.0502546
0.0335808
0.0358066
0.0539228
0.0521975
0.049706
0.0527042
0.0620573
0.048094
0.0424704
0.0726175
0.0379174
0.0358568
0.0497432
0.0525361
0.0571569
0.0638811
0.0481748
0.0375531
0.0395223
0.0628302
0.0532878
0.0525282
0.0532038
0.0546847
0.0569279
0.0660278
0.069912
0.0615718
0.05842
0.0554165
0.0454557
0.054601
0.0500374
0.0707864
0.0424881
0.044818
0.0474462
0.0393715
0.0497281
0.0593663
0.0461249
0.0477802
0.0520685
0.0476945
0.0620089
0.0483421
0.0432956
0.0404433
0.0484366
0.0402585
0.0388152
0.0464935
0.0403575
0.0412448
0.0417248
0.0512205
0.050681
0.0701116
0.0564887
0.040142
0.0484418
0.0476823
0.0508718
0.0492519
0.0469373
0.0478353
0.0440556
0.0579805
0.047072
0.0450936
0.0489268
0.0504323
0.0525036
0.0572251
0.0511375
0.0541203
0.0445515
0.0370829
0.044441
0.0393752
0.0472732
0.0442891
0.0436173
0.0506128
0.0422672
0.0488753
0.0516901
0.0505495
0.0534891
0.0505369
0.0467394
0.063749
0.043051
0.0615611
0.0523318
0.0505188
0.0575915
0.0398864
0.0435013
0.0380967
0.0404098
0.0467641
0.0471218
0.0481893
0.0410519
0.0543615
0.0504478
0.0468498
0.0406621
0.0461139
0.040565
0.0432877
0.0474912
0.0481467
0.0438356
0.0508818
0.042556
0.0454371
0.0542825
0.0559218
0.0403346
0.0422572
0.0409641
0.0451794
0.0653128
0.0508145
0.0492831
0.0478698
0.0444658
0.0473696
0.0548764
0.0484455
0.0530747
0.0634132
0.0365301
0.0442226
0.0403203
0.0398437
0.0411372
0.0450544
0.0517884
0.0516253
0.0468338
0.0624515
0.056843
0.0446263
0.0385118
0.0422142
0.0409902
0.0461545
0.0408716
0.0396017
0.0524781
0.054513
0.0486876
0.0457194
0.0483144
0.0555148
0.0718737
0.0704688
0.048029
0.0392546
0.0409487
0.0464956
0.0466643
0.0448762
0.0618275
0.0681378
0.0621189
0.0571328
0.0488754
0.0453211
0.0437672
0.0532203
0.0652279
0.0576388
0.0427155
0.0507762
0.0484101
0.0513316
0.044159
0.0503254
0.0397203
0.0373176
0.0456268
0.066087
0.0514621
0.0575597
0.0583482
0.0549233
0.05516
0.0388904
0.040404
0.043087
0.0499877
0.0614951
0.0548448
0.0539051
0.0534323
0.0378525
0.0503696
0.0466989
0.0525764
0.0565188
0.0534832
0.0550871
0.0465294
0.0433932
0.0465652
0.0444083
0.0710753
0.0441052
0.0451297
0.0441605
0.0420891
0.0451288
0.0446409
0.0426681
0.0395515
0.0505611
0.051424
0.0518834
0.0487274
0.0513696
0.0548123
0.0600588
0.0648376
0.057663
0.0520485
0.063469
0.0668245
0.047939
0.0664664
0.061146
0.0457579
0.054434
0.0672081
0.0426756
0.0543035
0.0407282
0.0381947
