-0.211637
-0.380279
-0.457623
-0.405239
-0.343408
-0.454489
-0.510841
-0.48649
-0.483215
-0.420636
-0.379393
-0.436729
-0.392017
-0.347134
-0.365461
-0.394857
-0.389425
-0.442153
-0.469217
-0.340474
-0.387663
-0.490158
-0.445545
-0.366161
-0.490113
-0.517596
-0.499309
-0.479825
-0.440071
-0.468002
-0.461394
-0.408216
-0.412093
-0.384632
-0.393783
-0.450311
-0.462293
-0.434928
-0.38397
-0.373111
-0.429416
-0.49986
-0.443452
-0.422872
-0.463538
-0.461392
-0.420028
-0.39553
-0.491854
-0.491154
-0.375297
-0.463828
-0.449391
-0.325538
-0.364335
-0.429109
-0.431821
-0.417654
-0.456585
-0.49067
-0.477567
-0.439751
-0.409908
-0.461356
-0.364109
-0.399322
-0.371146
-0.393402
-0.433301
-0.486125
-0.439944
-0.490075
-0.498124
-0.498759
-0.451196
-0.478394
-0.423539
-0.370673
-0.453435
-0.405321
-0.419386
-0.375762
-0.47164
-0.440813
-0.424455
-0.482065
-0.440129
-0.474863
-0.46017
-0.442755
-0.442047
-0.439788
-0.483884
-0.524908
-0.574449
-0.530502
-0.543835
-0.508862
-0.481654
-0.455665
-0.380045
-0.346104
-0.35251
-0.327453
-0.40189
-0.430028
-0.390308
-0.356826
-0.36338
-0.408909
-0.406211
-0.371458
-0.35478
-0.389068
-0.386976
-0.434524
-0.425242
-0.425455
-0.379128
-0.369628
-0.440178
-0.409557
-0.370607
-0.380627
-0.400241
-0.398768
-0.39349
-0.36337
-0.444497
-0.425091
-0.436969
-0.378826
-0.383654
-0.411098
-0.376497
-0.473175
-0.444076
-0.421385
-0.456793
-0.430061
-0.428933
-0.385494
-0.381723
-0.358569
-0.41416
-0.399162
-0.389218
-0.37257
-0.467991
-0.483317
-0.464858
-0.412491
-0.455835
-0.403687
-0.387655
-0.387468
-0.3908
-0.366459
-0.371715
-0.415517
-0.432572
-0.467334
-0.462486
-0.466354
-0.410069
-0.35126
-0.33188
-0.329713
-0.390564
-0.330129
-0.404988
-0.415244
-0.443705
-0.400326
-0.449466
-0.466653
-0.46111
-0.436254
-0.501834
-0.495983
-0.40618
-0.423864
-0.457863
-0.405637
-0.405036
-0.378338
-0.444113
-0.44567
-0.502993
-0.430379
-0.446384
-0.462225
-0.424048
-0.480835
-0.467962
-0.430893
-0.411315
-0.383033
-0.38821
-0.435018
-0.369502
-0.450502
-0.444347
-0.460989
-0.461226
-0.518417
-0.446871
-0.422903
-0.445466
-0.421082
-0.447521
-0.401767
-0.368357
-0.386665
-0.378683
-0.447392
-0.467187
-0.459332
-0.489196
-0.466302
-0.499073
-0.487732
-0.505882
-0.457234
-0.439982
-0.418672
-0.379608
-0.398172
-0.417415
-0.393809
-0.431543
-0.42238
-0.400209
-0.374757
-0.374889
-0.360701
-0.417587
-0.399742
-0.36647
-0.367941
-0.438645
-0.396262
-0.418092
-0.442495
-0.422058
-0.436196
-0.428161
-0.487809
-0.41563
-0.389804
-0.472177
-0.414014
-0.387356
-0.472295
-0.473209
-0.445829
-0.448941
-0.466253
-0.428082
-0.478756
-0.475663
-0.462535
-0.511433
-0.41983
-0.565118
-0.463402
-0.409077
-0.39196
-0.435087
-0.464239
-0.444206
-0.422596
-0.451966
-0.394728
-0.462071
-0.395128
-0.402329
-0.344729
-0.378906
-0.429253
-0.403488
-0.398394
-0.420846
-0.422388
-0.471461
-0.427113
-0.415885
-0.438602
-0.344641
-0.319358
-0.380202
-0.464178
-0.356849
-0.409883
-0.370772
-0.388913
-0.409081
-0.375484
-0.306611
-0.3459
-0.372069
-0.398367
-0.360282
-0.38498
-0.43588
-0.398912
-0.349934
-0.368338
-0.352818
-0.329783
-0.449843
-0.496731
-0.422471
-0.543348
-0.497701
-0.489628
-0.361144
-0.330006
-0.382627
-0.413277
-0.480759
-0.500475
-0.381579
-0.356614
-0.354065
-0.36237
-0.370823
-0.379449
-0.36652
-0.361661
-0.2953
-0.433982
-0.425717
-0.391747
-0.428524
-0.418765
-0.408474
-0.412216
-0.490264
-0.464192
-0.41798
-0.389835
-0.38864
-0.387078
-0.446105
-0.431072
-0.410325
-0.377183
-0.412152
-0.408743
-0.395867
-0.398258
-0.382119
-0.386297
-0.322979
-0.367362
-0.438917
-0.359259
-0.352797
-0.343199
-0.394135
-0.364833
-0.364014
-0.31539
-0.325012
-0.355953
-0.39553
-0.450885
-0.461182
-0.450109
-0.439044
-0.377769
-0.325223
-0.406481
-0.412035
-0.42499
-0.448534
-0.451448
-0.449688
-0.329873
-0.378887
-0.394814
-0.480612
-0.468998
-0.425488
-0.370578
-0.368791
-0.362305
-0.384754
-0.457346
-0.435935
-0.34344
-0.385133
-0.434696
-0.44279
-0.456585
-0.49907
-0.479371
-0.436139
-0.414653
-0.39694
-0.448253
-0.431178
-0.415405
-0.458848
-0.366422
-0.406752
-0.422928
-0.376644
-0.383668
-0.369714
-0.414939
-0.482179
-0.380686
-0.357717
-0.367717
-0.354064
-0.38899
-0.414946
-0.411175
-0.383057
-0.424978
-0.389265
-0.430683
-0.37228
-0.40649
-0.407165
-0.461508
-0.511714
-0.499364
-0.536362
-0.466929
-0.394841
-0.397002
-0.488946
-0.427634
-0.418514
-0.415432
-0.471829
-0.418845
-0.40823
-0.396105
-0.389846
-0.475801
-0.470377
-0.409498
-0.378251
-0.39351
-0.403562
-0.404156
-0.40316
-0.380105
-0.430207
-0.445602
-0.416404
-0.418215
-0.465021
-0.406603
-0.40585
-0.400055
-0.426071
-0.43076
-0.403107
-0.370536
-0.484239
-0.459446
-0.429973
-0.402619
-0.370296
-0.354884
-0.330558
-0.351921
-0.358186
-0.425492
-0.311078
-0.346977
-0.396266
-0.410481
-0.332502
-0.346476
-0.37768
-0.399722
-0.42147
-0.487204
-0.407714
-0.474239
-0.398676
-0.399513
-0.371493
-0.487742
-0.433306
-0.349026
-0.374311
-0.417518
-0.423153
-0.451761
-0.434416
-0.447455
-0.407606
-0.367525
-0.350366
-0.444475
-0.437734
-0.425939
-0.431125
-0.525362
-0.450315
-0.461938
-0.421482
-0.367368
-0.415296
-0.40778
-0.394277
-0.411093
-0.413607
-0.41376
-0.468544
-0.481008
-0.420937
-0.446732
-0.356133
-0.340609
-0.323922
-0.278577
-0.337656
-0.347948
-0.30898
-0.387648
-0.42456
-0.420537
-0.455252
-0.445618
-0.443928
-0.424729
-0.459133
-0.432706
-0.422244
-0.389864
-0.406862
-0.33749
-0.392108
-0.351766
-0.397649
-0.343805
-0.379114
-0.435753
-0.458825
-0.528971
-0.513162
-0.523455
-0.44239
-0.436727
-0.424151
-0.367848
-0.370213
-0.400451
-0.421246
-0.361163
-0.391571
-0.331043
-0.350134
-0.377887
-0.359896
-0.360301
-0.389523
-0.419854
-0.38177
-0.405013
-0.386342
-0.37206
-0.425337
-0.36341
-0.496324
-0.458259
-0.505453
-0.524321
-0.492622
-0.413093
-0.432751
-0.488382
-0.452759
-0.38667
-0.365036
-0.327786
-0.323505
-0.36015
-0.409399
-0.370362
-0.361223
-0.430125
-0.467355
-0.408508
-0.386772
-0.46313
-0.452589
-0.465087
-0.530743
-0.478837
-0.519201
-0.417156
-0.381223
-0.445003
-0.464641
-0.423985
-0.453669
-0.393401
-0.392607
-0.395873
-0.383973
-0.357014
-0.339342
-0.405414
-0.378001
-0.412521
-0.407151
-0.474159
-0.419314
-0.448597
-0.48096
-0.435576
-0.438195
-0.487928
-0.495518
-0.438132
-0.44608
-0.410597
-0.401908
-0.400825
-0.368138
-0.395447
-0.3931
-0.439696
-0.525193
-0.500299
-0.415571
-0.498533
-0.526667
-0.553712
-0.503931
-0.494327
-0.477036
-0.460045
-0.494163
-0.430283
-0.486609
-0.482135
-0.455646
-0.484807
-0.478869
-0.455274
-0.504343
-0.500969
-0.434868
-0.442743
-0.476395
-0.368658
-0.363188
-0.429099
-0.39085
-0.412749
-0.421814
-0.489423
-0.485611
-0.449186
-0.343445
-0.342633
-0.383168
-0.334472
-0.314371
-0.340665
-0.326717
-0.350425
-0.412904
-0.412488
-0.386923
-0.415437
-0.445493
-0.487735
-0.52537
-0.418106
-0.458974
-0.44147
-0.491884
-0.476494
-0.486735
-0.446688
-0.464193
-0.466631
-0.459046
-0.389215
-0.429594
-0.484034
-0.461685
-0.550938
-0.573557
-0.49507
-0.422038
-0.403169
-0.425858
-0.408919
-0.404067
-0.458393
-0.438919
-0.458392
-0.392863
-0.403506
-0.432199
-0.424355
-0.44121
-0.410526
-0.437358
-0.374101
-0.326293
-0.441994
-0.477984
-0.395646
-0.420353
-0.439816
-0.396223
-0.325146
-0.329224
-0.406322
-0.38702
-0.384539
-0.37735
-0.448973
-0.384232
-0.451464
-0.449967
-0.490383
-0.447279
-0.408411
-0.33905
-0.357373
-0.361292
-0.377704
-0.387303
-0.378872
-0.310182
-0.410411
-0.429251
-0.369013
-0.421009
-0.387236
-0.346242
-0.357141
-0.360169
-0.438154
-0.367212
-0.34016
-0.328938
-0.343478
-0.329033
-0.385134
-0.363664
-0.320749
-0.309901
-0.34708
-0.383514
-0.420383
-0.403717
-0.470868
-0.389004
-0.373892
-0.35475
-0.431501
-0.477613
-0.405756
-0.434046
-0.399599
-0.413904
-0.440632
-0.416171
-0.399938
-0.419918
-0.402194
-0.400299
-0.347047
-0.343834
-0.386829
-0.358363
-0.379988
-0.406602
-0.480986
-0.462679
-0.416898
-0.454544
-0.386925
-0.399041
-0.404708
-0.389493
-0.448619
-0.44638
-0.390553
-0.450925
-0.453504
-0.425187
-0.392481
-0.363734
-0.353503
-0.336458
-0.357035
-0.407193
-0.441088
-0.415921
-0.411291
-0.362581
-0.441249
-0.425681
-0.439481
-0.352568
-0.3478
-0.394819
-0.413756
-0.426528
-0.401776
-0.430529
-0.427375
-0.429425
-0.387266
-0.425258
-0.440313
-0.47622
-0.438144
-0.463273
-0.436616
-0.461136
-0.438278
-0.408488
-0.441802
-0.53554
-0.536631
-0.475967
-0.405337
-0.439838
-0.423568
-0.463866
-0.460049
-0.46132
-0.398374
-0.381166
-0.423917
-0.37533
-0.379514
-0.391196
-0.374496
-0.384623
-0.371208
-0.439209
-0.465221
-0.338491
-0.356196
-0.341249
-0.354447
-0.406861
-0.378261
-0.285629
-0.338971
-0.358225
-0.380312
-0.394618
-0.377495
-0.398227
-0.386382
-0.357994
-0.297244
-0.329203
-0.331626
-0.380605
-0.394485
-0.37129
-0.37105
-0.362436
-0.389074
-0.338569
-0.35247
-0.404299
-0.334526
-0.417325
-0.372388
-0.365845
-0.392397
-0.381916
-0.412885
-0.420839
-0.337958
-0.350172
-0.412058
-0.345135
-0.433584
-0.444354
-0.442951
-0.384401
-0.361177
-0.385936
-0.439273
-0.424182
-0.438794
-0.432252
-0.375827
-0.306031
-0.408539
-0.385287
-0.387627
-0.452749
-0.463156
-0.423853
-0.407724
-0.411335
-0.399834
-0.391471
-0.429214
-0.478593
-0.467644
-0.418123
-0.471264
-0.50677
-0.419749
-0.402261
-0.437712
-0.381295
-0.401834
-0.35987
-0.369058
-0.388299
-0.422192
-0.391525
-0.481856
-0.425796
-0.396755
-0.406487
-0.408946
-0.46367
-0.4693
-0.509025
-0.44553
-0.37444
-0.383939
-0.450072
-0.441275
-0.361194
-0.384509
-0.374385
-0.409851
-0.421562
-0.394333
-0.345507
-0.34049
-0.377248
-0.470912
-0.396112
-0.401869
-0.375731
-0.419358
-0.468664
-0.516245
-0.518439
-0.443492
-0.412115
-0.292382
-0.383241
-0.437554
-0.390039
-0.395358
-0.408617
-0.421757
-0.447777
-0.418592
-0.431957
-0.421646
-0.466617
-0.487223
-0.448381
-0.450065
-0.427027
-0.448158
-0.339963
-0.415752
-0.450854
-0.404562
-0.360244
-0.372829
-0.411414
-0.392605
-0.409727
-0.440193
-0.359021
-0.408729
-0.4086
-0.401896
-0.429508
-0.436941
-0.436809
-0.410249
-0.505656
-0.572513
-0.461491
-0.444946
-0.405311
-0.331533
-0.35684
-0.401791
-0.420937
-0.421997
-0.413392
-0.406616
-0.396096
-0.408634
-0.437775
-0.388642
-0.464761
-0.384735
-0.358367
-0.376174
-0.354632
-0.370566
-0.406527
-0.460546
-0.421508
-0.328294
-0.353422
-0.382565
-0.313487
-0.344301
-0.307421
-0.383583
-0.426048
-0.386559
-0.377077
-0.379723
-0.410532
-0.386129
-0.462856
-0.381461
-0.32837
-0.344907
-0.331672
-0.314927
-0.391201
-0.383549
-0.422198
-0.380261
-0.35594
-0.374869
-0.473755
-0.405224
-0.493279
-0.474603
-0.452854
-0.4757
-0.411285
-0.504695
-0.484188
-0.463015
-0.437125
-0.386179
-0.392587
-0.351248
-0.438196
-0.387762
-0.451438
-0.455369
-0.402816
-0.405461
-0.382025
-0.370563
-0.420582
-0.485191
-0.562415
-0.480018
-0.396171
-0.366321
-0.361198
-0.349883
-0.371415
-0.361406
-0.392087
-0.424831
-0.405598
-0.395255
-0.440898
-0.421792
-0.331262
-0.356129
-0.395358
-0.443008
-0.386584
-0.29746
-0.384023
-0.469579
-0.393429
-0.382607
-0.430358
-0.39667
-0.414808
-0.42625
-0.451874
-0.396804
-0.42661
-0.444536
-0.459887
-0.48414
-0.489974
-0.527124
-0.502794
-0.507936
-0.576078
-0.470991
-0.410251
-0.477938
-0.440169
-0.380619
-0.416759
-0.379164
-0.370502
-0.384319
-0.372188
-0.369132
-0.42453
-0.422478
-0.421723
-0.424356
-0.494046
-0.458394
-0.444701
-0.419234
-0.447239
-0.394488
-0.428182
-0.405727
-0.354519
-0.405806
-0.465585
-0.453753
-0.403954
-0.339272
-0.345769
-0.394288
-0.310115
-0.328645
-0.353806
-0.356571
-0.416629
-0.416562
-0.398598
-0.387588
-0.296215
-0.3146
-0.368895
-0.431462
-0.447168
-0.469623
-0.446189
-0.378862
-0.393422
-0.399759
-0.358572
-0.370333
-0.408538
-0.416294
-0.458851
-0.445197
-0.393476
-0.424893
-0.411832
-0.484606
-0.488915
-0.422939
-0.348142
-0.369639
-0.382114
-0.395633
-0.356159
-0.291154
-0.363685
-0.382556
-0.405347
-0.445322
-0.329565
-0.362878
-0.389851
-0.360797
-0.361709
-0.347483
-0.392551
-0.340445
-0.418236
-0.497586
-0.478687
-0.438295
-0.406286
-0.398199
-0.374643
-0.409491
-0.407287
-0.436453
-0.435572
-0.414341
-0.36204
-0.35149
-0.407096
-0.379498
-0.347312
-0.424486
-0.440468
-0.421163
-0.379092
-0.408923
-0.344066
-0.425172
-0.460495
-0.461931
-0.428657
-0.432587
-0.443957
-0.506914
-0.460544
-0.528084
-0.430449
-0.39727
-0.461527
-0.439279
-0.413776
-0.436005
-0.378669
-0.401124
-0.454415
-0.486752
-0.446272
-0.399236
-0.452264
-0.486547
-0.449535
-0.473975
-0.466207
-0.445699
-0.356612
-0.472417
-0.409921
-0.485236
-0.426724
-0.487235
-0.482229
-0.446096
-0.451553
-0.454074
-0.434135
-0.434786
-0.399415
-0.264675
-0.336812
-0.347266
-0.346074
-0.33427
-0.406566
-0.425491
-0.434937
-0.444435
-0.457862
-0.401154
-0.390114
-0.343885
-0.388942
-0.361232
-0.369028
-0.396839
-0.522273
-0.515059
-0.501264
-0.461813
-0.491186
-0.463795
-0.40906
-0.454356
-0.416981
-0.396365
-0.417354
-0.389702
-0.389169
-0.384495
-0.391288
-0.389366
-0.461215
-0.448788
-0.423113
-0.398609
-0.441511
-0.426742
-0.419522
-0.479609
-0.473951
-0.587436
-0.51807
-0.456611
-0.470052
-0.457693
-0.41972
-0.364326
-0.44056
-0.450019
-0.487993
-0.491007
-0.506211
-0.411014
-0.425037
-0.402442
-0.39652
-0.43824
-0.477563
-0.501293
-0.458425
-0.434112
-0.433454
-0.4621
-0.4278
-0.35284
-0.386826
-0.408911
-0.348461
-0.359417
-0.369924
-0.378631
-0.37843
-0.351876
-0.363523
-0.42207
-0.325086
-0.33328
-0.39203
-0.468251
-0.429638
-0.460094
-0.419699
-0.434474
-0.334656
-0.402992
-0.414647
-0.404084
-0.400444
-0.423446
-0.398651
-0.410198
-0.366542
-0.347422
-0.472239
-0.495829
-0.380469
-0.411749
-0.453745
-0.37177
-0.417775
-0.388983
-0.414929
-0.399207
-0.359135
-0.364905
-0.361311
-0.320144
-0.392414
-0.395889
-0.40209
-0.420582
-0.379326
-0.363508
-0.46318
-0.380334
-0.439268
-0.480639
-0.475536
-0.464286
-0.430712
-0.404926
-0.377098
-0.395123
-0.404885
-0.403254
-0.359564
-0.35625
-0.394068
-0.444149
-0.453141
-0.345075
-0.366114
-0.308033
-0.394568
-0.429991
-0.4935
-0.41483
-0.438447
-0.392913
-0.411002
-0.45092
-0.400665
-0.320304
-0.359561
-0.355295
-0.373652
-0.46315
-0.523028
-0.433791
-0.387532
-0.408482
-0.42479
-0.364152
-0.445099
-0.489597
-0.481263
-0.449323
-0.433562
-0.417771
-0.410539
-0.483099
-0.399662
-0.402661
-0.412029
-0.381912
-0.419524
-0.432726
-0.507412
-0.451795
-0.391453
-0.438943
-0.427715
-0.435358
-0.359165
-0.349561
-0.312394
-0.421836
-0.449604
-0.443915
-0.433975
-0.388754
-0.380932
-0.448796
-0.430632
-0.40062
-0.477524
-0.46774
-0.4817
-0.49259
-0.525692
-0.483927
-0.438708
-0.463909
-0.409151
-0.410742
-0.438848
-0.478361
-0.474836
-0.455311
-0.46358
-0.476318
-0.480674
-0.471688
-0.430297
-0.401824
-0.373444
-0.360038
-0.38251
-0.374804
-0.410694
-0.452233
-0.479355
-0.438857
-0.444229
-0.447393
-0.377836
-0.4543
-0.447586
-0.431793
-0.456059
-0.380637
-0.434762
-0.493871
-0.462543
-0.483079
-0.42565
-0.387897
-0.312607
-0.36657
-0.376269
-0.442175
-0.437062
-0.444388
-0.396282
-0.355571
-0.367915
-0.350021
-0.374065
-0.372285
-0.323721
-0.376997
-0.394652
-0.412368
-0.371761
-0.356872
-0.318803
-0.431385
-0.379773
-0.364054
-0.358852
-0.394032
-0.354607
-0.331025
-0.354218
-0.412068
-0.416114
-0.413921
-0.387113
-0.411314
-0.40531
-0.431593
-0.459667
-0.414656
-0.440971
-0.405746
-0.424381
-0.413813
-0.389238
-0.371455
-0.467643
-0.385975
-0.454098
-0.408713
-0.372789
-0.43086
-0.394615
-0.415053
-0.442155
-0.491369
-0.388174
-0.430508
-0.449113
-0.434588
-0.421073
-0.430592
-0.49489
-0.463655
-0.406428
-0.379512
-0.327945
-0.271534
-0.30342
-0.395595
-0.469331
-0.508576
-0.515995
-0.46096
-0.408107
-0.379133
-0.332108
-0.398114
-0.40506
-0.39772
-0.413037
-0.463004
-0.438971
-0.399488
-0.388009
-0.397319
-0.482844
-0.503524
-0.410168
-0.37865
-0.326263
-0.336414
-0.352773
-0.363047
-0.414196
-0.352841
-0.396119
-0.404628
-0.366155
-0.342805
-0.372631
-0.386296
-0.377798
-0.429843
-0.439531
-0.50642
-0.436406
-0.461658
-0.407218
-0.469915
-0.444981
-0.47196
-0.565009
-0.515831
-0.491598
-0.427264
-0.416069
-0.37159
-0.404163
-0.40357
-0.410613
-0.442566
-0.380846
-0.358402
-0.412205
-0.406897
-0.385554
-0.409597
-0.374169
-0.363722
-0.32301
-0.371668
-0.414123
-0.434249
-0.389304
-0.389401
-0.348162
-0.412845
-0.369856
-0.33471
-0.331002
-0.417356
-0.414765
-0.47075
-0.475819
-0.494454
-0.487395
-0.522927
-0.487458
-0.53526
-0.591365
-0.521792
-0.46313
-0.475661
-0.421283
-0.428685
-0.447991
-0.433147
-0.395695
-0.405123
-0.401851
-0.455396
-0.513866
-0.525654
-0.462636
-0.439684
-0.46676
-0.454879
-0.432586
-0.477675
-0.494393
-0.513122
-0.433179
-0.420714
-0.416914
-0.377821
-0.396633
-0.370092
-0.425183
-0.448578
-0.424943
-0.384156
-0.362674
-0.341711
-0.360582
-0.37266
-0.366067
-0.316987
-0.372238
-0.382776
-0.35423
-0.353523
-0.382864
-0.331844
-0.381982
-0.348917
-0.324682
-0.392709
-0.381951
-0.412219
-0.387441
-0.370452
-0.393121
-0.35683
-0.421246
-0.398147
-0.409212
-0.351735
-0.445927
-0.532173
-0.44804
-0.472052
-0.468232
-0.438641
-0.475011
-0.455291
-0.456159
-0.424718
-0.380944
-0.418746
-0.432689
-0.439276
-0.439715
-0.434673
-0.40529
-0.516701
-0.450461
-0.390206
-0.427031
-0.471802
-0.449098
-0.498892
-0.460045
-0.410062
-0.426971
-0.405963
-0.368515
-0.382635
-0.33468
-0.304209
-0.28918
-0.314391
-0.400429
-0.354469
-0.313502
-0.369282
-0.343755
-0.399246
-0.385069
-0.374725
-0.450411
-0.472249
-0.497967
-0.427474
-0.419931
-0.400046
-0.371676
-0.358074
-0.427281
-0.398648
-0.397548
-0.40884
-0.42115
-0.41891
-0.437674
-0.427554
-0.362348
-0.367374
-0.406932
-0.381465
-0.378477
-0.352335
-0.385258
-0.405973
-0.546363
-0.566551
-0.494225
-0.421887
-0.421696
-0.447734
-0.492956
-0.370901
-0.347624
-0.379962
-0.391364
-0.486899
-0.413036
-0.375044
-0.358512
-0.406566
-0.39325
-0.347256
-0.311513
-0.342255
-0.395581
-0.376427
-0.427928
-0.445811
-0.438354
-0.378685
-0.48118
-0.436222
-0.391115
-0.455245
-0.448919
-0.465131
-0.500034
-0.511316
-0.376256
-0.439595
-0.447177
-0.458701
-0.452499
-0.373121
-0.388115
-0.38436
-0.468136
-0.456068
-0.452469
-0.352225
-0.416018
-0.428854
-0.422443
-0.381968
-0.35915
-0.439695
-0.418882
-0.453218
-0.348533
-0.345394
-0.307902
-0.319655
-0.423452
-0.40355
-0.450677
-0.523192
-0.509471
-0.413654
-0.416993
-0.413019
-0.406282
-0.397921
-0.388137
-0.470882
-0.449652
-0.448923
-0.422685
-0.432834
-0.405148
-0.372414
-0.353485
-0.375536
-0.429723
-0.363519
-0.346224
-0.356478
-0.349941
-0.37028
-0.363618
-0.338979
-0.354818
-0.416516
-0.408737
-0.420451
-0.427744
-0.467897
-0.449794
-0.392594
-0.463534
-0.43256
-0.519936
-0.486291
-0.482317
-0.458921
-0.374329
-0.401136
-0.350048
-0.429282
-0.436769
-0.453001
-0.435668
-0.444114
-0.353939
-0.380645
-0.364925
-0.399711
-0.375122
-0.407655
-0.403614
-0.332972
-0.321426
-0.387813
-0.314315
-0.460476
-0.466541
-0.454284
-0.513252
-0.473216
-0.41805
-0.428507
-0.425913
-0.423192
-0.405724
-0.436246
-0.443751
-0.409316
-0.488997
-0.495121
-0.487903
-0.537094
-0.533456
-0.455408
-0.534793
-0.49136
-0.551622
-0.561045
-0.616387
-0.499651
-0.50271
-0.527056
-0.47704
-0.470904
-0.411355
-0.433314
-0.446761
-0.480579
-0.451997
-0.453587
-0.382435
-0.41078
-0.440029
-0.356313
-0.374829
-0.398701
-0.411294
-0.377418
-0.356151
-0.405586
-0.439592
-0.483211
-0.39479
-0.41653
-0.412814
-0.388176
-0.354228
-0.363096
-0.389185
-0.449831
-0.416458
-0.396068
-0.452946
-0.435242
-0.404311
-0.362008
-0.361345
-0.336915
-0.358512
-0.432562
-0.503973
-0.483584
-0.479609
-0.388153
-0.374944
-0.401192
-0.476292
-0.543675
-0.471458
-0.378766
-0.381808
-0.424099
-0.488218
-0.449135
-0.426667
-0.401759
-0.385566
-0.436366
-0.435712
-0.433275
-0.410578
-0.394985
-0.44034
-0.423675
-0.369975
-0.42146
-0.396762
-0.400094
-0.405902
-0.440341
-0.421605
-0.426384
-0.363771
-0.387663
-0.360302
-0.375184
-0.374145
-0.325867
-0.311909
-0.409857
-0.387281
-0.399431
-0.386807
-0.388647
-0.408178
-0.41212
-0.356795
-0.347104
-0.390147
-0.400191
-0.370279
-0.416088
-0.45291
-0.422278
-0.434435
-0.442266
-0.371671
-0.383541
-0.432895
-0.410872
-0.427218
-0.409043
-0.392038
-0.390366
-0.404415
-0.390872
-0.318643
-0.314805
-0.38489
-0.430679
-0.397692
-0.380964
-0.370896
-0.374633
-0.414182
-0.361476
-0.404019
-0.437166
-0.476321
-0.41618
-0.423372
-0.388671
-0.36756
-0.390882
-0.43974
-0.448214
-0.438991
-0.507733
-0.573591
-0.490888
-0.42689
-0.418776
-0.449811
-0.436506
-0.468686
-0.43598
-0.544131
-0.488717
-0.480372
-0.458844
-0.42829
-0.428196
-0.425034
-0.408282
-0.472858
-0.553631
-0.572384
-0.449828
-0.424896
-0.400322
-0.381233
-0.470469
-0.508929
-0.502656
-0.570259
-0.475274
-0.496727
-0.387797
-0.358226
-0.360645
-0.408273
-0.424867
-0.458554
-0.437072
-0.445591
-0.420229
-0.398885
-0.364413
-0.408109
-0.435398
-0.430499
-0.438438
-0.428172
-0.536497
-0.582809
-0.480863
-0.584718
-0.569545
-0.645869
-0.605057
-0.493667
-0.526802
-0.565234
-0.557094
-0.526063
-0.459993
-0.47919
-0.49458
-0.5125
-0.463708
-0.585111
-0.506462
-0.506093
-0.449766
-0.42644
-0.357784
-0.384846
-0.400529
-0.460536
-0.361398
-0.293132
-0.415795
-0.408351
-0.402926
-0.381354
-0.371228
-0.41717
-0.414926
-0.395845
-0.355935
-0.342975
-0.371365
-0.373681
-0.420375
-0.501677
-0.481595
-0.49858
-0.510695
-0.534486
-0.526827
-0.514116
-0.419634
-0.461409
-0.486568
-0.448034
-0.401966
-0.321126
-0.32757
-0.416068
-0.387047
-0.362284
-0.35272
-0.331988
-0.438573
-0.418479
-0.335207
-0.327974
-0.356474
-0.335008
-0.382885
-0.431576
-0.468044
-0.47767
-0.414454
-0.426121
-0.387754
-0.474436
-0.532456
-0.425274
-0.45311
-0.407595
-0.429013
-0.396688
-0.394396
-0.441732
-0.429007
-0.408083
-0.379092
-0.415309
-0.398948
-0.394984
-0.415364
-0.408118
-0.376074
-0.348709
-0.392068
-0.403475
-0.393123
-0.351879
-0.396032
-0.410702
-0.438152
-0.436428
-0.500817
-0.444456
-0.490581
-0.467069
-0.443588
-0.41855
-0.427639
-0.427692
-0.352032
-0.371478
-0.394519
-0.400588
-0.41593
-0.364424
-0.466904
-0.40812
-0.395205
-0.427973
-0.366105
-0.404085
-0.348724
-0.332921
-0.362615
-0.313009
-0.349609
-0.316776
-0.342365
-0.264559
-0.367397
-0.417479
-0.430447
-0.431324
-0.539537
-0.461013
-0.457589
-0.413312
-0.385246
-0.403806
-0.358627
-0.402261
-0.369955
-0.410231
-0.381535
-0.324918
-0.391607
-0.393687
-0.383235
-0.319475
-0.397163
-0.384597
-0.42463
-0.455512
-0.498028
-0.450221
-0.425623
-0.454785
-0.426226
-0.378818
-0.363765
-0.48999
-0.460026
-0.474366
-0.454528
-0.474972
-0.441527
-0.451522
-0.462208
-0.388632
-0.381024
-0.417213
-0.387016
-0.46366
-0.400329
-0.389177
-0.344217
-0.397357
-0.394597
-0.425116
-0.449717
-0.407801
-0.410448
-0.384831
-0.390696
-0.345546
-0.410767
-0.437464
-0.44075
-0.43669
-0.46671
-0.410608
-0.457259
-0.465082
-0.428733
-0.482997
-0.413549
-0.430665
-0.379929
-0.380866
-0.336913
-0.35491
-0.38878
-0.40557
-0.372025
-0.380728
-0.404651
-0.419564
-0.402802
-0.391139
-0.38945
-0.461606
-0.420681
-0.431054
-0.48403
-0.415057
-0.434805
-0.393438
-0.424393
-0.467137
-0.459441
-0.482519
-0.5
-0.527046
-0.443344
-0.379273
-0.46885
-0.422828
-0.438243
-0.451512
-0.460298
-0.401933
-0.396921
-0.427325
-0.405012
-0.455871
-0.480957
-0.391966
-0.29063
-0.332332
-0.367575
-0.378866
-0.388616
-0.379011
-0.406117
-0.427804
-0.481429
-0.428788
-0.418137
-0.392284
-0.410544
-0.401769
-0.368978
-0.381817
-0.388572
-0.389189
-0.384726
-0.395318
-0.364658
-0.406134
-0.426971
-0.417598
-0.402477
-0.475558
-0.440282
-0.436746
-0.425826
-0.389486
-0.4289
-0.412519
-0.406591
-0.337879
-0.323931
-0.410352
-0.340913
-0.35278
-0.348072
-0.349029
-0.327822
-0.281914
-0.37215
-0.332392
-0.377638
-0.373295
-0.376979
-0.397122
-0.404948
-0.405489
-0.377033
-0.411161
-0.364442
-0.424246
-0.391747
-0.390986
-0.418763
-0.381017
-0.447487
-0.409458
-0.421579
-0.44336
-0.495366
-0.525507
-0.536895
-0.536737
-0.459742
-0.446026
-0.449506
-0.426698
-0.397338
-0.397046
-0.31684
-0.450034
-0.44942
-0.354864
-0.373182
-0.366509
-0.284096
-0.330238
-0.388833
-0.397414
-0.360177
-0.350225
-0.424643
-0.402847
-0.369133
-0.37154
-0.32999
-0.439128
-0.443431
-0.388849
-0.364382
-0.314753
-0.286399
-0.295617
-0.375728
-0.393233
-0.428866
-0.421386
-0.493839
-0.487225
-0.48505
-0.441479
-0.512602
-0.518667
-0.48685
-0.485318
-0.4971
-0.522141
-0.494363
-0.44258
-0.414652
-0.44669
-0.424353
-0.422476
-0.435932
-0.395407
-0.351305
-0.444841
-0.441131
-0.383491
-0.46979
-0.457412
-0.450722
-0.430717
-0.475266
-0.427771
-0.403302
-0.408478
-0.402378
-0.366855
-0.41625
-0.408661
-0.348001
-0.381166
-0.332541
-0.379034
-0.381256
-0.38651
-0.388584
-0.355101
-0.398196
-0.386802
-0.426449
-0.469879
-0.45529
-0.421082
-0.401776
-0.320972
-0.38807
-0.382747
-0.367232
-0.328672
-0.412512
-0.39222
-0.406417
-0.456248
-0.447473
-0.369574
-0.427927
-0.401654
-0.489301
-0.435365
-0.349869
-0.490356
-0.514539
-0.476857
-0.418455
-0.480163
-0.408635
-0.436913
-0.384887
-0.423467
-0.387555
-0.337518
-0.310133
-0.395913
-0.425927
-0.382657
-0.340166
-0.3631
-0.375073
-0.350483
-0.423582
-0.438172
-0.457204
-0.405858
-0.454083
-0.433965
-0.429997
-0.408351
-0.399771
-0.291953
-0.361923
-0.395495
-0.362994
-0.410781
-0.427779
-0.431212
-0.369349
-0.367142
-0.398996
-0.450917
-0.498632
-0.462761
-0.523804
-0.470542
-0.417261
-0.374171
-0.409426
-0.426302
-0.444783
-0.427861
-0.41562
-0.425453
-0.380058
-0.363234
-0.38718
-0.369309
-0.378058
-0.364764
-0.365524
-0.408082
-0.419991
-0.490331
-0.446133
-0.438573
-0.47471
-0.425485
-0.417794
-0.446162
-0.393913
-0.378134
-0.400717
-0.422524
-0.40895
-0.456898
-0.428668
-0.346808
-0.38562
-0.421174
-0.451982
-0.396064
-0.427412
-0.417175
-0.411745
-0.481747
-0.490394
-0.391575
-0.404588
-0.465049
-0.422891
-0.437163
-0.502084
-0.437894
-0.360919
-0.335725
-0.383672
-0.409617
-0.372537
-0.428477
-0.403322
-0.372111
-0.357915
-0.449947
-0.470311
-0.433121
-0.398575
-0.347075
-0.328707
-0.315723
-0.358425
-0.348267
-0.321622
-0.32675
-0.348789
-0.437822
-0.496071
-0.348908
-0.435499
-0.460854
-0.404609
-0.389375
-0.362383
-0.431892
-0.367412
-0.326593
-0.360657
-0.320749
-0.346526
-0.368799
-0.338145
-0.337296
-0.275394
-0.329402
-0.414974
-0.349479
-0.324514
-0.326674
-0.403437
-0.451403
-0.397187
-0.466189
-0.404325
-0.385761
-0.357973
-0.398973
-0.36906
-0.391955
-0.378524
-0.316447
-0.356174
-0.306885
-0.315454
-0.325116
-0.386494
-0.396418
-0.382209
-0.332209
-0.344895
-0.336303
-0.332531
-0.349617
-0.404898
-0.424308
-0.378697
-0.356907
-0.368737
-0.35807
-0.344934
-0.315884
-0.338439
-0.391363
-0.436771
-0.392218
-0.422006
-0.407616
-0.426476
-0.446296
-0.465933
-0.426682
-0.404126
-0.306254
-0.331076
-0.379838
-0.345694
-0.443066
-0.454487
-0.45414
-0.433665
-0.3882
-0.499718
-0.527101
-0.477692
-0.431748
-0.419676
-0.463066
-0.392855
-0.34409
-0.382722
-0.427705
-0.389998
-0.367286
-0.449936
-0.466631
-0.386049
-0.37233
-0.404189
-0.403433
-0.40187
-0.379771
-0.404774
-0.437313
-0.437721
-0.527892
-0.498879
-0.447468
-0.454901
-0.513049
-0.524565
-0.516771
-0.542424
-0.555401
-0.507814
-0.463951
-0.316302
-0.419107
-0.400366
-0.358636
-0.386144
-0.447755
-0.390293
-0.357844
-0.388566
-0.400698
-0.4157
-0.447621
-0.387516
-0.402428
-0.453211
-0.489324
-0.477694
-0.458911
-0.422167
-0.45274
-0.465361
-0.465732
-0.476668
-0.477341
-0.482416
-0.413875
-0.427523
-0.417416
-0.402331
-0.356244
-0.42366
-0.462411
-0.423745
-0.481948
-0.508015
-0.445701
-0.433522
-0.448088
-0.466891
-0.500245
-0.439845
-0.423466
-0.438498
-0.364861
-0.361581
-0.38011
-0.407905
-0.397734
-0.437503
-0.415824
-0.47462
-0.420603
-0.430131
-0.396329
-0.465071
-0.464558
-0.503075
-0.418775
-0.47007
-0.450456
-0.400531
-0.356032
-0.387359
-0.406805
-0.419911
-0.45545
-0.480825
-0.478931
-0.465707
-0.445854
-0.442377
-0.479704
-0.490694
-0.403672
-0.447726
-0.448229
-0.380643
-0.406851
-0.381534
-0.406629
-0.440962
-0.436336
-0.356998
-0.418212
-0.371619
-0.32333
-0.374307
-0.392507
-0.456892
-0.498349
-0.477058
-0.423561
-0.429837
-0.472803
-0.454386
-0.474411
-0.496849
-0.434584
-0.452688
-0.437668
-0.40948
-0.405472
-0.44759
-0.393452
-0.419986
-0.461662
-0.518216
-0.537518
-0.52973
-0.471892
-0.386075
-0.33486
-0.398409
-0.336885
-0.342533
-0.390312
-0.42308
-0.303997
-0.37798
-0.41457
-0.409873
-0.40777
-0.430154
-0.379649
-0.368535
-0.397909
-0.468386
-0.42709
-0.395273
-0.378956
-0.408117
-0.33546
-0.368478
-0.372713
-0.405482
-0.319666
-0.349586
-0.495306
-0.554787
-0.540818
-0.529147
-0.447031
-0.410881
-0.439079
-0.406051
-0.401887
-0.438791
-0.464462
-0.409717
-0.389479
-0.419739
-0.438583
-0.403824
-0.451192
-0.511129
-0.489797
-0.447371
-0.371433
-0.400222
-0.368504
-0.413482
-0.505114
-0.421129
-0.387459
-0.399082
-0.344387
-0.342625
-0.364952
-0.386518
-0.399259
-0.353883
-0.395156
-0.39147
-0.376437
-0.454324
-0.395813
-0.400529
-0.377991
-0.367168
-0.359988
-0.3639
-0.316435
-0.370782
-0.405546
-0.41802
-0.441339
-0.423495
-0.430037
-0.41473
-0.427087
-0.472603
-0.518098
-0.526697
-0.506262
-0.503669
-0.523702
-0.496437
-0.408548
-0.344746
-0.379008
-0.386134
-0.400772
-0.414501
-0.400807
-0.419923
-0.357479
-0.370941
-0.365406
-0.415241
-0.428465
-0.416469
-0.411119
-0.41867
-0.371076
-0.383542
-0.386132
-0.382665
-0.364502
-0.376716
-0.377651
-0.372015
-0.372197
-0.386769
-0.394513
-0.420468
-0.389681
-0.411304
-0.535436
-0.396654
-0.403867
-0.405635
-0.395564
-0.460446
-0.500657
-0.512998
-0.494193
-0.429844
-0.49519
-0.480294
-0.48858
-0.493288
-0.409653
-0.43957
-0.456331
-0.477584
-0.456456
-0.436257
-0.370548
-0.465518
-0.449773
-0.450906
-0.404349
-0.500632
-0.488981
-0.475995
-0.364723
-0.38935
-0.396032
-0.37194
-0.315225
-0.342481
-0.372074
-0.409402
-0.408045
-0.3952
-0.362311
-0.33269
-0.357178
-0.37362
-0.410507
-0.374227
-0.34098
-0.367791
-0.36289
-0.358201
-0.361392
-0.3724
-0.311221
-0.342049
-0.399051
-0.448643
-0.421798
-0.355374
-0.402136
-0.364513
-0.395407
-0.428321
-0.396319
-0.369269
-0.416451
-0.381003
-0.434248
-0.416958
-0.396798
-0.376217
-0.461512
-0.383206
-0.374815
-0.326885
-0.398358
-0.382282
-0.385123
-0.366965
-0.359686
-0.308452
-0.36057
-0.418341
-0.427883
-0.431948
-0.446039
-0.405375
-0.423504
-0.463785
-0.416819
-0.385942
-0.414723
-0.449828
-0.453447
-0.490333
-0.446963
-0.38534
-0.434512
-0.407754
-0.419216
-0.418826
-0.390198
-0.330875
-0.398994
-0.454859
-0.403143
-0.420954
-0.422987
-0.428265
-0.409617
-0.412558
-0.374678
-0.374813
-0.392228
-0.446067
-0.421063
-0.425352
-0.396713
-0.433042
-0.394316
-0.468531
-0.482363
-0.455949
-0.4621
-0.504224
-0.510534
-0.471208
-0.490037
-0.431971
-0.430061
-0.41731
-0.40759
-0.388423
-0.426083
-0.376921
-0.377117
-0.380907
-0.385163
-0.380874
-0.437874
-0.374054
-0.354758
-0.461141
-0.494969
-0.441513
-0.475633
-0.416196
-0.439835
-0.389311
-0.321478
-0.34651
-0.340062
-0.406879
-0.385679
-0.3513
-0.352789
-0.363129
-0.414255
-0.418527
-0.413344
-0.395926
-0.381965
-0.386165
-0.455201
-0.423568
-0.398292
-0.420484
-0.417407
-0.428614
-0.350724
-0.368445
-0.337501
-0.371395
-0.378499
-0.383399
-0.376093
-0.366678
-0.407623
-0.398015
-0.386588
-0.345995
-0.372124
-0.394992
-0.436965
-0.412693
-0.433764
-0.483264
-0.41881
-0.458931
-0.479474
-0.419216
-0.432721
-0.423152
-0.418249
-0.405915
-0.402415
-0.391761
-0.35368
-0.342357
-0.376783
-0.405836
-0.427536
-0.381607
-0.395698
-0.405805
-0.39399
-0.461784
-0.423068
-0.429621
-0.352626
-0.384992
-0.488899
-0.445164
-0.403146
-0.454593
-0.361674
-0.365706
-0.387982
-0.446427
-0.450681
-0.481427
-0.528425
-0.489261
-0.493469
-0.457677
-0.505593
-0.381625
-0.408105
-0.445722
-0.480348
-0.433152
-0.431527
-0.401257
-0.388765
-0.380113
-0.407703
-0.376757
-0.441985
-0.470596
-0.508067
-0.513182
-0.43437
-0.453873
-0.452737
-0.472349
-0.375273
-0.397922
-0.320959
-0.369549
-0.395351
-0.333767
-0.411401
-0.445042
-0.37766
-0.409725
-0.352679
-0.404928
-0.389276
-0.388217
-0.360507
-0.330313
-0.403175
-0.400322
-0.438435
-0.430738
-0.324537
-0.365767
-0.387431
-0.357578
-0.419095
-0.403243
-0.474897
-0.432137
-0.384581
-0.334317
-0.340066
-0.305634
-0.303032
-0.307398
-0.426785
-0.452169
-0.437117
-0.418513
-0.40924
-0.433029
-0.423831
-0.425449
-0.436226
-0.463252
-0.487605
-0.505694
-0.441324
-0.354753
-0.355525
-0.430292
-0.596685
-0.596745
-0.539573
-0.546153
-0.446929
-0.463282
-0.514171
-0.510336
-0.527289
-0.508166
-0.517145
-0.54529
-0.527466
-0.426603
-0.442543
-0.394685
-0.456408
-0.425904
-0.397453
-0.375789
-0.362104
-0.386046
-0.404553
-0.402455
-0.510514
-0.494792
-0.444457
-0.354424
-0.314972
-0.339162
-0.407192
-0.481761
-0.431462
-0.416725
-0.435457
-0.384213
-0.349783
-0.330392
-0.318257
-0.348865
-0.364677
-0.343595
-0.327216
-0.420621
-0.431968
-0.441428
-0.386468
-0.341612
-0.374395
-0.39483
-0.431704
-0.482751
-0.428676
-0.454965
-0.469131
-0.413123
-0.389143
-0.39647
-0.366566
-0.369976
-0.449514
-0.431382
-0.457401
-0.483144
-0.486413
-0.461198
-0.418827
-0.402124
-0.506841
-0.405378
-0.45127
-0.425053
-0.387576
-0.426748
-0.444859
-0.408203
-0.442759
-0.406879
-0.388113
-0.360128
-0.350639
-0.395645
-0.321824
-0.331026
-0.367579
-0.358766
-0.328793
-0.395821
-0.386365
-0.355804
-0.36836
-0.391253
-0.404308
-0.376867
-0.407352
-0.389654
-0.370104
-0.404557
-0.423723
-0.479325
-0.472485
-0.386457
-0.366427
-0.387481
-0.437809
-0.408353
-0.386721
-0.483038
-0.454644
-0.472183
-0.469037
-0.461275
-0.446481
-0.46988
-0.419825
-0.419996
-0.355307
-0.438762
-0.432854
-0.476242
-0.468582
-0.44962
-0.468474
-0.511969
-0.4715
-0.426707
-0.45217
-0.501465
-0.413041
-0.471584
-0.478815
-0.486599
-0.507679
-0.537186
-0.580914
-0.59865
-0.477099
-0.482904
-0.623673
-0.548588
-0.494967
-0.481775
-0.469782
-0.410639
-0.45707
-0.470765
-0.484952
-0.443211
-0.401144
-0.405039
-0.46063
-0.383885
-0.378347
-0.3543
-0.402052
-0.301746
-0.284168
-0.385519
-0.376251
-0.457712
-0.345119
-0.356866
-0.403354
-0.454006
-0.392444
-0.372884
-0.383034
-0.425027
-0.407941
-0.36059
-0.329491
-0.375355
-0.322414
-0.395874
-0.365905
-0.365635
-0.399422
-0.446135
-0.427215
-0.476057
-0.399011
-0.357816
-0.430844
-0.358154
-0.338644
-0.474147
-0.464616
-0.432019
-0.457133
-0.457534
-0.385393
-0.388464
-0.388041
-0.382708
-0.394855
-0.384822
-0.405962
-0.368747
-0.354307
-0.36294
-0.325098
-0.344052
-0.365135
-0.360025
-0.440213
-0.408583
-0.401582
-0.39075
-0.400304
-0.392489
-0.387442
-0.336585
-0.37066
-0.391222
-0.345848
-0.33484
-0.395881
-0.449317
-0.426554
-0.386825
-0.403265
-0.34685
-0.383297
-0.345211
-0.329898
-0.34922
-0.391838
-0.402469
-0.418965
-0.376095
-0.396918
-0.403117
-0.456059
-0.406753
-0.451382
-0.458022
-0.492704
-0.486456
-0.479333
-0.448389
-0.420465
-0.3747
-0.401145
-0.399756
-0.39083
-0.397772
-0.407955
-0.329418
-0.316062
-0.322901
-0.323426
-0.392454
-0.453693
-0.36761
-0.40896
-0.435753
-0.424168
-0.458904
-0.424752
-0.426418
-0.463365
-0.478429
-0.465513
-0.366233
-0.458918
-0.341768
-0.417763
-0.390247
-0.407812
-0.388282
-0.360079
-0.34514
-0.355353
-0.321129
-0.302314
-0.345607
-0.405074
-0.43331
-0.48682
-0.441537
-0.380179
-0.397897
-0.412982
-0.366702
-0.422524
-0.393905
-0.427424
-0.433314
-0.430298
-0.425391
-0.437438
-0.397545
-0.418319
-0.449754
-0.436127
-0.446286
-0.424021
-0.402784
-0.373657
-0.36463
-0.32223
-0.291377
-0.354548
-0.351245
-0.33548
-0.353195
-0.332189
-0.411146
-0.396328
-0.418914
-0.459831
-0.447804
-0.417613
-0.439212
-0.426358
-0.40564
-0.37365
-0.430767
-0.41762
-0.404424
-0.372366
-0.391694
-0.441568
-0.358529
-0.392051
-0.412896
-0.444575
-0.439159
-0.4272
-0.394793
-0.441875
-0.423426
-0.43045
-0.404674
-0.375978
-0.355529
-0.375868
-0.374954
-0.47681
-0.441644
-0.468341
-0.476413
-0.460361
-0.442911
-0.465246
-0.372954
-0.360849
-0.478846
-0.502064
-0.40445
-0.451097
-0.47586
-0.435106
-0.467497
-0.449958
-0.446287
-0.477507
-0.528851
-0.477155
-0.546413
-0.424662
-0.379614
-0.407668
-0.447536
-0.436695
-0.440126
-0.453037
-0.408761
-0.407075
-0.484984
-0.438177
-0.425164
-0.40064
-0.372073
-0.356129
-0.386648
-0.442531
-0.477788
-0.386744
-0.428756
-0.50074
-0.525723
-0.504719
-0.46771
-0.492891
-0.469383
-0.511439
-0.428074
-0.367247
-0.38513
-0.396293
-0.384601
-0.369654
-0.422471
-0.368561
-0.392905
-0.37922
-0.405838
-0.489309
-0.450096
-0.477582
-0.481021
-0.484514
-0.443227
-0.408152
-0.386965
-0.446455
-0.350452
-0.374249
-0.420338
-0.440209
-0.449566
-0.491496
-0.473894
-0.472408
-0.499415
-0.432079
-0.470061
-0.42689
-0.434399
-0.39361
-0.437415
-0.427169
-0.37085
-0.439021
-0.454125
-0.492044
-0.435135
-0.485688
-0.387248
-0.371615
-0.436722
-0.422689
-0.428588
-0.449009
-0.385762
-0.472639
-0.455365
-0.458178
-0.497068
-0.518018
-0.489672
-0.518823
-0.456109
-0.449208
-0.410752
-0.474107
-0.3526
-0.333324
-0.348341
-0.359694
-0.356374
-0.328196
-0.352004
-0.416716
-0.387789
-0.40486
-0.37764
-0.424751
-0.451147
-0.433794
-0.449944
-0.411141
-0.445705
-0.433798
-0.431644
-0.369457
-0.365602
-0.401297
-0.425759
-0.394121
-0.328016
-0.426439
-0.385284
-0.376317
-0.47163
-0.377054
-0.432023
-0.427884
-0.480964
-0.461155
-0.505426
-0.479383
-0.420758
-0.418897
-0.411796
-0.443341
-0.388815
-0.385589
-0.433289
-0.431011
-0.483275
-0.491112
-0.493676
-0.453156
-0.460698
-0.429404
-0.410696
-0.392794
-0.387926
-0.392688
-0.323653
-0.34356
-0.325552
-0.356817
-0.339915
-0.364422
-0.374746
-0.452763
-0.323039
-0.342423
-0.315007
-0.37395
-0.383427
-0.3992
-0.352563
-0.385421
-0.366688
-0.406083
-0.45004
-0.367693
-0.358596
-0.342306
-0.358865
-0.399814
-0.394561
-0.349011
-0.380265
-0.422848
-0.380227
-0.375239
-0.361955
-0.428955
-0.415341
-0.424414
-0.397735
-0.376826
-0.345527
-0.35656
-0.345439
-0.4166
-0.371087
-0.366786
-0.338943
-0.356775
-0.434119
-0.473286
-0.436066
-0.387054
-0.380758
-0.34938
-0.349617
-0.381302
-0.428491
-0.361388
-0.378952
-0.31924
-0.30222
-0.407788
-0.381948
-0.35576
-0.365981
-0.335008
-0.309222
-0.342325
-0.438404
-0.405966
-0.399426
-0.420813
-0.402528
-0.388932
-0.355424
-0.462174
-0.490754
-0.444403
-0.385088
-0.413473
-0.453379
-0.422839
-0.448328
-0.441302
-0.463148
-0.403713
-0.394838
-0.421482
-0.462473
-0.471635
-0.432315
-0.426017
-0.41783
-0.475785
-0.469026
-0.465427
-0.462807
-0.433115
-0.414876
-0.464985
-0.449694
-0.462128
-0.483866
-0.445962
-0.467265
-0.473708
-0.506482
-0.456258
-0.466142
-0.346716
-0.404386
-0.371268
-0.394365
-0.405157
-0.421814
-0.469837
-0.480774
-0.53763
-0.563173
-0.519761
-0.493216
-0.451456
-0.547133
-0.450081
-0.482034
-0.511247
-0.444031
-0.449739
-0.516076
-0.430216
-0.43761
-0.458858
-0.382791
-0.427288
-0.400941
-0.372807
-0.322473
-0.365563
-0.417933
-0.440072
-0.427719
-0.342052
-0.373969
-0.429448
-0.385029
-0.433793
-0.441604
-0.368965
-0.51308
-0.547913
-0.466733
-0.411075
-0.402814
-0.325444
-0.386805
-0.370038
-0.394872
-0.397161
-0.432243
-0.38257
-0.381214
-0.371718
-0.325687
-0.317802
-0.306734
-0.310177
-0.381651
-0.41449
-0.416541
-0.496648
-0.485866
-0.423783
-0.443896
-0.400062
-0.316346
-0.363724
-0.45316
-0.450156
-0.32259
-0.392768
-0.379375
-0.416891
-0.456418
-0.415835
-0.395926
-0.395481
-0.385652
-0.36769
-0.425004
-0.366059
-0.366988
-0.359995
-0.319236
-0.305453
-0.357398
-0.352494
-0.362489
-0.364237
-0.38029
-0.352497
-0.406565
-0.434926
-0.417334
-0.451209
-0.455025
-0.535868
-0.433355
-0.403735
-0.411277
-0.471677
-0.490148
-0.473533
-0.414657
-0.431983
-0.450096
-0.46945
-0.4508
-0.476876
-0.518165
-0.482438
-0.417072
-0.41933
-0.451214
-0.488277
-0.469957
-0.477413
-0.518461
-0.507095
-0.504646
-0.539261
-0.623779
-0.462892
-0.437641
-0.469072
-0.529432
-0.4626
-0.415949
-0.409898
-0.40968
-0.446089
-0.422846
-0.448889
-0.428612
-0.518706
-0.418456
-0.419167
-0.432138
-0.418463
-0.397519
-0.415242
-0.413126
-0.405174
-0.444648
-0.410063
-0.440868
-0.404931
-0.428279
-0.397454
-0.358889
-0.376149
-0.381782
-0.386911
-0.34073
-0.371126
-0.373941
-0.460802
-0.449523
-0.485957
-0.473087
-0.467719
-0.409642
-0.409123
-0.386938
-0.34559
-0.389859
-0.345727
-0.371945
-0.422877
-0.421365
-0.379423
-0.38976
-0.441379
-0.454785
-0.438001
-0.346252
-0.373435
-0.418631
-0.388013
-0.425908
-0.460114
-0.442843
-0.382066
-0.380424
-0.436184
-0.432912
-0.450729
-0.415338
-0.400109
-0.393735
-0.375773
-0.427802
-0.368269
-0.390822
-0.332056
-0.377814
-0.303011
-0.262486
-0.271938
-0.384115
-0.392727
-0.367991
-0.368304
-0.308506
-0.394128
-0.425009
-0.445581
-0.391927
-0.394694
-0.401417
-0.368851
-0.398322
-0.341605
-0.304917
-0.385547
-0.445169
-0.401099
-0.402402
-0.39326
-0.337512
-0.358587
-0.345967
-0.392339
-0.419701
-0.444353
-0.501449
-0.43716
-0.394463
-0.336204
-0.358829
-0.42053
-0.371637
-0.36725
-0.299449
-0.394035
-0.483347
-0.533719
-0.521738
-0.472581
-0.533266
-0.567737
-0.542758
-0.457568
-0.518332
-0.518728
-0.481129
-0.467234
-0.501698
-0.441209
-0.518246
-0.460746
-0.395704
-0.43683
-0.401593
-0.37209
-0.357265
-0.413342
-0.388738
-0.406141
-0.415429
-0.410439
-0.369222
-0.40042
-0.4365
-0.407594
-0.368468
-0.367431
-0.32602
-0.39915
-0.395967
-0.402006
-0.469551
-0.465
-0.432017
-0.376534
-0.347342
-0.327758
-0.384987
-0.394801
-0.398044
-0.429776
-0.456551
-0.494415
-0.434748
-0.446518
-0.364281
-0.364823
-0.358797
-0.351603
-0.415831
-0.425247
-0.4499
-0.472107
-0.395638
-0.441169
-0.387286
-0.410045
-0.357383
-0.323373
-0.306778
-0.377743
-0.419293
-0.435745
-0.348276
-0.401397
-0.407834
-0.461235
-0.441485
-0.491244
-0.509652
-0.442817
-0.42345
-0.406515
-0.422931
-0.439502
-0.500713
-0.471746
-0.431659
-0.43862
-0.375047
-0.401802
-0.383973
-0.39737
-0.397862
-0.417676
-0.389743
-0.321325
-0.36316
-0.39344
-0.345749
-0.360232
-0.437263
-0.441416
-0.390528
-0.394418
-0.386926
-0.345708
-0.363228
-0.384046
-0.314124
-0.34351
-0.32201
-0.359459
-0.373057
-0.404858
-0.378551
-0.373828
-0.393205
-0.374441
-0.395602
-0.361825
-0.365772
-0.398709
-0.44888
-0.386204
-0.362449
-0.395326
-0.358205
-0.420006
-0.413042
-0.398204
-0.39925
-0.366852
-0.396761
-0.370837
-0.430593
-0.445903
-0.438808
-0.442449
-0.432615
-0.46459
-0.381881
-0.383613
-0.419879
-0.407058
-0.360936
-0.423511
-0.361635
-0.470099
-0.42258
-0.460629
-0.384584
-0.370602
-0.394057
-0.335385
-0.36228
-0.372104
-0.308733
-0.373764
-0.37952
-0.380372
-0.353671
-0.327297
-0.268905
-0.321571
-0.359708
-0.406224
-0.379973
-0.363888
-0.286882
-0.332933
-0.479736
-0.431262
-0.44554
-0.487313
-0.409376
-0.405273
-0.483063
-0.496521
-0.443933
-0.471035
-0.462053
-0.533325
-0.472449
-0.40835
-0.462758
-0.446126
-0.409506
-0.416769
-0.382106
-0.433757
-0.446568
-0.441353
-0.44862
-0.489487
-0.420168
-0.378216
-0.362039
-0.42734
-0.502792
-0.521215
-0.534949
-0.537117
-0.488515
-0.498322
-0.421257
-0.498609
-0.43641
-0.458809
-0.414551
-0.409659
-0.405789
-0.413839
-0.399739
-0.404217
-0.379902
-0.348908
-0.365067
-0.359083
-0.387533
-0.400756
-0.437982
-0.453323
-0.482426
-0.404872
-0.435461
-0.399993
-0.469772
-0.424664
-0.377935
-0.387827
-0.370688
-0.434237
-0.462743
-0.44703
-0.483947
-0.485165
-0.385718
-0.403251
-0.396546
-0.357971
-0.372502
-0.367175
-0.353848
-0.326731
-0.38715
-0.452988
-0.421528
-0.429071
-0.41737
-0.390196
-0.366698
-0.35151
-0.351389
-0.342906
-0.377192
-0.371257
-0.346724
-0.27401
-0.282971
-0.328929
-0.32962
-0.37223
-0.443763
-0.427593
-0.507832
-0.437724
-0.407468
-0.481038
-0.464888
-0.55208
-0.526978
-0.521522
-0.478745
-0.473198
-0.430409
-0.381484
-0.452267
-0.349119
-0.393211
-0.378374
-0.367903
-0.336734
-0.339999
-0.33092
-0.337126
-0.372008
-0.412216
-0.428722
-0.392944
-0.403989
-0.406507
-0.374232
-0.377119
-0.404076
-0.377698
-0.371903
-0.3689
-0.378151
-0.389236
-0.380105
-0.314189
-0.404706
-0.397658
-0.356364
-0.36652
-0.393112
-0.392782
-0.457678
-0.449949
-0.434414
-0.426352
-0.40488
-0.367547
-0.429039
-0.421917
-0.397967
-0.42131
-0.400382
-0.420046
-0.42793
-0.462904
-0.402933
-0.34197
-0.427671
-0.481539
-0.490189
-0.496743
-0.49591
-0.505546
-0.539515
-0.509753
-0.484203
-0.436823
-0.472908
-0.469502
-0.423124
-0.427017
-0.435026
-0.401361
-0.38205
-0.36964
-0.341942
-0.369613
-0.343665
-0.395386
-0.390192
-0.412663
-0.401052
-0.378967
-0.382947
-0.348285
-0.381543
-0.380427
-0.399072
-0.428757
-0.424892
-0.420533
-0.423936
-0.401705
-0.411032
-0.483871
-0.478422
-0.38635
-0.427216
-0.38357
-0.383759
-0.423033
-0.432364
-0.424305
-0.438583
-0.421326
-0.36351
-0.30747
-0.367935
-0.351095
-0.396957
-0.433127
-0.487564
-0.431756
-0.362335
-0.39648
-0.359554
-0.293987
-0.329732
-0.384075
-0.42574
-0.402553
-0.450273
-0.383663
-0.367275
-0.365645
-0.363606
-0.408709
-0.4225
-0.421169
-0.427612
-0.388096
-0.370914
-0.479138
-0.423055
-0.422114
-0.398022
-0.418568
-0.391725
-0.439765
-0.415448
-0.394607
-0.371018
-0.354723
-0.38457
-0.350175
-0.396625
-0.393262
-0.353279
-0.382985
-0.46299
-0.369381
-0.382686
-0.387002
-0.388572
-0.442383
-0.43914
-0.418533
-0.39541
-0.400498
-0.404657
-0.419849
-0.457222
-0.388013
-0.363916
-0.413122
-0.385052
-0.441978
-0.432664
-0.432143
-0.407154
-0.435252
-0.386668
-0.418206
-0.442893
-0.41038
-0.395318
-0.369859
-0.37618
-0.415873
-0.395571
-0.406458
-0.520752
-0.49094
-0.507748
-0.468972
-0.430911
-0.425607
-0.375191
-0.385486
-0.427261
-0.493633
-0.468169
-0.434707
-0.478046
-0.415123
-0.424473
-0.418754
-0.450639
-0.421585
-0.411894
-0.438702
-0.37945
-0.460335
-0.414645
-0.460985
-0.497204
-0.423548
-0.393219
-0.412244
-0.456226
-0.396158
-0.389601
-0.413792
-0.39871
-0.489923
-0.431013
-0.485223
-0.40666
-0.372262
-0.397692
-0.397391
-0.379404
-0.426458
-0.450194
-0.438275
-0.38031
-0.407636
-0.39797
-0.449277
-0.416549
-0.40278
-0.328637
-0.456506
-0.431694
-0.406674
-0.441078
-0.485378
-0.480075
-0.390038
-0.441366
-0.411122
-0.350576
-0.39542
-0.433502
-0.464617
-0.463937
-0.480203
-0.510664
-0.450733
-0.421084
-0.44283
-0.334958
-0.384131
-0.404168
-0.39803
-0.406091
-0.38393
-0.404264
-0.351758
-0.311022
-0.290167
-0.304986
-0.338402
-0.362268
-0.439265
-0.514462
-0.524827
-0.49203
-0.50762
-0.52556
-0.470155
-0.460551
-0.436428
-0.440845
-0.442831
-0.441013
-0.481254
-0.434662
-0.48805
-0.481679
-0.523085
-0.51118
-0.464243
-0.450011
-0.427602
-0.450887
-0.442169
-0.428624
-0.445938
-0.458522
-0.427674
-0.461814
-0.481518
-0.496296
-0.517544
-0.488012
-0.40401
-0.394864
-0.394011
-0.472128
-0.478073
-0.543768
-0.485068
-0.546435
-0.46536
-0.432116
-0.444833
-0.448787
-0.412618
-0.448365
-0.437634
-0.401641
-0.417544
-0.381514
-0.450564
-0.409864
-0.362668
-0.386785
-0.314441
-0.35487
-0.367363
-0.402835
-0.45963
-0.435414
-0.438722
-0.386423
-0.381847
-0.487211
-0.49695
-0.449624
-0.396065
-0.448811
-0.431228
-0.381866
-0.419513
-0.452706
-0.351765
-0.408456
-0.427093
-0.411873
-0.352912
-0.361941
-0.433238
-0.39256
-0.463397
-0.426653
-0.445918
-0.404967
-0.409704
-0.395921
-0.433996
-0.463523
-0.420877
-0.350445
-0.410501
-0.479623
-0.469876
-0.451581
-0.504017
-0.482301
-0.38584
-0.424414
-0.385872
-0.345839
-0.349253
-0.439284
-0.46198
-0.465122
-0.462708
-0.383861
-0.457988
-0.388024
-0.466801
-0.540615
-0.528036
-0.487335
-0.434529
-0.400172
-0.394903
-0.370573
-0.358496
-0.336705
-0.349387
-0.377557
-0.387384
-0.348864
-0.326893
-0.356977
-0.377378
-0.37983
-0.338228
-0.291598
-0.335061
-0.340746
-0.398327
-0.373906
-0.359883
-0.400847
-0.448456
-0.433309
-0.426844
-0.471838
-0.540146
-0.530783
-0.527683
-0.465771
-0.383656
-0.40303
-0.462264
-0.441503
-0.539467
-0.498438
-0.471727
-0.470641
-0.452389
-0.356339
-0.36498
-0.426063
-0.457419
-0.447449
-0.457057
-0.422948
-0.413599
-0.435808
-0.471102
-0.389962
-0.425813
-0.430573
-0.379699
-0.366045
-0.343591
-0.331286
-0.36381
-0.398434
-0.38604
-0.365584
-0.315642
-0.273347
-0.362673
-0.320518
-0.309036
-0.364093
-0.367517
-0.360912
-0.401428
-0.366388
-0.301998
-0.296419
-0.338125
-0.432308
-0.43112
-0.378732
-0.36316
-0.396975
-0.332258
-0.402623
-0.347184
-0.365174
-0.409538
-0.324504
-0.36375
-0.394766
-0.410418
-0.413816
-0.37827
-0.371173
-0.420894
-0.404608
-0.391638
-0.389844
-0.456012
-0.448455
-0.444538
-0.412577
-0.438464
-0.379207
-0.515641
-0.52434
-0.447381
-0.439382
-0.475986
-0.500837
-0.463569
-0.462129
-0.342046
-0.372191
-0.371777
-0.384106
-0.448947
-0.405778
-0.438965
-0.462035
-0.303931
-0.383129
-0.453776
-0.466654
-0.488443
-0.462527
-0.512106
-0.486501
-0.472699
-0.474355
-0.491152
-0.567644
-0.575294
-0.525359
-0.503193
-0.462895
-0.483395
-0.434822
-0.459303
-0.415391
-0.399456
-0.42036
-0.365052
-0.42465
-0.501519
-0.394733
-0.346272
-0.442959
-0.417607
-0.484995
-0.505487
-0.45099
-0.473352
-0.449698
-0.434961
-0.46486
-0.48832
-0.399163
-0.408234
-0.383817
-0.387535
-0.32831
-0.373094
-0.413879
-0.370128
-0.363662
-0.426806
-0.397482
-0.423948
-0.463515
-0.446394
-0.470565
-0.420766
-0.432678
-0.434573
-0.422502
-0.463687
-0.523734
-0.524067
-0.511927
-0.539424
-0.499979
-0.471937
-0.417528
-0.397498
-0.417646
-0.393136
-0.440486
-0.440411
-0.368012
-0.416499
-0.385783
-0.39005
-0.401176
-0.319769
-0.415385
-0.419981
-0.39931
-0.360341
-0.350038
-0.333956
-0.302492
-0.351865
-0.448244
-0.457524
-0.442813
-0.391398
-0.397756
-0.348913
-0.268668
-0.325314
-0.325617
-0.409272
-0.364122
-0.423167
-0.426844
-0.433743
-0.360561
-0.416559
-0.377361
-0.407742
-0.373997
-0.392543
-0.428114
-0.432301
-0.364159
-0.341408
-0.352836
-0.371884
-0.401004
-0.481448
-0.495548
-0.458096
-0.485083
-0.443318
-0.415593
-0.446657
-0.446233
-0.430749
-0.503993
-0.470683
-0.494076
-0.472813
-0.442966
-0.482806
-0.475776
-0.432439
-0.42868
-0.43724
-0.403495
-0.429543
-0.421843
-0.447997
-0.433202
-0.370287
-0.349185
-0.410798
-0.455824
-0.464077
-0.433758
-0.515412
-0.468349
-0.420391
-0.389582
-0.436074
-0.444767
-0.366194
-0.441001
-0.439744
-0.382765
-0.411832
-0.355619
-0.396835
-0.42947
-0.459685
-0.467541
-0.43005
-0.496358
-0.523628
-0.448094
-0.473604
-0.382511
-0.405897
-0.474545
-0.419481
-0.410263
-0.342784
-0.352853
-0.386366
-0.366243
-0.376279
-0.36434
-0.479532
-0.469846
-0.425764
-0.426645
-0.383276
-0.450235
-0.482084
-0.408557
-0.44374
-0.420653
-0.395293
-0.452266
-0.454538
-0.494337
-0.416308
-0.437607
-0.450262
-0.3939
-0.366099
-0.361411
-0.45523
-0.375815
-0.356126
-0.430117
-0.493594
-0.47469
-0.428849
-0.463458
-0.491908
-0.428167
-0.453515
-0.429399
-0.434803
-0.404992
-0.323138
-0.263933
-0.271379
-0.343121
-0.409129
-0.473394
-0.50083
-0.455692
-0.461551
-0.407175
-0.371671
-0.375011
-0.417387
-0.352827
-0.362301
-0.308387
-0.327699
-0.382009
-0.359063
-0.364443
-0.385201
-0.398663
-0.47
-0.448242
-0.411063
-0.46703
-0.483841
-0.453321
-0.453019
-0.467436
-0.476419
-0.436479
-0.456599
-0.418574
-0.381737
-0.427027
-0.425066
-0.432416
-0.398303
-0.419561
-0.457856
-0.521329
-0.412495
-0.421519
-0.45362
-0.421948
-0.369583
-0.382795
-0.427721
-0.395242
-0.399265
-0.409745
-0.453319
-0.443288
-0.400533
-0.423509
-0.432883
-0.345874
-0.368899
-0.374238
-0.365339
-0.346197
-0.414336
-0.297499
-0.403829
-0.360535
-0.361458
-0.363805
-0.387364
-0.421003
-0.414255
-0.338423
-0.331635
-0.371611
-0.361564
-0.352812
-0.356412
-0.397072
-0.401984
-0.46166
-0.427283
-0.464797
-0.382677
-0.396896
-0.442287
-0.442762
-0.368506
-0.36847
-0.413155
-0.349234
-0.345717
-0.374503
-0.397282
-0.478925
-0.442257
-0.35699
-0.376061
-0.399422
-0.439241
-0.4716
-0.461041
-0.414617
-0.392624
-0.340091
-0.346142
-0.352934
-0.415099
-0.393521
-0.379829
-0.351847
-0.388219
-0.382344
-0.451267
-0.451453
-0.485899
-0.42894
-0.472387
-0.427169
-0.43379
-0.453031
-0.44913
-0.41175
-0.453071
-0.448754
-0.420673
-0.411545
-0.361479
-0.298333
-0.303951
-0.343587
-0.389585
-0.35713
-0.369613
-0.365387
-0.432928
-0.421552
-0.403736
-0.38183
-0.428269
-0.412991
-0.453126
-0.45059
-0.398272
-0.453671
-0.454284
-0.487787
-0.392937
-0.401737
-0.332673
-0.427724
-0.419022
-0.388092
-0.415335
-0.39293
-0.348159
-0.34875
-0.339826
-0.398249
-0.409777
-0.403104
-0.372035
-0.366815
-0.438095
-0.365255
-0.390725
-0.38972
-0.39523
-0.36244
-0.371748
-0.341728
-0.357838
-0.385436
-0.439995
-0.448961
-0.456849
-0.460612
-0.435334
-0.454619
-0.394012
-0.361357
-0.404548
-0.35347
-0.402367
-0.442505
-0.414574
-0.40333
-0.442372
-0.425618
-0.428407
-0.362567
-0.294099
-0.398786
-0.412662
-0.488895
-0.46129
-0.358944
-0.427926
-0.433211
-0.408903
-0.398367
-0.381143
-0.403228
-0.374245
-0.409674
-0.407132
-0.331145
-0.358685
-0.321225
-0.343692
-0.323441
-0.388658
-0.357049
-0.429012
-0.398681
-0.402782
-0.40729
-0.36114
-0.362558
-0.34691
-0.403426
-0.38823
-0.396575
-0.380556
-0.411311
-0.449248
-0.453536
-0.352873
-0.361844
-0.361669
-0.370692
-0.410449
-0.36567
-0.349874
-0.404217
-0.430185
-0.438312
-0.412744
-0.394569
-0.416958
-0.428675
-0.448713
-0.455583
-0.500039
-0.523169
-0.48149
-0.49859
-0.476303
-0.554273
-0.498847
-0.465537
-0.466152
-0.442425
-0.465838
-0.426127
-0.419473
-0.447318
-0.44258
-0.413894
-0.358357
-0.397109
-0.411383
-0.38469
-0.342768
-0.372301
-0.350938
-0.372796
-0.397391
-0.330743
-0.4094
-0.410106
-0.475229
-0.40562
-0.416651
-0.411795
-0.420785
-0.360692
-0.356883
-0.411768
-0.374632
-0.389189
-0.391465
-0.35553
-0.3737
-0.333578
-0.340133
-0.352948
-0.368994
-0.288397
-0.381053
-0.376394
-0.384726
-0.392496
-0.477236
-0.507894
-0.451004
-0.358456
-0.357945
-0.360454
-0.339774
-0.363576
-0.397697
-0.413601
-0.442213
-0.399904
-0.411139
-0.369981
-0.447581
-0.400318
-0.465259
-0.403784
-0.343858
-0.329203
-0.345372
-0.335297
-0.332983
-0.361768
-0.326651
-0.360911
-0.412523
-0.409817
-0.426669
-0.428768
-0.370024
-0.295858
-0.377911
-0.40922
-0.408004
-0.365666
-0.421661
-0.466611
-0.514954
-0.46309
-0.45686
-0.409661
-0.359978
-0.408824
-0.429469
-0.524498
-0.547439
-0.530854
-0.467855
-0.460232
-0.399531
-0.494991
-0.410213
-0.427741
-0.43134
-0.372968
-0.362047
-0.328032
-0.389502
-0.349367
-0.366167
-0.376302
-0.432718
-0.454458
-0.421403
-0.39262
-0.392944
-0.430305
-0.490871
-0.407802
-0.431227
-0.42608
-0.40424
-0.397152
-0.388103
-0.455219
-0.408314
-0.424769
-0.432365
-0.414097
-0.413584
-0.407464
-0.43088
-0.396777
-0.477744
-0.483877
-0.451486
-0.428173
-0.467028
-0.473292
-0.46681
-0.411889
-0.482248
-0.362316
-0.419954
-0.40507
-0.400365
-0.481152
-0.364786
-0.414142
-0.35867
-0.369974
-0.386144
-0.38882
-0.403271
-0.387838
-0.361057
-0.360042
-0.345899
-0.426841
-0.367831
-0.332609
-0.389469
-0.420974
-0.468089
-0.343695
-0.367626
-0.37612
-0.438425
-0.521208
-0.483897
-0.456394
-0.414177
-0.414853
-0.504353
-0.483834
-0.47304
-0.428235
-0.477362
-0.446143
-0.490229
-0.484354
-0.46605
-0.391378
-0.400688
-0.441054
-0.450661
-0.473035
-0.437737
-0.423525
-0.439483
-0.396976
-0.426984
-0.335468
-0.322635
-0.393011
-0.35392
-0.376353
-0.340222
-0.325877
-0.328978
-0.408661
-0.470505
-0.482181
-0.404177
-0.450886
-0.376458
-0.400067
-0.43531
-0.342962
-0.354001
-0.345371
-0.418465
-0.417312
-0.43425
-0.381891
-0.413275
-0.398232
-0.45637
-0.43299
-0.43216
-0.451264
-0.403555
-0.408589
-0.422741
-0.372827
-0.373759
-0.374725
-0.422911
-0.474507
-0.564076
-0.584323
-0.501623
-0.480348
-0.569769
-0.493662
-0.467362
-0.487264
-0.425244
-0.450289
-0.413852
-0.357969
-0.336038
-0.320223
-0.367519
-0.398122
-0.406537
-0.341403
-0.371986
-0.337304
-0.295108
-0.342416
-0.372898
-0.482841
-0.41566
-0.464665
-0.398866
-0.418154
-0.39899
-0.454327
-0.430834
-0.455772
-0.494396
-0.446299
-0.471654
-0.412672
-0.46256
-0.523468
-0.43443
-0.360547
-0.384131
-0.456672
-0.389655
-0.368508
-0.38818
-0.426089
-0.470965
-0.42856
-0.388753
-0.406496
-0.484886
-0.391786
-0.354539
-0.380264
-0.415714
-0.489684
-0.45548
-0.435381
-0.407886
-0.441302
-0.411506
-0.376337
-0.439287
-0.428859
-0.399992
-0.455305
-0.460647
-0.409738
-0.398917
-0.390038
-0.475736
-0.440068
-0.43456
-0.463976
-0.3718
-0.464133
-0.445852
-0.47602
-0.458701
-0.487764
-0.579155
-0.509071
-0.440665
-0.452011
-0.414794
-0.418619
-0.469528
-0.459693
-0.503744
-0.422931
-0.457203
-0.471617
-0.469073
-0.486474
-0.502143
-0.378927
-0.284989
-0.299005
-0.29681
-0.354356
-0.368034
-0.354227
-0.295054
-0.345113
-0.378835
-0.336194
-0.333154
-0.336758
-0.460526
-0.489537
-0.445098
-0.496967
-0.490604
-0.427963
-0.339575
-0.41119
-0.387826
-0.350724
-0.370562
-0.388876
-0.42598
-0.399853
-0.401934
-0.345348
-0.485766
-0.399561
-0.39876
-0.333531
-0.4087
-0.329066
-0.357471
-0.369481
-0.424926
-0.366981
-0.370089
-0.369659
-0.353548
-0.411618
-0.392212
-0.327813
-0.35859
-0.351114
-0.370837
-0.468089
-0.491728
-0.476439
-0.493266
-0.515163
-0.521348
-0.559608
-0.510757
-0.513552
-0.530541
-0.562001
-0.562481
-0.484813
-0.356117
-0.39548
-0.454856
-0.43268
-0.395974
-0.398785
-0.427915
-0.377716
-0.422569
-0.354032
-0.404001
-0.397648
-0.412112
-0.352246
-0.370456
-0.517497
-0.470695
-0.471506
-0.458534
-0.405668
-0.417936
-0.427114
-0.463098
-0.395819
-0.474358
-0.481444
-0.347925
-0.275474
-0.344055
-0.394586
-0.381169
-0.378201
-0.347582
-0.396898
-0.429518
-0.438987
-0.422798
-0.431782
-0.438321
-0.375099
-0.375915
-0.400435
-0.446872
-0.414897
-0.454638
-0.442348
-0.567909
-0.543825
-0.54108
-0.473749
-0.424432
-0.459688
-0.418083
-0.438191
-0.461438
-0.455988
-0.456427
-0.426385
-0.467541
-0.439908
-0.487656
-0.432076
-0.493904
-0.521295
-0.452272
-0.419684
-0.442744
-0.465852
-0.471237
-0.437367
-0.426159
-0.387809
-0.41692
-0.505313
-0.491666
-0.486147
-0.437838
-0.421424
-0.478627
-0.438756
-0.495766
-0.439934
-0.366193
-0.484051
-0.530252
-0.511497
-0.533934
-0.449347
-0.462314
-0.446692
-0.426343
-0.423134
-0.435937
-0.4397
-0.385079
-0.379687
-0.407016
-0.417789
-0.47361
-0.453866
-0.466157
-0.433119
-0.438628
-0.44393
-0.531518
-0.428812
-0.459677
-0.497062
-0.473274
-0.423846
-0.389312
-0.390782
-0.348725
-0.386796
-0.387258
-0.40299
-0.424633
-0.398165
-0.35351
-0.403343
-0.379305
-0.377166
-0.420261
-0.507389
-0.395946
-0.466209
-0.469154
-0.459058
-0.492122
-0.433926
-0.458732
-0.514764
-0.551597
-0.542376
-0.466479
-0.532313
-0.523498
-0.450711
-0.512283
-0.525993
-0.446196
-0.393462
-0.443333
-0.459863
-0.425842
-0.442952
-0.44337
-0.418948
-0.42133
-0.50271
-0.57623
-0.403603
-0.433701
-0.371746
-0.440527
-0.382298
-0.438891
-0.382441
-0.338763
-0.389206
-0.389609
-0.417934
-0.386514
-0.338562
-0.346751
-0.404697
-0.40705
-0.42759
-0.417874
-0.401045
-0.407678
-0.39234
-0.387464
-0.353952
-0.435254
-0.3771
-0.389828
-0.336883
-0.360861
-0.360133
-0.35698
-0.384606
-0.401418
-0.448144
-0.436637
-0.413766
-0.480179
-0.47046
-0.43381
-0.396452
-0.441105
-0.434714
-0.421406
-0.405343
-0.358643
-0.372545
-0.472004
-0.464621
-0.448319
-0.443544
-0.435711
-0.399374
-0.401841
-0.433453
-0.407763
-0.449165
-0.446693
-0.410993
-0.423432
-0.362062
-0.387291
-0.335977
-0.402854
-0.439171
-0.455872
-0.376746
-0.370415
-0.384596
-0.421573
-0.405599
-0.406804
-0.318782
-0.303088
-0.382274
-0.428395
-0.415071
-0.39809
-0.402963
-0.396101
-0.420261
-0.345055
-0.270443
-0.342027
-0.370604
-0.38459
-0.449957
-0.452278
-0.362244
-0.443111
-0.403133
-0.405703
-0.419735
-0.387486
-0.392797
-0.427494
-0.400432
-0.420979
-0.355662
-0.417892
-0.454352
-0.407826
-0.397335
-0.45492
-0.482853
-0.502635
-0.508417
-0.506986
-0.464486
-0.419083
-0.38914
-0.387539
-0.387331
-0.366785
-0.360548
-0.299641
-0.343745
-0.358664
-0.400842
-0.39037
-0.404074
-0.422165
-0.446577
-0.533946
-0.593655
-0.532822
-0.425482
-0.432167
-0.490187
-0.464085
-0.465409
-0.447388
-0.357453
-0.457916
-0.464322
-0.435158
-0.360309
-0.430721
-0.399496
-0.412886
-0.503452
-0.432721
-0.509671
-0.413743
-0.414608
-0.451688
-0.35708
-0.389095
-0.395499
-0.387274
-0.388192
-0.36489
-0.306624
-0.38021
-0.361619
-0.343554
-0.399357
-0.346615
-0.439379
-0.456079
-0.417077
-0.423183
-0.418472
-0.417373
-0.43816
-0.396443
-0.407439
-0.41861
-0.516074
-0.457624
-0.397772
-0.422412
-0.431663
-0.38667
-0.34989
-0.397518
-0.32738
-0.377489
-0.354589
-0.412565
-0.404102
-0.476809
-0.45344
-0.416162
-0.44624
-0.416817
-0.455142
-0.511026
-0.488287
-0.452765
-0.410262
-0.487585
-0.509917
-0.577654
-0.541645
-0.456221
-0.441595
-0.45754
-0.417609
-0.397289
-0.370727
-0.369668
-0.413327
-0.479515
-0.435297
-0.415954
-0.413877
-0.392097
-0.40994
-0.477672
-0.423848
-0.391124
-0.425851
-0.468752
-0.389771
-0.369395
-0.420944
-0.407218
-0.407587
-0.363717
-0.362046
-0.387846
-0.410744
-0.37738
-0.360309
-0.356285
-0.353938
-0.405667
-0.391605
-0.404414
-0.443761
-0.442227
-0.396154
-0.437906
-0.440523
-0.346539
-0.422244
-0.432296
-0.43159
-0.328492
-0.338689
-0.35431
-0.329283
-0.355222
-0.354516
-0.346345
-0.370905
-0.368768
-0.421712
-0.360292
-0.372556
-0.447984
-0.387599
-0.413881
-0.463367
-0.465579
-0.42332
-0.49289
-0.506852
-0.461032
-0.424386
-0.352411
-0.389817
-0.354607
-0.369435
-0.366075
-0.334106
-0.371097
-0.349805
-0.300079
-0.325352
-0.402537
-0.384142
-0.297867
-0.321658
-0.377039
-0.400649
-0.342612
-0.447974
-0.432215
-0.439834
-0.362788
-0.412937
-0.418869
-0.436324
-0.522924
-0.54284
-0.4463
-0.398183
-0.463936
-0.454417
-0.44408
-0.476455
-0.430876
-0.423289
-0.461972
-0.497733
-0.526578
-0.491981
-0.496942
-0.527069
-0.482053
-0.441919
-0.44238
-0.494558
-0.473822
-0.429021
-0.442673
-0.432009
-0.439977
-0.395593
-0.439272
-0.395078
-0.40473
-0.390673
-0.377688
-0.394648
-0.486532
-0.53232
-0.392279
-0.385726
-0.418489
-0.366363
-0.367228
-0.371343
-0.437218
-0.45378
-0.436441
-0.476735
-0.429903
-0.421075
-0.433818
-0.480008
-0.449169
-0.395551
-0.351712
-0.320384
-0.397414
-0.470956
-0.535086
-0.399886
-0.420762
-0.432979
-0.406013
-0.379445
-0.397589
-0.350781
-0.407918
-0.400676
-0.404431
-0.406233
-0.360223
-0.395973
-0.431312
-0.396096
-0.366443
-0.389512
-0.378952
-0.439848
-0.472644
-0.449971
-0.40828
-0.388241
-0.356863
-0.349779
-0.383072
-0.298631
-0.345446
-0.35855
-0.340885
-0.392786
-0.361688
-0.379538
-0.429827
-0.350993
-0.333502
-0.374664
-0.386532
-0.39866
-0.443844
-0.463278
-0.414238
-0.484941
-0.452463
-0.46721
-0.434204
-0.385939
-0.378328
-0.392648
-0.352433
-0.432562
-0.426765
-0.424043
-0.324461
-0.367312
-0.395627
-0.428809
-0.44169
-0.459248
-0.397964
-0.359597
-0.390491
-0.408284
-0.462698
-0.477611
-0.36805
-0.418554
-0.423306
-0.371956
-0.340177
-0.366296
-0.41007
-0.343126
-0.351945
-0.379443
-0.339905
-0.324461
-0.426692
-0.354996
-0.379917
-0.396466
-0.423309
-0.408654
-0.316613
-0.321864
-0.307583
-0.337037
-0.317471
-0.391411
-0.406608
-0.369293
-0.388035
-0.40897
-0.405277
-0.382633
-0.448243
-0.454905
-0.448497
-0.488471
-0.43944
-0.457596
-0.466703
-0.511874
-0.426466
-0.379541
-0.41461
-0.411341
-0.343902
-0.441534
-0.481698
-0.457509
-0.447923
-0.468317
-0.588854
-0.531908
-0.586803
-0.455489
-0.465352
-0.464952
-0.453756
-0.423848
-0.3729
-0.376787
-0.390744
-0.406968
-0.480508
-0.541184
-0.467126
-0.432367
-0.391142
-0.394328
-0.416031
-0.446106
-0.349826
-0.394951
-0.394707
-0.421474
-0.390954
-0.399629
-0.446319
-0.424057
-0.445648
-0.404981
-0.424643
-0.393305
-0.372994
-0.384009
-0.37795
-0.412238
-0.403631
-0.408616
-0.384989
-0.305975
-0.360088
-0.399709
-0.434653
-0.42488
-0.348719
-0.36304
-0.406465
-0.406339
-0.402693
-0.404501
-0.451747
-0.436828
-0.403391
-0.434319
-0.371878
-0.275841
-0.309604
-0.353317
-0.40298
-0.389628
-0.417127
-0.380621
-0.424238
-0.41265
-0.425884
-0.419215
-0.399902
-0.398637
-0.409031
-0.466045
-0.419106
-0.441794
-0.377168
-0.49744
-0.472908
-0.502937
-0.499756
-0.427072
-0.449009
-0.384608
-0.376919
-0.380983
-0.429426
-0.374058
-0.389601
-0.361829
-0.369923
-0.35793
-0.416339
-0.362801
-0.282751
-0.379024
-0.32395
-0.326416
-0.355562
-0.362852
-0.412047
-0.333752
-0.369486
-0.36546
-0.394886
-0.403873
-0.42971
-0.393482
-0.461645
-0.399706
-0.416093
-0.382258
-0.330138
-0.363828
-0.335759
-0.449292
-0.450525
-0.404531
-0.490405
-0.49153
-0.40146
-0.358369
-0.372397
-0.378825
-0.457518
-0.457422
-0.399574
-0.360823
-0.422832
-0.428864
-0.449776
-0.484264
-0.373231
-0.395938
-0.344041
-0.380816
-0.407928
-0.385076
-0.454156
-0.398452
-0.401732
-0.417687
-0.380299
-0.340913
-0.348531
-0.32274
-0.384668
-0.391853
-0.364383
-0.362716
-0.364514
-0.38821
-0.340315
-0.385348
-0.370321
-0.368968
-0.388772
-0.387524
-0.284274
-0.380734
-0.357968
-0.368494
-0.413813
-0.450766
-0.35343
-0.340957
-0.387783
-0.45533
-0.425248
-0.442974
-0.452169
-0.478319
-0.499414
-0.443777
-0.436329
-0.476447
-0.452843
-0.390101
-0.420923
-0.4354
-0.469622
-0.425839
-0.309814
-0.412881
-0.393946
-0.420222
-0.421856
-0.453842
-0.422262
-0.437089
-0.455912
-0.457245
-0.528847
-0.458663
-0.399426
-0.407442
-0.400148
-0.43113
-0.403988
-0.447521
-0.32081
-0.409587
-0.346615
-0.389488
-0.424407
-0.448505
-0.448693
-0.446372
-0.408795
-0.437788
-0.390865
-0.417696
-0.445081
-0.445057
-0.420547
-0.468536
-0.444952
-0.374344
-0.387254
-0.31575
-0.320036
-0.409407
-0.439333
-0.397618
-0.369433
-0.352329
-0.364487
-0.312808
-0.32833
-0.371931
-0.376995
-0.409908
-0.452888
-0.435872
-0.47012
-0.470114
-0.46161
-0.467806
-0.438154
-0.40691
-0.425471
-0.458089
-0.475283
-0.452961
-0.489864
-0.468921
-0.454541
-0.448041
-0.475709
-0.440872
-0.406916
-0.455686
-0.402734
-0.409082
-0.357621
-0.370564
-0.377007
-0.399133
-0.354471
-0.401608
-0.378192
-0.420065
-0.379316
-0.485419
-0.469252
-0.38095
-0.382057
-0.432961
-0.347822
-0.347121
-0.436522
-0.412263
-0.445424
-0.436274
-0.42651
-0.448271
-0.39482
-0.379045
-0.448144
-0.358257
-0.438944
-0.356829
-0.379769
-0.383264
-0.340328
-0.402884
-0.40063
-0.413232
-0.442895
-0.427003
-0.435814
-0.420245
-0.337674
-0.405682
-0.475422
-0.434374
-0.466915
-0.557125
-0.524038
-0.455388
-0.471754
-0.540456
-0.583336
-0.54767
-0.43788
-0.462934
-0.40108
-0.449248
-0.46579
-0.498126
-0.427998
-0.48143
-0.487547
-0.44784
-0.39298
-0.426903
-0.474798
-0.395622
-0.40742
-0.42437
-0.304509
-0.382166
-0.381398
-0.413547
-0.435089
-0.466626
-0.480851
-0.561916
-0.471102
-0.440999
-0.491551
-0.394253
-0.506859
-0.598254
-0.549735
-0.586637
-0.564939
-0.557026
-0.549063
-0.532526
-0.463321
-0.460784
-0.555299
-0.563784
-0.547283
-0.425995
-0.429424
-0.474398
-0.496954
-0.486331
-0.430109
-0.407971
-0.437607
-0.409539
-0.496098
-0.395857
-0.414506
-0.359524
-0.32723
-0.28603
-0.343401
-0.344285
-0.398303
-0.387092
-0.318852
-0.333949
-0.442695
-0.443761
-0.456369
-0.421153
-0.375235
-0.39637
-0.366574
-0.401177
-0.418897
-0.486679
-0.438214
-0.345498
-0.421692
-0.374774
-0.36923
-0.359202
-0.384897
-0.376304
-0.346739
-0.352349
-0.452077
-0.428356
-0.436897
-0.423104
-0.420712
-0.426075
-0.440077
-0.434077
-0.493788
-0.480355
-0.463785
-0.436106
-0.477899
-0.421061
-0.496825
-0.449384
-0.394289
-0.403769
-0.373503
-0.40566
-0.354752
-0.309564
-0.262183
-0.332338
-0.364882
-0.380943
-0.394806
-0.384432
-0.403547
-0.437437
-0.534406
-0.55382
-0.554239
-0.51768
-0.422883
-0.462262
-0.45198
-0.465056
-0.457539
-0.483096
-0.534591
-0.542387
-0.493432
-0.47834
-0.446467
-0.432509
-0.460494
-0.369263
-0.425392
-0.480714
-0.520494
-0.461677
-0.499213
-0.422906
-0.475976
-0.442894
-0.477289
-0.439475
-0.508779
-0.460694
-0.431062
-0.398587
-0.408277
-0.434973
-0.515139
-0.532859
-0.546622
-0.507668
-0.545951
-0.458076
-0.436365
-0.415349
-0.44682
-0.510303
-0.477665
-0.497487
-0.377959
-0.39256
-0.430611
-0.418287
-0.384175
-0.424035
-0.403124
-0.405941
-0.456425
-0.493563
-0.417113
-0.38991
-0.44452
-0.393802
-0.337322
-0.305985
-0.380897
-0.372949
-0.402901
-0.420292
-0.401789
-0.429383
-0.385953
-0.369328
-0.440286
-0.421355
-0.369914
-0.372489
-0.426251
-0.45556
-0.423016
-0.431792
-0.399893
-0.394795
-0.437397
-0.425006
-0.356667
-0.480044
-0.485647
-0.457389
-0.400919
-0.376798
-0.404772
-0.318375
-0.367045
-0.356429
-0.399271
-0.345693
-0.371701
-0.365789
-0.408115
-0.39382
-0.435284
-0.425064
-0.442944
-0.419499
-0.413536
-0.36809
-0.421893
-0.39996
-0.499276
-0.507246
-0.49084
-0.400205
-0.409576
-0.427426
-0.407056
-0.397083
-0.509859
-0.505539
-0.483251
-0.418571
-0.395888
-0.39445
-0.361814
-0.400839
-0.406791
-0.443269
-0.418196
-0.401643
-0.401073
-0.346591
-0.460819
-0.45899
-0.430916
-0.480919
-0.497902
-0.516301
-0.57567
-0.555685
-0.494767
-0.437514
-0.412461
-0.42011
-0.391017
-0.524471
-0.473303
-0.600796
-0.569778
-0.532059
-0.571346
-0.580441
-0.541689
-0.514265
-0.496013
-0.498139
-0.448885
-0.449216
-0.38454
-0.348156
-0.347938
-0.322657
-0.363006
-0.400189
-0.359737
-0.357585
-0.367748
-0.358425
-0.363195
-0.373501
-0.339987
-0.342279
-0.379163
-0.417153
-0.342953
-0.395913
-0.413527
-0.433139
-0.43709
-0.411441
-0.496382
-0.508245
-0.421938
-0.488903
-0.42874
-0.411793
-0.412896
-0.475845
-0.47013
-0.432762
-0.397912
-0.382872
-0.293881
-0.356183
-0.349622
-0.378302
-0.352325
-0.392492
-0.432337
-0.407979
-0.476274
-0.447444
-0.504306
-0.456425
-0.439171
-0.442489
-0.483147
-0.436727
-0.476096
-0.47959
-0.402283
-0.343277
-0.321714
-0.398954
-0.401813
-0.477237
-0.345196
-0.362695
-0.405345
-0.425679
-0.337825
-0.376005
-0.399996
-0.361915
-0.372178
-0.384056
-0.386637
-0.431563
-0.439529
-0.498156
-0.412841
-0.360077
-0.365316
-0.439268
-0.344426
-0.356848
-0.348241
-0.363436
-0.412517
-0.448948
-0.415143
-0.369276
-0.391512
-0.425065
-0.452806
-0.393111
-0.452354
-0.355527
-0.370749
-0.346526
-0.393118
-0.36559
-0.365577
-0.407375
-0.51228
-0.54219
-0.433465
-0.433852
-0.458459
-0.432469
-0.446104
-0.469705
-0.415918
-0.416507
-0.426645
-0.426596
-0.456189
-0.414473
-0.402544
-0.324564
-0.360209
-0.453957
-0.48733
-0.507142
-0.524208
-0.482385
-0.435721
-0.420692
-0.397277
-0.34901
-0.366628
-0.365755
-0.368013
-0.370086
-0.400753
-0.369557
-0.422695
-0.380364
-0.39592
-0.39502
-0.422422
-0.438174
-0.422498
-0.430263
-0.428632
-0.410516
-0.456065
-0.41609
-0.412789
-0.431874
-0.402318
-0.450648
-0.370874
-0.394639
-0.398967
-0.422058
-0.384659
-0.438601
-0.448466
-0.479795
-0.484969
-0.345248
-0.423952
-0.397359
-0.426623
-0.342605
-0.405053
-0.439045
-0.42642
-0.480613
-0.476635
-0.398199
-0.423523
-0.430765
-0.383215
-0.39446
-0.345406
-0.35327
-0.374965
-0.300229
-0.347794
-0.344329
-0.372495
-0.45294
-0.417483
-0.445392
-0.380064
-0.324778
-0.37698
-0.254479
-0.333392
-0.365206
-0.346334
-0.357926
-0.451313
-0.418097
-0.374088
-0.389866
-0.366588
-0.41684
-0.447928
-0.472793
-0.450373
-0.430367
-0.356302
-0.374465
-0.363165
-0.40094
-0.467555
-0.398295
-0.405468
-0.372048
-0.399213
-0.41223
-0.390843
-0.385778
-0.471082
-0.457144
-0.462818
-0.381742
-0.394507
-0.469767
-0.422418
-0.348042
-0.4414
-0.392247
-0.388839
-0.380686
-0.323034
-0.337086
-0.37902
-0.410129
-0.38056
-0.384773
-0.458268
-0.400349
-0.407166
-0.395241
-0.39454
-0.31939
-0.404364
-0.424301
-0.318231
-0.38418
-0.398643
-0.454653
-0.367825
-0.349649
-0.284966
-0.309428
-0.327641
-0.324145
-0.366496
-0.360932
-0.384196
-0.358785
-0.408119
-0.370152
-0.341502
-0.420015
-0.437628
-0.441663
-0.388555
-0.434405
-0.373244
-0.445272
-0.404766
-0.427606
-0.297156
-0.402505
-0.442832
-0.449051
-0.399853
-0.487003
-0.449245
-0.480745
-0.453771
-0.35315
-0.421354
-0.40468
-0.342025
-0.398024
-0.378814
-0.407325
-0.413697
-0.369923
-0.38861
-0.409181
-0.409809
-0.348774
-0.340163
-0.337335
-0.395559
-0.359637
-0.348064
-0.311225
-0.414856
-0.368086
-0.44433
-0.49481
-0.474765
-0.510492
-0.498184
-0.444464
-0.43119
-0.435003
-0.401843
-0.480111
-0.461496
-0.415621
-0.382433
-0.332769
-0.359686
-0.396201
-0.448919
-0.382504
-0.340683
-0.389254
-0.420516
-0.476222
-0.472761
-0.403615
-0.372244
-0.382976
-0.409255
-0.40422
-0.361175
-0.384549
-0.38503
-0.4414
-0.45006
-0.43277
-0.424723
-0.488571
-0.460617
-0.415536
-0.356385
-0.344559
-0.403461
-0.446391
-0.461397
-0.420755
-0.465821
-0.377369
-0.362426
-0.322149
-0.292791
-0.309455
-0.389937
-0.38457
-0.339019
-0.389097
-0.332624
-0.371149
-0.356669
-0.386904
-0.522608
-0.440054
-0.37071
-0.4058
-0.339527
-0.35178
-0.338152
-0.363817
-0.32074
-0.353736
-0.400933
-0.375545
-0.410938
-0.391692
-0.38803
-0.429683
-0.456979
-0.473582
-0.399244
-0.41882
-0.501164
-0.516668
-0.436437
-0.448782
-0.365776
-0.372219
-0.32428
-0.445263
-0.458508
-0.473462
-0.39021
-0.441047
-0.384838
-0.458542
-0.424501
-0.413577
-0.41081
-0.36127
-0.315647
-0.32435
-0.374562
-0.389175
-0.407626
-0.44145
-0.468352
-0.428142
-0.32841
-0.504652
-0.544133
-0.519385
-0.500919
-0.552484
-0.564498
-0.530107
-0.424838
-0.460861
-0.509613
-0.493871
-0.554111
-0.550623
-0.472596
-0.371679
-0.449932
-0.463293
-0.437094
-0.407094
-0.431357
-0.417531
-0.38735
-0.462816
-0.456499
-0.445657
-0.335798
-0.414326
-0.412626
-0.382513
-0.335375
-0.382582
-0.367065
-0.412839
-0.358623
-0.420445
-0.472916
-0.461341
-0.385825
-0.412868
-0.437592
-0.37402
-0.41052
-0.377689
-0.394593
-0.491816
-0.37132
-0.445424
-0.456115
-0.386457
-0.406222
-0.421666
-0.374613
-0.370348
-0.422451
-0.388432
-0.394716
-0.40787
-0.466104
-0.438555
-0.429162
-0.467684
-0.476764
-0.432818
-0.380409
-0.36183
-0.403857
-0.3938
-0.39399
-0.362861
-0.426205
-0.432111
-0.431692
-0.400736
-0.396653
-0.364007
-0.372436
-0.422323
-0.474422
-0.44834
-0.365967
-0.41728
-0.41804
-0.426738
-0.402658
-0.358633
-0.354619
-0.437271
-0.471298
-0.47094
-0.497373
-0.419695
-0.433692
-0.541319
-0.466763
-0.411824
-0.425022
-0.380562
-0.422159
-0.356856
-0.396404
-0.463528
-0.446105
-0.409115
-0.392983
-0.373004
-0.361551
-0.461157
-0.38477
-0.432726
-0.434438
-0.444516
-0.506165
-0.451448
-0.446969
-0.401019
-0.358905
-0.457042
-0.376388
-0.355496
-0.335526
-0.334282
-0.418262
-0.44506
-0.405882
-0.420901
-0.337442
-0.359126
-0.377301
-0.315777
-0.373964
-0.455631
-0.446228
-0.454085
-0.382021
-0.375941
-0.40566
-0.383009
-0.411249
-0.35743
-0.371005
-0.401829
-0.420202
-0.427065
-0.490653
-0.443142
-0.436181
-0.419896
-0.414961
-0.463515
-0.484814
-0.50251
-0.422032
-0.446685
-0.43769
-0.392803
-0.390229
-0.373762
-0.340169
-0.388561
-0.401657
-0.453679
-0.430558
-0.351292
-0.349225
-0.359778
-0.420208
-0.412705
-0.372517
-0.441242
-0.395444
-0.444083
-0.395051
-0.481351
-0.439887
-0.491805
-0.474716
-0.442966
-0.368806
-0.368718
-0.331447
-0.419922
-0.392728
-0.363301
-0.351848
-0.342281
-0.3782
-0.342663
-0.343011
-0.29345
-0.334178
-0.360522
-0.389756
-0.31077
-0.311018
-0.389698
-0.415386
-0.39553
-0.411427
-0.453128
-0.44873
-0.459697
-0.428425
-0.476683
-0.400108
-0.37714
-0.373421
-0.396383
-0.378917
-0.37555
-0.389182
-0.441693
-0.460542
-0.506555
-0.463814
-0.478681
-0.489242
-0.449027
-0.540504
-0.512834
-0.513995
-0.571818
-0.514067
-0.450085
-0.43306
-0.427828
-0.386637
-0.395889
-0.418577
-0.415398
-0.34683
-0.32626
-0.337358
-0.352515
-0.343749
-0.400948
-0.406975
-0.37852
-0.358563
-0.442028
-0.445423
-0.386603
-0.394354
-0.400707
-0.381464
-0.409591
-0.388902
-0.359877
-0.353253
-0.406075
-0.433937
-0.410726
-0.437371
-0.448088
-0.490494
-0.422432
-0.505374
-0.370669
-0.384123
-0.395088
-0.39734
-0.388618
-0.361316
-0.387293
-0.385452
-0.400511
-0.387587
-0.420506
-0.466775
-0.500948
-0.439913
-0.378514
-0.464888
-0.449095
-0.485598
-0.408205
-0.428905
-0.392655
-0.362339
-0.331968
-0.35911
-0.422462
-0.442442
-0.494511
-0.450706
-0.36205
-0.377782
-0.359312
-0.381872
-0.466891
-0.413944
-0.44651
-0.436511
-0.409922
-0.463714
-0.462624
-0.446332
-0.474372
-0.501455
-0.510564
-0.440144
-0.490558
-0.462368
-0.470935
-0.501183
-0.46503
-0.420027
-0.485427
-0.495065
-0.429321
-0.363789
-0.310114
-0.347453
-0.366597
-0.392908
-0.324387
-0.347457
-0.347811
-0.348593
-0.331559
-0.357526
-0.394402
-0.351776
-0.342481
-0.388874
-0.378659
-0.36629
-0.397518
-0.403723
-0.382501
-0.400247
-0.401958
-0.38204
-0.41363
-0.436374
-0.34367
-0.422697
-0.442032
-0.401384
-0.446266
-0.460518
-0.455117
-0.330779
-0.393163
-0.352532
-0.366107
-0.342857
-0.365146
-0.382935
-0.351738
-0.331394
-0.316664
-0.33853
-0.319654
-0.436335
-0.43558
-0.414593
-0.392126
-0.389715
-0.44759
-0.389001
-0.390082
-0.415556
-0.443553
-0.486947
-0.547828
-0.564238
-0.438494
-0.415922
-0.4685
-0.397886
-0.411413
-0.386491
-0.448876
-0.405922
-0.4081
-0.38333
-0.398688
-0.382554
-0.401252
-0.456272
-0.476653
-0.490739
-0.488749
-0.441238
-0.381359
-0.414975
-0.487697
-0.446968
-0.445571
-0.44849
-0.440245
-0.44164
-0.48068
-0.481331
-0.436094
-0.471098
-0.430267
-0.406476
-0.443662
-0.427152
-0.418696
-0.407208
-0.4554
-0.405898
-0.428512
-0.420287
-0.432244
-0.412449
-0.46089
-0.510675
-0.520472
-0.399047
-0.498216
-0.504277
-0.407501
-0.464963
-0.473461
-0.459623
-0.517146
-0.491697
-0.486882
-0.507957
-0.530379
-0.560989
-0.568714
-0.580599
-0.416742
-0.390946
-0.429566
-0.402095
-0.36415
-0.36914
-0.389511
-0.410818
-0.436689
-0.402825
-0.442511
-0.505264
-0.538116
-0.517702
-0.473533
-0.42147
-0.409638
-0.430433
-0.446081
-0.434411
-0.441358
-0.379851
-0.382495
-0.392516
-0.367399
-0.359563
-0.379148
-0.354267
-0.336619
-0.32203
-0.348674
-0.388132
-0.369411
-0.367269
-0.352006
-0.320957
-0.382176
-0.45449
-0.469268
-0.480658
-0.498041
-0.529763
-0.46102
-0.430634
-0.406059
-0.380835
-0.365676
-0.379441
-0.454109
-0.428389
-0.422938
-0.374075
-0.414253
-0.461186
-0.513896
-0.535911
-0.480553
-0.499005
-0.479205
-0.493303
-0.452197
-0.46308
-0.437422
-0.406767
-0.432826
-0.448204
-0.447314
-0.401529
-0.380974
-0.369573
-0.404389
-0.40003
-0.367196
-0.323189
-0.354781
-0.345788
-0.364596
-0.424426
-0.436072
-0.349119
-0.33056
-0.348895
-0.368491
-0.344277
-0.418514
-0.395193
-0.367313
-0.385698
-0.489997
-0.39184
-0.465289
-0.454166
-0.505543
-0.513802
-0.454926
-0.450525
-0.41349
-0.417809
-0.429427
-0.41393
-0.419872
-0.433875
-0.349269
-0.307749
-0.30136
-0.321548
-0.395064
-0.366204
-0.409288
-0.429312
-0.49331
-0.417044
-0.410455
-0.46414
-0.4396
-0.46502
-0.469932
-0.492469
-0.543824
-0.47987
-0.486305
-0.536446
-0.48468
-0.536469
-0.48954
-0.464332
-0.417901
-0.422789
-0.377596
-0.299052
-0.315752
-0.302897
-0.366514
-0.352133
-0.401985
-0.416067
-0.428586
-0.428841
-0.440148
-0.424594
-0.383218
-0.405697
-0.360222
-0.421267
-0.431605
-0.446303
-0.410845
-0.34415
-0.416256
-0.390009
-0.40795
-0.393806
-0.393157
-0.286713
-0.352618
-0.359345
-0.425155
-0.431034
-0.428427
-0.470404
-0.395516
-0.413854
-0.447353
-0.36018
-0.378576
-0.403958
-0.311398
-0.42921
-0.363937
-0.363468
-0.38129
-0.363029
-0.353907
-0.395795
-0.438332
-0.451471
-0.496254
-0.475217
-0.393546
-0.381313
-0.408438
-0.42803
-0.426583
-0.519276
-0.421879
-0.372248
-0.336471
-0.329418
-0.380637
-0.297347
-0.330365
-0.402467
-0.424236
-0.465462
-0.476285
-0.474231
-0.491854
-0.436858
-0.442979
-0.407293
-0.455055
-0.487654
-0.398083
-0.331524
-0.445288
-0.453267
-0.413123
-0.396368
-0.422862
-0.429584
-0.413339
-0.412196
-0.462599
-0.417684
-0.363491
-0.445414
-0.491152
-0.460848
-0.48584
-0.445157
-0.516225
-0.490012
-0.521715
-0.42004
-0.420799
-0.414631
-0.38714
-0.393629
-0.389393
-0.398377
-0.404987
-0.383981
-0.41653
-0.346191
-0.328888
-0.341747
-0.286666
-0.295251
-0.36972
-0.374647
-0.365683
-0.39157
-0.407752
-0.420967
-0.422675
-0.421675
-0.417063
-0.427421
-0.459022
-0.429967
-0.414504
-0.417966
-0.353086
-0.387237
-0.362959
-0.338399
-0.337253
-0.324949
-0.313106
-0.30833
-0.379789
-0.39213
-0.415603
-0.421622
-0.406125
-0.457681
-0.363896
-0.358449
-0.394682
-0.445965
-0.431448
-0.47675
-0.385501
-0.50491
-0.470385
-0.518619
-0.514478
-0.454169
-0.494924
-0.45798
-0.472421
-0.457963
-0.468968
-0.412022
-0.383603
-0.399807
-0.374564
-0.323905
-0.402233
-0.396211
-0.410678
-0.430166
-0.498537
-0.468802
-0.42854
-0.369761
-0.383079
-0.381663
-0.381007
-0.430347
-0.369578
-0.369454
-0.402409
-0.425737
-0.426489
-0.455149
-0.407466
-0.424107
-0.401188
-0.403808
-0.385628
-0.390711
-0.366501
-0.381629
-0.304906
-0.317098
-0.35073
-0.366732
-0.319501
-0.30323
-0.389155
-0.451533
-0.413519
-0.370606
-0.415102
-0.392549
-0.41922
-0.433798
-0.35872
-0.36629
-0.34849
-0.348758
-0.340634
-0.334806
-0.357427
-0.379212
-0.389758
-0.40126
-0.368965
-0.331718
-0.34719
-0.341763
-0.347785
-0.38789
-0.379548
-0.394671
-0.393566
-0.382258
-0.406232
-0.357737
-0.382629
-0.440566
-0.428644
-0.419769
-0.4173
-0.379287
-0.404882
-0.419327
-0.426913
-0.426285
-0.432861
-0.391482
-0.461994
-0.46686
-0.451029
-0.417096
-0.418905
-0.366301
-0.40263
-0.372076
-0.389606
-0.370067
-0.368731
-0.387393
-0.373828
-0.417855
-0.397319
-0.43264
-0.416251
-0.48295
-0.433852
-0.445664
-0.356284
-0.323527
-0.382849
-0.443635
-0.402136
-0.294719
-0.366325
-0.348341
-0.30644
-0.392824
-0.398931
-0.367434
-0.390817
-0.406262
-0.354023
-0.374216
-0.371122
-0.360018
-0.376878
-0.460766
-0.462227
-0.51522
-0.503003
-0.501833
-0.466092
-0.481395
-0.51526
-0.522558
-0.498184
-0.461388
-0.428269
-0.362465
-0.398714
-0.387509
-0.415942
-0.433967
-0.412029
-0.378467
-0.340562
-0.389361
-0.347488
-0.371227
-0.42616
-0.400193
-0.392703
-0.438712
-0.493142
-0.485046
-0.437916
-0.415836
-0.424756
-0.444908
-0.480673
-0.470659
-0.460607
-0.411557
-0.401995
-0.418182
-0.398608
-0.372445
-0.39182
-0.371754
-0.4439
-0.423181
-0.406459
-0.391561
-0.366738
-0.319876
-0.391023
-0.412998
-0.354133
-0.362024
-0.356706
-0.414738
-0.45678
-0.501334
-0.439175
-0.422409
-0.442467
-0.463572
-0.442097
-0.475491
-0.453671
-0.388342
-0.363339
-0.33928
-0.328755
-0.36008
-0.405
-0.373142
-0.37708
-0.417912
-0.353777
-0.41385
-0.493954
-0.437751
-0.445071
-0.412761
-0.386715
-0.393951
-0.497519
-0.49822
-0.389359
-0.480858
-0.485082
-0.476469
-0.480945
-0.439054
-0.424961
-0.498547
-0.43496
-0.470253
-0.398223
-0.367785
-0.348186
-0.376947
-0.434837
-0.477826
-0.471658
-0.44858
-0.440529
-0.457089
-0.421988
-0.388188
-0.351509
-0.370359
-0.375015
-0.395125
-0.446729
-0.437987
-0.366539
-0.384011
-0.370154
-0.364297
-0.389778
-0.412351
-0.429699
-0.48841
-0.487035
-0.332123
-0.38155
-0.362421
-0.452555
-0.458579
-0.425963
-0.459843
-0.450033
-0.424116
-0.43026
-0.435981
-0.430491
-0.471947
-0.537824
-0.54183
-0.501376
-0.423513
-0.413889
-0.353923
-0.404351
-0.480803
-0.480276
-0.508804
-0.458177
-0.414749
-0.408913
-0.43337
-0.438569
-0.469398
-0.479954
-0.472268
-0.463571
-0.432325
-0.407524
-0.396555
-0.45147
-0.492514
-0.383379
-0.452759
-0.447675
-0.455268
-0.411904
-0.408459
-0.388318
-0.401603
-0.422258
-0.410141
-0.350363
-0.446498
-0.495444
-0.561062
-0.511902
-0.452573
-0.370627
-0.40515
-0.373331
-0.377175
-0.362675
-0.387985
-0.382168
-0.370966
-0.358992
-0.361754
-0.392807
-0.422209
-0.424219
-0.383686
-0.427019
-0.542305
-0.568804
-0.533342
-0.463341
-0.414096
-0.386002
-0.44879
-0.400363
-0.371553
-0.409488
-0.453361
-0.448492
-0.410702
-0.482047
-0.422742
-0.41385
-0.420104
-0.321427
-0.343801
-0.382419
-0.381501
-0.309552
-0.362335
-0.426552
-0.401104
-0.420863
-0.44334
-0.418223
-0.363069
-0.368794
-0.412789
-0.472917
-0.470628
-0.432024
-0.432714
-0.478551
-0.512256
-0.514132
-0.504421
-0.543742
-0.510819
-0.41607
-0.439521
-0.42482
-0.383695
-0.396307
-0.407015
-0.443542
-0.447013
-0.406465
-0.459674
-0.442157
-0.440252
-0.438808
-0.417506
-0.458011
-0.464665
-0.448101
-0.434089
-0.450572
-0.389634
-0.368382
-0.41296
-0.415006
-0.376161
-0.394133
-0.372832
-0.329549
-0.347022
-0.442259
-0.436046
-0.384626
-0.406496
-0.421681
-0.366568
-0.413706
-0.450799
-0.507267
-0.43816
-0.436744
-0.384208
-0.350139
-0.41418
-0.412939
-0.382794
-0.354914
-0.386389
-0.39664
-0.380258
-0.401533
-0.369631
-0.367647
-0.409648
-0.406704
-0.426828
-0.453739
-0.441407
-0.434642
-0.415815
-0.473402
-0.478992
-0.530948
-0.471025
-0.414314
-0.404703
-0.456738
-0.417485
-0.423299
-0.419106
-0.42265
-0.452674
-0.439476
-0.44363
-0.401016
-0.442907
-0.429935
-0.43367
-0.3351
-0.410253
-0.488027
-0.473207
-0.427039
-0.405346
-0.457408
-0.429888
-0.425089
-0.424745
-0.432297
-0.386101
-0.439356
-0.490375
-0.366167
-0.334067
-0.347361
-0.408235
-0.351226
-0.395706
-0.410005
-0.436822
-0.430973
-0.503565
-0.430281
-0.440124
-0.47664
-0.442058
-0.503572
-0.471246
-0.442817
-0.435692
-0.506074
-0.467813
-0.473283
-0.473408
-0.456018
-0.381096
-0.404835
-0.421383
-0.402456
-0.382419
-0.391389
-0.444492
-0.455605
-0.485248
-0.517541
-0.604955
-0.578778
-0.499037
-0.558476
-0.538431
-0.584293
-0.499509
-0.505951
-0.531893
-0.484532
-0.498652
-0.470754
-0.498509
-0.458739
-0.477205
-0.491387
-0.394684
-0.368637
-0.419079
-0.467099
-0.478811
-0.456492
-0.437667
-0.454962
-0.533252
-0.510716
-0.500924
-0.492494
-0.382119
-0.429433
-0.447367
-0.387993
-0.423017
-0.41909
-0.446178
-0.436316
-0.456334
-0.459926
-0.519303
-0.481081
-0.488794
-0.42118
-0.409813
-0.442146
-0.449347
-0.437851
-0.422999
-0.449341
-0.371077
-0.455317
-0.421044
-0.520844
-0.503735
-0.444671
-0.429097
-0.427307
-0.468635
-0.444754
-0.467521
-0.406544
-0.424104
-0.378237
-0.389402
-0.334131
-0.301453
-0.384006
-0.351101
-0.394194
-0.455535
-0.390473
-0.399973
-0.380558
-0.348772
-0.440074
-0.422322
-0.453123
-0.387281
-0.407401
-0.465414
-0.457836
-0.528974
-0.516814
-0.479156
-0.456139
-0.487176
-0.461612
-0.454467
-0.491841
-0.51126
-0.512612
-0.446007
-0.481025
-0.451957
-0.443637
-0.466642
-0.441671
-0.474022
-0.450166
-0.416091
-0.448162
-0.404967
-0.405257
-0.439215
-0.47108
-0.470684
-0.454396
-0.441439
-0.380148
-0.399692
-0.430008
-0.385951
-0.37053
-0.397967
-0.367167
-0.408363
-0.420512
-0.393138
-0.404603
-0.439675
-0.461818
-0.460956
-0.449817
-0.392108
-0.391942
-0.385337
-0.451598
-0.391246
-0.333008
-0.388614
-0.384428
-0.365519
-0.376387
-0.395842
-0.412807
-0.446991
-0.364512
-0.360866
-0.344143
-0.403369
-0.437767
-0.477798
-0.461936
-0.500204
-0.466718
-0.420469
-0.410796
-0.361804
-0.319753
-0.357086
-0.358832
-0.426922
-0.446109
-0.415818
-0.39419
-0.350568
-0.309807
-0.279609
-0.307003
-0.353745
-0.377232
-0.430698
-0.398099
-0.411474
-0.38425
-0.460658
-0.451517
-0.463346
-0.378507
-0.400833
-0.447874
-0.457745
-0.479995
-0.474058
-0.46477
-0.495229
-0.438147
-0.405714
-0.371219
-0.401216
-0.416773
-0.411231
-0.395859
-0.407789
-0.438371
-0.467055
-0.407886
-0.473899
-0.462167
-0.457707
-0.443451
-0.447329
-0.446676
-0.516809
-0.491646
-0.472011
-0.468866
-0.4339
-0.400864
-0.327556
-0.325346
-0.378707
-0.428395
-0.386699
-0.416538
-0.435878
-0.381538
-0.402938
-0.408902
-0.398612
-0.403912
-0.406835
-0.453255
-0.421723
-0.425054
-0.495743
-0.4996
-0.482488
-0.422181
-0.408478
-0.38257
-0.353426
-0.356405
-0.38599
-0.391194
-0.381718
-0.426416
-0.390123
-0.354192
-0.393231
-0.352398
-0.354117
-0.342745
-0.364996
-0.395516
-0.409848
-0.32147
-0.392557
-0.423224
-0.416229
-0.486073
-0.493508
-0.447234
-0.460483
-0.494787
-0.420159
-0.424102
-0.449823
-0.413831
-0.396141
-0.486164
-0.3952
-0.370852
-0.401102
-0.43648
-0.39598
-0.430772
-0.379217
-0.43803
-0.438709
-0.44893
-0.421997
-0.445706
-0.491087
-0.444068
-0.467018
-0.482029
-0.470047
-0.514976
-0.434145
-0.438056
-0.377014
-0.411815
-0.363949
-0.380835
-0.452396
-0.517032
-0.513497
-0.503626
-0.448625
-0.442246
-0.385364
-0.400375
-0.401163
-0.423088
-0.431433
-0.375061
-0.403435
-0.399959
-0.411574
-0.369111
-0.370652
-0.375006
-0.341884
-0.400927
-0.429647
-0.422905
-0.350716
-0.321771
-0.362362
-0.384207
-0.42369
-0.452101
-0.420441
-0.415674
-0.387829
-0.361886
-0.403838
-0.355782
-0.361597
-0.38502
-0.397084
-0.440891
-0.358682
-0.301601
-0.394675
-0.47138
-0.445645
-0.417441
-0.38309
-0.427465
-0.408655
-0.341132
-0.370522
-0.426103
-0.406909
-0.369849
-0.392524
-0.41793
-0.370485
-0.33185
-0.344713
-0.418236
-0.405035
-0.416254
-0.48668
-0.454326
-0.531413
-0.530787
-0.481447
-0.479337
-0.538124
-0.518562
-0.515528
-0.477811
-0.462386
-0.517678
-0.482516
-0.382743
-0.442765
-0.473275
-0.443605
-0.420212
-0.476314
-0.4095
-0.419894
-0.430881
-0.519064
-0.481781
-0.457657
-0.39995
-0.413917
-0.394818
-0.366671
-0.343222
-0.379495
-0.429894
-0.435136
-0.405389
-0.491566
-0.41605
-0.407093
-0.379076
-0.343595
-0.448264
-0.336493
-0.344444
-0.375874
-0.310203
-0.314866
-0.417657
-0.444432
-0.441295
-0.498044
-0.487476
-0.433158
-0.366778
-0.434001
-0.384047
-0.360137
-0.296527
-0.427351
-0.330148
-0.363773
-0.368567
-0.345411
-0.372421
-0.421635
-0.473044
-0.490683
-0.51903
-0.530773
-0.424574
-0.423706
-0.517181
-0.433175
-0.421254
-0.514123
-0.451149
-0.494362
-0.40373
-0.459639
-0.379995
-0.467711
-0.451756
-0.426436
-0.387012
-0.373146
-0.357261
-0.434685
-0.425971
-0.38042
-0.372558
-0.356014
-0.371744
-0.345047
-0.329446
-0.409362
-0.408261
-0.372565
-0.365538
-0.407383
-0.335991
-0.435455
-0.460534
-0.397878
-0.380536
-0.371614
-0.413487
-0.423584
-0.466548
-0.498995
-0.496303
-0.534587
-0.430502
-0.386917
-0.388974
-0.445279
-0.393453
-0.40455
-0.329287
-0.334439
-0.318788
-0.356754
-0.353578
-0.358957
-0.370157
-0.337162
-0.424792
-0.381101
-0.4285
-0.4273
-0.349555
-0.318225
-0.423696
-0.43013
-0.400587
-0.4126
-0.469774
-0.426425
-0.370007
-0.418044
-0.428017
-0.377779
-0.415129
-0.413746
-0.410694
-0.388756
-0.386691
-0.353638
-0.397555
-0.524589
-0.477301
-0.474355
-0.42092
-0.363478
-0.373531
-0.340503
-0.372197
-0.330517
-0.411966
-0.451132
-0.411439
-0.394315
-0.423146
-0.388153
-0.298685
-0.321198
-0.347226
-0.368526
-0.432854
-0.442969
-0.400773
-0.429503
-0.447105
-0.414104
-0.457359
-0.438633
-0.355027
-0.371264
-0.324006
-0.329762
-0.365449
-0.373989
-0.350715
-0.378942
-0.363506
-0.342793
-0.371562
-0.379581
-0.379893
-0.341815
-0.36288
-0.46068
-0.438998
-0.436518
-0.377416
-0.408311
-0.358441
-0.385295
-0.454693
-0.492111
-0.355048
-0.324024
-0.397877
-0.368739
-0.386396
-0.351146
-0.331622
-0.352798
-0.358676
-0.445846
-0.378343
-0.475957
-0.508885
-0.496641
-0.462502
-0.410429
-0.471787
-0.418666
-0.433773
-0.435473
-0.417587
-0.408968
-0.384488
-0.411709
-0.465061
-0.39556
-0.404162
-0.483178
-0.548761
-0.484106
-0.473842
-0.466542
-0.459805
-0.488843
-0.388823
-0.404658
-0.421106
-0.505468
-0.473463
-0.50652
-0.370729
-0.321082
-0.314686
-0.415817
-0.367288
-0.35731
-0.362807
-0.355301
-0.400712
-0.425771
-0.439088
-0.356704
-0.409759
-0.379657
-0.315316
-0.344986
-0.389798
-0.417096
-0.323338
-0.40229
-0.359504
-0.446243
-0.431731
-0.428939
-0.373906
-0.536862
-0.551053
-0.457895
-0.458405
-0.392598
-0.390913
-0.416381
-0.368764
-0.432496
-0.425629
-0.396653
-0.436308
-0.416267
-0.451807
-0.459192
-0.489256
-0.436561
-0.493655
-0.457376
-0.490722
-0.458537
-0.419027
-0.373748
-0.432353
-0.356869
-0.389604
-0.352362
-0.438764
-0.340498
-0.325174
-0.325471
-0.373343
-0.427919
-0.40487
-0.3774
-0.401352
-0.377793
-0.41752
-0.422161
-0.336116
-0.375591
-0.421453
-0.400993
-0.383879
-0.349026
-0.394432
-0.346332
-0.375951
-0.317119
-0.297596
-0.41572
-0.423206
-0.356367
-0.414207
-0.422221
-0.394979
-0.416484
-0.417166
-0.485453
-0.484605
-0.465145
-0.45136
-0.428107
-0.35738
-0.386823
-0.429134
-0.420018
-0.388497
-0.382296
-0.414443
-0.443969
-0.514104
-0.451411
-0.504844
-0.476033
-0.438955
-0.490234
-0.392977
-0.396615
-0.438741
-0.377441
-0.490412
-0.431773
-0.428004
-0.461913
-0.460076
-0.446603
-0.42229
-0.439384
-0.398923
-0.385409
-0.362685
-0.395957
-0.392081
-0.427722
-0.391346
-0.318689
-0.44079
-0.484298
-0.458485
-0.355338
-0.43623
-0.400293
-0.403638
-0.4251
-0.45087
-0.383416
-0.460116
-0.489418
-0.445587
-0.45732
-0.454191
-0.445515
-0.382366
-0.34815
-0.32041
-0.369712
-0.428832
-0.409167
-0.434121
-0.422896
-0.353802
-0.385816
-0.347059
-0.381174
-0.335402
-0.387267
-0.39688
-0.380904
-0.405174
-0.458775
-0.39286
-0.400738
-0.402222
-0.376108
-0.406655
-0.400789
-0.405903
-0.397272
-0.420075
-0.471073
-0.448171
-0.416751
-0.44942
-0.403321
-0.369662
-0.324226
-0.416385
-0.455716
-0.392335
-0.364837
-0.350577
-0.341956
-0.375182
-0.358953
-0.339031
-0.405298
-0.430007
-0.337186
-0.418941
-0.393538
-0.37086
-0.322344
-0.408036
-0.433691
-0.491037
-0.462554
-0.442916
-0.511757
-0.518573
-0.502294
-0.477532
-0.386752
-0.426471
-0.34781
-0.369345
-0.384809
-0.373337
-0.474922
-0.432567
-0.453713
-0.39746
-0.383909
-0.407087
-0.397674
-0.32638
-0.359659
-0.370818
-0.338385
-0.400059
-0.381242
-0.388158
-0.382791
-0.382655
-0.437265
-0.50419
-0.4691
-0.395782
-0.398822
-0.346315
-0.411831
-0.366097
-0.293372
-0.35461
-0.287185
-0.348532
-0.399708
-0.358883
-0.331145
-0.368436
-0.354417
-0.366384
-0.330452
-0.365206
-0.389561
-0.424157
-0.462944
-0.474701
-0.51726
-0.5481
-0.484892
-0.56498
-0.400296
-0.407484
-0.452693
-0.43663
-0.406961
-0.459364
-0.409706
-0.40999
-0.41924
-0.389184
-0.428618
-0.377747
-0.37484
-0.379838
-0.361721
-0.349026
-0.40962
-0.328282
-0.407137
-0.467517
-0.436998
-0.423441
-0.409601
-0.391849
-0.36809
-0.381159
-0.339881
-0.341892
-0.330413
-0.347278
-0.358475
-0.399559
-0.396337
-0.392017
-0.440614
-0.421773
-0.342927
-0.378132
-0.382527
-0.451683
-0.462133
-0.42067
-0.444134
-0.444131
-0.406891
-0.410089
-0.349316
-0.404818
-0.43657
-0.414772
-0.377423
-0.391019
-0.408707
-0.354532
-0.377978
-0.439709
-0.415376
-0.357447
-0.399769
-0.335979
-0.426887
-0.391654
-0.385297
-0.457942
-0.348225
-0.327649
-0.382314
-0.406777
-0.312626
-0.339933
-0.353977
-0.362757
-0.432871
-0.462216
-0.397162
-0.366223
-0.376026
-0.384702
-0.373749
-0.399432
-0.395295
-0.433324
-0.427681
-0.495713
-0.540428
-0.492853
-0.378906
-0.479022
-0.426207
-0.3524
-0.349602
-0.402194
-0.457461
-0.44832
-0.422061
-0.400207
-0.431167
-0.486685
-0.487865
-0.44329
-0.446798
-0.486983
-0.484811
-0.422176
-0.457024
-0.451746
-0.390931
-0.415232
-0.38865
-0.370567
-0.45289
-0.420377
-0.370701
-0.442323
-0.390878
-0.456305
-0.352474
-0.442261
-0.483681
-0.515177
-0.544142
-0.569876
-0.586538
-0.562594
-0.582491
-0.504948
-0.521766
-0.506012
-0.440082
-0.45442
-0.44994
-0.489411
-0.572146
-0.47657
-0.44164
-0.445623
-0.444769
-0.415802
-0.389466
-0.404136
-0.39013
-0.315717
-0.373017
-0.472976
-0.418907
-0.400284
-0.386889
-0.347246
-0.31895
-0.367576
-0.362622
-0.360548
-0.383734
-0.361921
-0.316545
-0.451189
-0.44531
-0.429417
-0.366817
-0.391564
-0.420711
-0.391636
-0.385093
-0.384599
-0.434218
-0.442372
-0.374116
-0.403808
-0.413415
-0.437175
-0.394001
-0.406489
-0.420063
-0.422424
-0.442349
-0.391666
-0.462812
-0.434509
-0.369361
-0.387272
-0.387084
-0.431006
-0.403158
-0.346032
-0.319221
-0.345688
-0.410165
-0.476895
-0.478982
-0.416804
-0.396954
-0.457378
-0.453627
-0.422004
-0.415264
-0.364846
-0.370397
-0.336303
-0.38879
-0.389871
-0.379369
-0.401017
-0.376239
-0.38017
-0.375024
-0.366329
-0.40255
-0.318943
-0.42136
-0.412594
-0.373436
-0.388059
-0.381573
-0.395018
-0.426699
-0.399781
-0.375575
-0.388431
-0.361808
-0.425432
-0.388885
-0.404771
-0.442625
-0.427238
-0.457885
-0.43708
-0.54296
-0.419998
-0.415519
-0.388739
-0.418772
-0.464216
-0.528439
-0.462729
-0.463894
-0.521115
-0.456124
-0.397251
-0.319589
-0.378612
-0.37018
-0.395283
-0.407837
-0.365938
-0.381134
-0.440362
-0.385413
-0.462432
-0.403685
-0.36565
-0.412211
-0.396168
-0.386914
-0.385945
-0.357275
-0.301426
-0.329244
-0.402923
-0.420595
-0.403618
-0.379827
-0.31453
-0.378802
-0.419437
-0.403037
-0.415592
-0.390529
-0.378141
-0.345999
-0.449997
-0.441993
-0.468087
-0.40778
-0.347938
-0.330885
-0.376674
-0.390819
-0.384459
-0.403727
-0.422329
-0.392794
-0.410482
-0.488931
-0.490496
-0.489441
-0.490989
-0.449657
-0.480617
-0.399228
-0.382559
-0.375659
-0.419946
-0.432688
-0.418858
-0.406732
-0.455526
-0.351006
-0.440344
-0.484726
-0.401431
-0.413327
-0.438125
-0.44201
-0.349017
-0.396071
-0.372379
-0.36457
-0.456231
-0.445939
-0.421335
-0.474106
-0.499372
-0.461324
-0.38996
-0.402354
-0.446611
-0.460218
-0.409477
-0.425743
-0.412518
-0.373112
-0.399513
-0.314413
-0.362823
-0.346239
-0.40406
-0.405217
-0.422725
-0.411784
-0.470556
-0.356334
-0.325667
-0.357291
-0.349804
-0.266187
-0.356327
-0.377781
-0.273697
-0.300478
-0.422326
-0.436638
-0.438937
-0.46891
-0.406933
-0.440102
-0.411501
-0.43776
-0.392243
-0.399565
-0.4532
-0.426474
-0.430743
-0.437341
-0.448052
-0.485305
-0.49329
-0.519612
-0.458158
-0.439176
-0.407686
-0.410404
-0.426893
-0.399791
-0.355166
-0.349584
-0.328339
-0.338267
-0.364882
-0.336142
-0.379448
-0.390963
-0.452837
-0.377473
-0.407832
-0.3769
-0.43337
-0.451264
-0.454948
-0.4102
-0.405551
-0.343106
-0.352127
-0.300775
-0.363935
-0.392553
-0.413687
-0.363588
-0.280358
-0.279226
-0.361348
-0.394569
-0.375565
-0.329074
-0.320666
-0.318302
-0.353886
-0.422918
-0.484088
-0.455611
-0.469141
-0.411568
-0.423891
-0.381505
-0.406725
-0.328231
-0.316617
-0.294224
-0.338498
-0.376202
-0.325085
-0.328501
-0.367229
-0.350938
-0.373254
-0.401803
-0.378831
-0.383467
-0.405409
-0.478923
-0.427103
-0.413
-0.428784
-0.495293
-0.473965
-0.449952
-0.458747
-0.469494
-0.437696
-0.408592
-0.432212
-0.451598
-0.507694
-0.481352
-0.486154
-0.45677
-0.3935
-0.398406
-0.414
-0.423762
-0.402322
-0.374666
-0.377619
-0.382767
-0.476905
-0.456698
-0.449025
-0.34234
-0.345004
-0.321923
-0.382406
-0.433137
-0.374214
-0.358057
-0.379883
-0.385605
-0.357754
-0.460174
-0.411632
-0.427221
-0.405901
-0.334798
-0.359937
-0.406695
-0.54119
-0.453545
-0.381185
-0.399793
-0.362771
-0.401472
-0.470908
-0.400059
-0.409928
-0.372618
-0.382211
-0.368896
-0.371132
-0.338667
-0.335443
-0.414714
-0.378931
-0.419781
-0.397967
-0.375466
-0.345664
-0.349703
-0.363388
-0.401784
-0.397607
-0.410374
-0.387221
-0.404771
-0.416274
-0.385889
-0.434645
-0.39157
-0.433314
-0.462238
-0.481481
-0.406402
-0.444496
-0.407942
-0.415297
-0.376034
-0.399649
-0.385698
-0.353876
-0.381012
-0.394362
-0.320758
-0.333832
-0.301806
-0.394697
-0.405817
-0.389553
-0.426276
-0.43212
-0.419003
-0.409027
-0.427681
-0.412139
-0.438414
-0.446165
-0.369286
-0.385659
-0.372954
-0.399587
-0.37202
-0.355308
-0.363139
-0.346348
-0.344888
-0.295558
-0.367557
-0.36042
-0.450387
-0.480547
-0.37363
-0.359476
-0.390759
-0.423639
-0.399219
-0.438234
-0.465285
-0.541547
-0.404922
-0.436249
-0.391494
-0.463713
-0.506372
-0.439738
-0.473437
-0.455267
-0.461366
-0.408479
-0.42541
-0.407395
-0.414482
-0.397801
-0.382091
-0.407464
-0.379671
-0.384559
-0.446034
-0.422414
-0.427066
-0.45334
-0.457702
-0.427731
-0.466357
-0.465083
-0.492816
-0.437259
-0.482677
-0.422735
-0.507984
-0.492212
-0.582942
-0.498462
-0.421357
-0.362936
-0.340819
-0.387839
-0.329348
-0.325874
-0.347433
-0.318414
-0.324628
-0.315374
-0.321885
-0.300122
-0.363198
-0.342121
-0.372584
-0.399496
-0.438002
-0.360666
-0.402684
-0.386896
-0.415897
-0.446091
-0.428475
-0.410723
-0.384891
-0.360194
-0.442697
-0.373949
-0.370564
-0.390885
-0.382179
-0.40009
-0.347417
-0.411697
-0.429761
-0.431461
-0.40598
-0.445245
-0.441542
-0.383251
-0.40008
-0.338991
-0.336346
-0.32276
-0.361906
-0.368579
-0.348628
-0.399525
-0.430167
-0.39969
-0.366067
-0.338155
-0.390795
-0.344042
-0.354397
-0.356659
-0.393615
-0.36053
-0.325627
-0.316983
-0.366603
-0.352363
-0.378544
-0.398821
-0.371533
-0.428425
-0.493981
-0.543312
-0.490535
-0.501632
-0.480773
-0.488163
-0.420524
-0.42657
-0.421619
-0.416505
-0.425405
-0.365393
-0.371542
-0.314781
-0.386303
-0.434428
-0.417831
-0.486097
-0.474286
-0.462585
-0.420999
-0.428729
-0.38494
-0.427766
-0.382433
-0.359117
-0.399314
-0.457256
-0.486986
-0.434814
-0.413719
-0.417938
-0.433988
-0.395479
-0.421253
-0.324926
-0.373021
-0.401283
-0.394223
-0.394439
-0.434271
-0.421967
-0.405047
-0.439544
-0.387697
-0.439168
-0.37615
-0.369888
-0.317871
-0.377545
-0.430239
-0.413511
-0.395155
-0.432469
-0.432863
-0.425103
-0.427522
-0.452879
-0.507867
-0.418207
-0.358159
-0.322833
-0.375713
-0.373167
-0.363812
-0.415492
-0.447065
-0.355509
-0.396955
-0.431386
-0.396345
-0.419964
-0.410614
-0.353544
-0.376215
-0.385965
-0.34408
-0.37337
-0.366238
-0.450055
-0.491383
-0.533728
-0.550545
-0.549063
-0.495906
-0.454168
-0.432679
-0.446274
-0.432949
-0.422198
-0.455667
-0.355292
-0.33308
-0.353657
-0.433101
-0.400373
-0.359031
-0.369413
-0.325234
-0.369189
-0.44698
-0.424271
-0.436083
-0.475545
-0.425793
-0.376028
-0.457046
-0.403838
-0.406488
-0.380461
-0.314565
-0.394626
-0.409698
-0.404269
-0.437523
-0.425572
-0.412602
-0.405034
-0.414662
-0.399756
-0.401446
-0.411398
-0.319252
-0.314705
-0.361431
-0.342149
-0.397692
-0.369842
-0.397225
-0.388614
-0.321921
-0.389526
-0.404528
-0.391634
-0.391213
-0.468661
-0.450604
-0.435274
-0.41644
-0.381758
-0.411572
-0.408067
-0.405169
-0.42937
-0.365602
-0.352614
-0.328236
-0.352366
-0.422142
-0.340872
-0.308789
-0.375768
-0.286807
-0.348389
-0.318093
-0.308977
-0.322007
-0.371642
-0.371088
-0.412089
-0.376715
