-6.61538
-6.47599
-6.36345
-6.3557
-6.25274
-6.18165
-6.11267
-6.01244
-5.94798
-5.98178
-5.96517
-6.05038
-6.05712
-5.98382
-5.95031
-5.86667
-5.86843
-5.78481
-5.78908
-5.63332
-5.72192
-5.73306
-5.85683
-5.88267
-5.97882
-5.87906
-5.89228
-5.89301
-5.92524
-5.88795
-5.85733
-5.87373
-5.87516
-5.84576
-5.86058
-5.7991
-5.75654
-5.71874
-5.77476
-5.78445
-5.79447
-5.73244
-5.77823
-5.78421
-5.78339
-5.81018
-5.82946
-5.85189
-5.89022
-5.84705
-5.83081
-5.83377
-5.79895
-5.7952
-5.76862
-5.84897
-5.88558
-5.92878
-5.91463
-5.85883
-5.8518
-5.70521
-5.69951
-5.7389
-5.72942
-5.80639
-5.77232
-5.76243
-5.76355
-5.66439
-5.67039
-5.61754
-5.66287
-5.66868
-5.66891
-5.675
-5.75369
-5.82726
-5.82404
-5.82221
-5.80529
-5.81378
-5.87482
-5.79019
-5.68776
-5.78071
-5.81507
-5.82254
-5.76088
-5.76212
-5.63969
-5.63567
-5.71137
-5.77144
-5.77816
-5.7777
-5.66497
-5.74433
-5.65614
-5.68096
-5.60078
-5.5856
-5.61199
-5.685
-5.68164
-5.65896
-5.6387
-5.61734
-5.66216
-5.6563
-5.66132
-5.71201
-5.69164
-5.63627
-5.70115
-5.80871
-5.81084
-5.75899
-5.73572
-5.77557
-5.66959
-5.63357
-5.59562
-5.58605
-5.51814
-5.57253
-5.66447
-5.56802
-5.55554
-5.62921
-5.60573
-5.5427
-5.56224
-5.69924
-5.66911
-5.70177
-5.70461
-5.6598
-5.67099
-5.64134
-5.64454
-5.6649
-5.66262
-5.68675
-5.6706
-5.66699
-5.63655
-5.67473
-5.68143
-5.70462
-5.6635
-5.66904
-5.59401
-5.49442
-5.51133
-5.56242
-5.61847
-5.61728
-5.5429
-5.46391
-5.63013
-5.64539
-5.62354
-5.67529
-5.64149
-5.61128
-5.5681
-5.55727
-5.58786
-5.52227
-5.65064
-5.61095
-5.66832
-5.6001
-5.60887
-5.58434
-5.60862
-5.57976
-5.59594
-5.5128
-5.46173
-5.45403
-5.38158
-5.34059
-5.50499
-5.37696
-5.34145
-5.42433
-5.50584
-5.47322
-5.46209
-5.47858
-5.54003
-5.59029
-5.43341
-5.44403
-5.35961
-5.48769
-5.51378
-5.48579
-5.56358
-5.54494
-5.55876
-5.52674
-5.57171
-5.60436
-5.62391
-5.58595
-5.57201
-5.54724
-5.63662
-5.58569
-5.5304
-5.44464
-5.4482
-5.46426
-5.49294
-5.45177
-5.51391
-5.61624
-5.57765
-5.62898
-5.58948
-5.59869
-5.58319
-5.53486
-5.56046
-5.43088
-5.43676
-5.43391
-5.44134
-5.35935
-5.36181
-5.34075
-5.31874
-5.42943
-5.38985
-5.24361
-5.14696
-5.15378
-5.22035
-5.351
-5.48206
-5.49575
-5.42979
-5.41269
-5.54373
-5.65098
-5.54191
-5.57691
-5.44735
-5.43533
-5.40684
-5.48375
-5.56853
-5.56465
-5.50324
-5.42796
-5.53096
-5.63063
-5.60037
-5.64633
-5.57581
-5.43997
-5.50593
-5.42651
-5.48492
-5.42959
-5.4881
-5.50172
-5.48936
-5.48256
-5.41753
-5.46303
-5.47952
-5.47549
-5.48264
-5.45981
-5.39052
-5.42898
-5.4635
-5.4089
-5.3915
-5.53955
-5.5941
-5.60424
-5.57164
-5.4932
-5.52357
-5.62153
-5.51253
-5.55141
-5.43439
-5.47734
-5.45274
-5.53507
-5.48745
-5.50418
-5.51772
-5.54713
-5.46264
-5.49507
-5.57516
-5.45599
-5.50084
-5.62079
-5.56719
-5.48921
-5.4412
-5.40027
-5.35657
-5.40454
-5.52938
-5.48125
-5.46384
-5.53608
-5.57275
-5.60797
-5.61002
-5.56821
-5.42028
-5.47897
-5.32803
-5.37977
-5.41676
-5.40923
-5.39758
-5.45333
-5.46629
-5.43307
-5.47649
-5.56097
-5.50917
-5.45418
-5.46722
-5.46108
-5.48506
-5.42788
-5.48142
-5.55314
-5.64831
-5.5247
-5.54824
-5.4735
-5.55153
-5.54876
-5.48085
-5.42962
-5.45769
-5.54288
-5.57047
-5.53636
-5.54883
-5.43083
-5.37884
-5.35901
-5.31343
-5.36209
-5.33369
-5.30415
-5.38339
-5.39875
-5.35081
-5.23338
-5.3227
-5.38048
-5.30965
-5.40649
-5.39617
-5.3571
-5.37231
-5.30723
-5.36845
-5.48199
-5.44054
-5.52536
-5.54996
-5.54421
-5.42975
-5.45252
-5.4112
-5.3801
-5.42786
-5.41457
-5.47455
-5.56361
-5.58504
-5.43237
-5.50993
-5.49404
-5.45752
-5.39391
-5.39807
-5.47748
-5.42339
-5.54368
-5.52154
-5.58288
-5.62113
-5.60577
-5.5689
-5.49674
-5.55209
-5.62783
-5.6184
-5.61233
-5.65738
-5.59138
-5.60606
-5.63219
-5.61696
-5.57393
-5.43716
-5.44259
-5.39331
-5.46717
-5.25386
-5.33684
-5.31111
-5.38806
-5.48724
-5.5063
-5.45775
-5.47325
-5.41707
-5.3346
-5.29707
-5.2464
-5.2495
-5.30668
-5.39621
-5.33639
-5.31473
-5.2944
-5.35707
-5.36684
-5.31384
-5.33395
-5.35423
-5.3699
-5.45243
-5.52539
-5.65269
-5.6218
-5.52015
-5.58546
-5.45707
-5.55745
-5.48631
-5.45585
-5.41389
-5.47968
-5.47934
-5.51447
-5.52065
-5.53093
-5.49113
-5.41657
-5.53289
-5.57285
-5.57971
-5.55467
-5.54829
-5.51757
-5.59914
-5.56908
-5.63024
-5.58826
-5.63759
-5.63186
-5.52096
-5.61359
-5.55488
-5.5367
-5.50553
-5.49423
-5.45201
-5.49271
-5.57777
-5.51485
-5.49693
-5.47623
-5.48438
-5.44133
-5.42813
-5.42123
-5.4648
-5.54276
-5.47948
-5.50132
-5.63297
-5.55344
-5.62789
-5.64051
-5.62963
-5.64132
-5.63683
-5.56668
-5.6147
-5.52312
-5.5135
-5.52696
-5.62738
-5.48801
-5.52776
-5.48254
-5.56113
-5.54681
-5.46738
-5.49828
-5.57459
-5.46629
-5.47347
-5.49475
-5.45202
-5.54009
-5.4676
-5.42646
-5.37851
-5.5184
-5.48119
-5.38019
-5.46136
-5.58897
-5.62898
-5.63178
-5.71724
-5.79242
-5.71575
-5.72905
-5.72719
-5.69245
-5.67418
-5.69346
-5.57721
-5.51535
-5.62695
-5.60994
-5.59398
-5.73235
-5.68664
-5.61017
-5.63086
-5.51554
-5.64269
-5.58876
-5.61121
-5.64178
-5.64299
-5.6658
-5.54552
-5.53853
-5.4621
-5.38775
-5.25944
-5.41306
-5.50548
-5.54739
-5.52789
-5.50344
-5.51408
-5.61517
-5.67575
-5.60313
-5.56034
-5.59567
-5.61246
-5.65718
-5.58099
-5.59005
-5.56946
-5.55621
-5.60068
-5.479
-5.47374
-5.45296
-5.53072
-5.55753
-5.46507
-5.59041
-5.54139
-5.5099
-5.52923
-5.5708
-5.55043
-5.54177
-5.47413
-5.44559
-5.51705
-5.46082
-5.46809
-5.47505
-5.47497
-5.47908
-5.42796
-5.48152
-5.37534
-5.43059
-5.29656
-5.34907
-5.4292
-5.45801
-5.42946
-5.49672
-5.46023
-5.42696
-5.37209
-5.41063
-5.4117
-5.45169
-5.4234
-5.50248
-5.50023
-5.63301
-5.64254
-5.56852
-5.48133
-5.50161
-5.49714
-5.4215
-5.45246
-5.56373
-5.57303
-5.59985
-5.58191
-5.60136
-5.56244
-5.46762
-5.51399
-5.58522
-5.55078
-5.57681
-5.49438
-5.54792
-5.49982
-5.45239
-5.43732
-5.48286
-5.49373
-5.49277
-5.53112
-5.43163
-5.53582
-5.53687
-5.54162
-5.48639
-5.40299
-5.46862
-5.46732
-5.49546
-5.53427
-5.46768
-5.39681
-5.44494
-5.50924
-5.47673
-5.48637
-5.51823
-5.53189
-5.49129
-5.59447
-5.59807
-5.65866
-5.67556
-5.57495
-5.53068
-5.54305
-5.51524
-5.49412
-5.48619
-5.43948
-5.50393
-5.54791
-5.49257
-5.5149
-5.52982
-5.52511
-5.56168
-5.46877
-5.53702
-5.59706
-5.49936
-5.49047
-5.5043
-5.52233
-5.59559
-5.63974
-5.62781
-5.62742
-5.54521
-5.48632
-5.5025
-5.4478
-5.41183
-5.49198
-5.50923
-5.50883
-5.55928
-5.59933
-5.56544
-5.58057
-5.60357
-5.58521
-5.59422
-5.46863
-5.50688
-5.48369
-5.47065
-5.50592
-5.52964
-5.51693
-5.46191
-5.44598
-5.45104
-5.50326
-5.47902
-5.44364
-5.49756
-5.54299
-5.41915
-5.40433
-5.45212
-5.47535
-5.50457
-5.50132
-5.52141
-5.55565
-5.55911
-5.55018
-5.41623
-5.39336
-5.4937
-5.54384
-5.5768
-5.58314
-5.63667
-5.63325
-5.61645
-5.60901
-5.59875
-5.49755
-5.50494
-5.5187
-5.53649
-5.52639
-5.57368
-5.59027
-5.58459
-5.62438
-5.52517
-5.5364
-5.49388
-5.38214
-5.39779
-5.48794
-5.53839
-5.51345
-5.54672
-5.47663
-5.48411
-5.54373
-5.51884
-5.56669
-5.4897
-5.47336
-5.54265
-5.63824
-5.68234
-5.6545
-5.6115
-5.57939
-5.59214
-5.59308
-5.66724
-5.57846
-5.66422
-5.62195
-5.50115
-5.5078
-5.47455
-5.48577
-5.5433
-5.47064
-5.50794
-5.50847
-5.52507
-5.58371
-5.67301
-5.71237
-5.68167
-5.69278
-5.60809
-5.69877
-5.65395
-5.67801
-5.74522
-5.66043
-5.67054
-5.63541
-5.64208
-5.58898
-5.63839
-5.69467
-5.65653
-5.56526
-5.44514
-5.44833
-5.61653
-5.52735
-5.47592
-5.46277
-5.46566
-5.55448
-5.51164
-5.6024
-5.63447
-5.5746
-5.49808
-5.44843
-5.40846
-5.49252
-5.50447
-5.50271
-5.45739
-5.46263
-5.47425
-5.51772
-5.42089
-5.39855
-5.43972
-5.53012
-5.54581
-5.53324
-5.56228
-5.56314
-5.61911
-5.66669
-5.59177
-5.52138
-5.52684
-5.48374
-5.53193
-5.55604
-5.53187
-5.51072
-5.39946
-5.3905
-5.43464
-5.47868
-5.45178
-5.44886
-5.48641
-5.43422
-5.4602
-5.46133
-5.60833
-5.51065
-5.5264
-5.61622
-5.53054
-5.47721
-5.42027
-5.49332
-5.58699
-5.49564
-5.46078
-5.42132
-5.42651
-5.41832
-5.45711
-5.58628
-5.51339
-5.57173
-5.6097
-5.51778
-5.56368
-5.5288
-5.46851
-5.46674
-5.42501
-5.46912
-5.542
-5.48473
-5.41684
-5.52384
-5.47377
-5.46719
-5.53653
-5.52816
-5.64711
-5.56215
-5.50578
-5.41303
-5.43507
-5.43963
-5.59528
-5.51045
-5.46762
-5.44897
-5.35247
-5.44239
-5.47388
-5.45581
-5.41947
-5.41084
-5.43524
-5.46827
-5.44602
-5.37082
-5.42029
-5.34183
-5.26325
-5.26769
-5.25866
-5.24758
-5.34826
-5.40988
-5.39512
-5.25785
-5.27831
-5.29417
-5.32328
-5.48797
-5.38944
-5.31408
-5.42051
-5.39842
-5.41652
-5.49005
-5.47594
-5.45719
-5.50818
-5.52177
-5.50986
-5.52196
-5.53238
-5.41327
-5.43279
-5.46217
-5.41682
-5.36317
-5.41068
-5.45647
-5.48236
-5.48986
-5.42767
-5.45628
-5.44304
-5.37495
-5.41561
-5.37034
-5.50545
-5.41686
-5.38923
-5.32249
-5.34629
-5.43282
-5.35467
-5.37022
-5.31528
-5.23446
-5.31179
-5.30507
-5.32595
-5.3453
-5.39264
-5.34988
-5.2647
-5.30471
-5.43106
-5.48523
-5.42176
-5.46164
-5.53318
-5.49556
-5.53708
-5.51354
-5.47261
-5.4299
-5.42584
-5.45269
-5.41584
-5.38136
-5.23241
-5.28822
-5.29601
-5.23281
-5.32313
-5.19113
-5.35595
-5.29397
-5.3195
-5.31051
-5.40394
-5.40734
-5.46726
-5.46252
-5.45714
-5.50108
-5.53825
-5.58535
-5.53942
-5.53385
-5.53096
-5.48103
-5.50732
-5.60609
-5.5473
-5.49762
-5.53918
-5.57901
-5.6106
-5.68664
-5.4833
-5.49525
-5.45004
-5.57893
-5.62942
-5.62386
-5.57593
-5.57396
-5.49841
-5.46025
-5.46815
-5.29459
-5.3621
-5.34986
-5.1863
-5.24685
-5.3452
-5.36502
-5.3304
-5.26582
-5.36037
-5.44706
-5.47523
-5.61748
-5.57664
-5.5344
-5.51205
-5.40507
-5.4715
-5.53794
-5.34979
-5.45214
-5.44759
-5.43258
-5.47346
-5.60159
-5.50234
-5.48998
-5.50482
-5.55544
-5.38066
-5.37379
-5.25557
-5.33172
-5.37711
-5.32337
-5.45815
-5.50667
-5.50253
-5.56933
-5.60946
-5.5909
-5.51418
-5.49858
-5.50621
-5.53288
-5.52614
-5.44918
-5.40104
-5.42914
-5.37426
-5.41184
-5.39558
-5.43115
-5.43189
-5.25811
-5.31904
-5.27669
-5.2253
-5.31397
-5.3558
-5.29845
-5.19593
-5.14556
-5.22066
-5.39505
-5.33123
-5.28186
-5.34704
-5.35113
-5.3711
-5.38169
-5.47712
-5.49383
-5.29158
-5.33145
-5.3331
-5.28566
-5.40987
-5.38647
-5.40035
-5.40003
-5.36231
-5.30742
-5.36412
-5.31495
-5.37765
-5.38339
-5.38142
-5.41606
-5.47358
-5.44762
-5.41375
-5.53829
-5.53962
-5.55149
-5.63842
-5.63528
-5.57679
-5.63112
-5.65917
-5.62431
-5.55753
-5.60008
-5.62577
-5.69947
-5.67381
-5.5005
-5.42888
-5.39601
-5.51733
-5.47501
-5.45178
-5.48391
-5.56341
-5.59924
-5.5931
-5.6725
-5.57394
-5.55388
-5.56706
-5.56308
-5.58107
-5.534
-5.60762
-5.49916
-5.5347
-5.49994
-5.52966
-5.56085
-5.57792
-5.58797
-5.53691
-5.58334
-5.56697
-5.50165
-5.42416
-5.44047
-5.49314
-5.54309
-5.55938
-5.56072
-5.50443
-5.55138
-5.51042
-5.43842
-5.58375
-5.58176
-5.5766
-5.49223
-5.44283
-5.36738
-5.42548
-5.45453
-5.50496
-5.42347
-5.50422
-5.43692
-5.51977
-5.47169
-5.45709
-5.44822
-5.49592
-5.53264
-5.45076
-5.42824
-5.4561
-5.58122
-5.62174
-5.57177
-5.54142
-5.59093
-5.66312
-5.56169
-5.54252
-5.43894
-5.5121
-5.4709
-5.42005
-5.43733
-5.50057
-5.50276
-5.49427
-5.49894
-5.43693
-5.46183
-5.54497
-5.5182
-5.43051
-5.41551
-5.4784
-5.55762
-5.57812
-5.49609
-5.47993
-5.55536
-5.65643
-5.56664
-5.58834
-5.55223
-5.54714
-5.38139
-5.44057
-5.4685
-5.45507
-5.35875
-5.3866
-5.40773
-5.48827
-5.40848
-5.43415
-5.39708
-5.3926
-5.34613
-5.32126
-5.31776
-5.25918
-5.32084
-5.36572
-5.40845
-5.40107
-5.44756
-5.46704
-5.55623
-5.5727
-5.54761
-5.55411
-5.5615
-5.52605
-5.45281
-5.54014
-5.60173
-5.54612
-5.55029
-5.50439
-5.44606
-5.4669
-5.46133
-5.53067
-5.56225
-5.51188
-5.51295
-5.62102
-5.63337
-5.69515
-5.65876
-5.63054
-5.62534
-5.58283
-5.48519
-5.46653
-5.48843
-5.47101
-5.37722
-5.46038
-5.48713
-5.40179
-5.41369
-5.48384
-5.49095
-5.49364
-5.47614
-5.50358
-5.51385
-5.56215
-5.59805
-5.52032
-5.44779
-5.41537
-5.37816
-5.41102
-5.47584
-5.44965
-5.44198
-5.31803
-5.35276
-5.4697
-5.43822
-5.44689
-5.4923
-5.48667
-5.49817
-5.64371
-5.65385
-5.67623
-5.5848
-5.59581
-5.53918
-5.44937
-5.45484
-5.47098
-5.44036
-5.43163
-5.46282
-5.46984
-5.53772
-5.49653
-5.52031
-5.51692
-5.52078
-5.61749
-5.62989
-5.64807
-5.52783
-5.61756
-5.56663
-5.64437
-5.67298
-5.66553
-5.66578
-5.61965
-5.69446
-5.59945
-5.59473
-5.57608
-5.63861
-5.63412
-5.67271
-5.6894
-5.46811
-5.50544
-5.53057
-5.58985
-5.47673
-5.55239
-5.64936
-5.58036
-5.50974
-5.41894
-5.42802
-5.48758
-5.47067
-5.3722
-5.4177
-5.44645
-5.46657
-5.39
-5.35851
-5.32744
-5.25207
-5.31592
-5.31228
-5.35079
-5.38789
-5.47069
-5.51026
-5.51911
-5.47032
-5.47867
-5.4748
-5.42692
-5.39946
-5.48559
-5.42156
-5.35864
-5.44906
-5.53299
-5.45909
-5.57958
-5.55136
-5.55763
-5.53915
-5.47893
-5.49083
-5.44333
-5.46437
-5.49125
-5.56163
-5.54146
-5.6572
-5.5358
-5.48871
-5.40144
-5.40877
-5.37448
-5.41408
-5.43803
-5.40836
-5.43324
-5.42221
-5.37258
-5.34561
-5.28552
-5.33031
-5.4406
-5.46651
-5.44148
-5.52249
-5.58848
-5.45281
-5.31685
-5.28594
-5.33085
-5.43398
-5.43601
-5.46503
-5.52663
-5.41678
-5.44726
-5.41084
-5.49418
-5.67581
-5.62216
-5.5594
-5.47901
-5.46795
-5.48612
-5.51309
-5.53115
-5.5539
-5.58608
-5.47028
-5.35211
-5.32499
-5.38072
-5.44856
-5.39452
-5.4255
-5.40905
-5.46317
-5.53663
-5.58879
-5.51015
-5.44799
-5.41545
-5.40351
-5.44888
-5.43326
-5.41517
-5.47605
-5.48484
-5.42122
-5.46275
-5.50978
-5.49005
-5.61091
-5.60877
-5.55689
-5.53518
-5.54671
-5.58639
-5.54133
-5.55311
-5.44207
-5.41867
-5.41039
-5.43103
-5.5156
-5.43838
-5.49065
-5.45929
-5.49248
-5.48094
-5.37755
-5.36911
-5.4537
-5.51486
-5.40461
-5.36324
-5.38543
-5.42782
-5.54239
-5.55477
-5.54011
-5.47213
-5.42245
-5.44642
-5.50448
-5.45129
-5.41377
-5.50797
-5.49441
-5.50319
-5.59149
-5.58524
-5.64802
-5.63621
-5.60513
-5.52229
-5.57416
-5.70004
-5.61567
-5.6105
-5.72476
-5.70633
-5.52382
-5.54409
-5.54708
-5.6702
-5.67314
-5.70203
-5.73028
-5.69737
-5.8213
-5.81206
-5.72685
-5.71514
-5.71712
-5.71606
-5.72789
-5.71672
-5.67114
-5.59613
-5.52674
-5.57656
-5.53346
-5.54377
-5.58416
-5.51539
-5.48328
-5.5078
-5.54176
-5.48036
-5.54734
-5.5558
-5.60565
-5.60745
-5.52105
-5.51788
-5.51234
-5.546
-5.45294
-5.57552
-5.53852
-5.56307
-5.56512
-5.57358
-5.65154
-5.68072
-5.57352
-5.56655
-5.60329
-5.68155
-5.59189
-5.5658
-5.5128
-5.45306
-5.53118
-5.5992
-5.60014
-5.56243
-5.43347
-5.45468
-5.4372
-5.37884
-5.32299
-5.36654
-5.44138
-5.47554
-5.47466
-5.49013
-5.50896
-5.4503
-5.4717
-5.3838
-5.34884
-5.42028
-5.37945
-5.34093
-5.39343
-5.41419
-5.457
-5.53585
-5.49683
-5.48416
-5.46913
-5.45825
-5.43051
-5.45487
-5.46807
-5.53238
-5.49847
-5.50699
-5.4461
-5.43738
-5.4602
-5.45157
-5.46053
-5.48213
-5.46852
-5.49677
-5.46972
-5.50077
-5.50336
-5.51627
-5.48068
-5.48924
-5.43439
-5.38972
-5.46199
-5.37234
-5.35476
-5.3344
-5.32985
-5.44807
-5.40962
-5.42567
-5.48641
-5.49985
-5.5058
-5.50744
-5.62151
-5.60886
-5.51021
-5.52896
-5.49118
-5.51725
-5.49609
-5.43526
-5.45633
-5.46747
-5.56706
-5.53756
-5.46758
-5.47071
-5.48813
-5.47905
-5.59858
-5.55498
-5.37988
-5.52639
-5.55245
-5.43648
-5.44361
-5.36312
-5.40593
-5.45504
-5.46497
-5.4104
-5.42531
-5.43947
-5.39704
-5.2748
-5.35088
-5.38859
-5.4066
-5.39251
-5.26423
-5.28799
-5.41326
-5.38384
-5.35977
-5.40142
-5.39084
-5.37461
-5.33669
-5.34478
-5.29966
-5.30443
-5.39576
-5.36284
-5.44884
-5.44882
-5.44653
-5.46276
-5.53956
-5.50668
-5.47912
-5.4985
-5.5332
-5.58369
-5.54503
-5.27368
-5.25161
-5.31164
-5.31405
-5.28717
-5.23761
-5.10642
-5.23408
-5.21485
-5.156
-5.23699
-5.33343
-5.31941
-5.34071
-5.34292
-5.31484
-5.30901
-5.28917
-5.27834
-5.24909
-5.24724
-5.32084
-5.31544
-5.36219
-5.26568
-5.31247
-5.38901
-5.36862
-5.38253
-5.39073
-5.4043
-5.48286
-5.49474
-5.52609
-5.58551
-5.65235
-5.52019
-5.45729
-5.4909
-5.49602
-5.41951
-5.39823
-5.4524
-5.50744
-5.48717
-5.51936
-5.41601
-5.39771
-5.37796
-5.34454
-5.3269
-5.38733
-5.38256
-5.24106
-5.23359
-5.29036
-5.35116
-5.36659
-5.48169
-5.50399
-5.55898
-5.57269
-5.47563
-5.52362
-5.49103
-5.582
-5.44212
-5.44665
-5.51981
-5.51415
-5.47379
-5.55304
-5.55452
-5.54921
-5.63717
-5.62491
-5.6175
-5.52466
-5.43512
-5.47363
-5.50243
-5.47512
-5.50392
-5.36373
-5.44785
-5.49215
-5.47567
-5.43604
-5.43394
-5.47921
-5.46203
-5.41426
-5.4475
-5.44086
-5.42011
-5.54874
-5.4419
-5.5216
-5.48046
-5.4399
-5.48383
-5.50237
-5.52793
-5.60698
-5.48502
-5.44779
-5.54942
-5.58312
-5.54681
-5.68857
-5.5614
-5.53552
-5.52824
-5.60062
-5.70734
-5.72281
-5.6659
-5.76533
-5.66648
-5.63998
-5.62379
-5.57402
-5.51161
-5.51695
-5.51285
-5.43778
-5.42122
-5.51119
-5.53024
-5.52532
-5.55112
-5.55645
-5.44947
-5.55468
-5.53285
-5.54771
-5.50728
-5.52227
-5.55539
-5.57193
-5.53293
-5.4812
-5.5227
-5.60723
-5.4985
-5.51594
-5.55761
-5.49466
-5.50363
-5.45634
-5.40001
-5.59333
-5.55386
-5.58371
-5.54005
-5.58403
-5.49817
-5.55964
-5.4919
-5.58207
-5.46264
-5.554
-5.49718
-5.39017
-5.43904
-5.5039
-5.4739
-5.4214
-5.48264
-5.45882
-5.40747
-5.48561
-5.4286
-5.45015
-5.45968
-5.44475
-5.36172
-5.43307
-5.42393
-5.38694
-5.36611
-5.49881
-5.50411
-5.55277
-5.57529
-5.56907
-5.49979
-5.53395
-5.52803
-5.56616
-5.52739
-5.52135
-5.48945
-5.42329
-5.35826
-5.31881
-5.35688
-5.40341
-5.24389
-5.32685
-5.43059
-5.39871
-5.46267
-5.5071
-5.5072
-5.50155
-5.42826
-5.51028
-5.50294
-5.51583
-5.50958
-5.4366
-5.41628
-5.49865
-5.38848
-5.39519
-5.39307
-5.42449
-5.39511
-5.49601
-5.50398
-5.47716
-5.46163
-5.52515
-5.50517
-5.51238
-5.52173
-5.5942
-5.49953
-5.35138
-5.43499
-5.41448
-5.45382
-5.36945
-5.39396
-5.47193
-5.50966
-5.52121
-5.47023
-5.40957
-5.43273
-5.44005
-5.40038
-5.31502
-5.31723
-5.41773
-5.49408
-5.50749
-5.46131
-5.51648
-5.53812
-5.58176
-5.52149
-5.57871
-5.51975
-5.44793
-5.48566
-5.45282
-5.44636
-5.46841
-5.47824
-5.37505
-5.41121
-5.38489
-5.45112
-5.51826
-5.47741
-5.48335
-5.46598
-5.35988
-5.38405
-5.41591
-5.47043
-5.47615
-5.53689
-5.50813
-5.56681
-5.53172
-5.54179
-5.54491
-5.60758
-5.63483
-5.58969
-5.61464
-5.60929
-5.45472
-5.44116
-5.43713
-5.45928
-5.51108
-5.54933
-5.46714
-5.58032
-5.59973
-5.41457
-5.50334
-5.51422
-5.39135
-5.41668
-5.52095
-5.53574
-5.49452
-5.50053
-5.55883
-5.50541
-5.44549
-5.47566
-5.36519
-5.42867
-5.35726
-5.366
-5.38155
-5.31439
-5.33429
-5.37239
-5.37095
-5.35988
-5.43391
-5.38092
-5.25826
-5.307
-5.25548
-5.24272
-5.38677
-5.45453
-5.3865
-5.36992
-5.432
-5.39118
-5.38997
-5.36294
-5.48504
-5.48383
-5.53057
-5.56454
-5.49722
-5.55204
-5.57805
-5.55571
-5.58561
-5.51752
-5.45472
-5.53606
-5.48965
-5.57884
-5.6425
-5.7107
-5.63612
-5.58527
-5.55749
-5.50439
-5.62644
-5.6509
-5.53312
-5.55246
-5.59127
-5.54208
-5.56477
-5.50788
-5.53461
-5.5609
-5.50906
-5.46052
-5.41981
-5.47399
-5.47146
-5.4895
-5.52122
-5.53066
-5.55138
-5.54003
-5.4706
-5.52125
-5.48648
-5.49129
-5.50342
-5.41504
-5.49721
-5.53692
-5.51778
-5.5265
-5.61691
-5.58813
-5.57033
-5.48453
-5.52461
-5.42685
-5.49919
-5.53571
-5.52621
-5.53852
-5.50966
-5.4893
-5.45447
-5.45944
-5.57498
-5.56995
-5.54294
-5.54265
-5.63812
-5.69011
-5.60685
-5.56842
-5.5902
-5.63064
-5.58781
-5.67324
-5.61241
-5.65647
-5.53114
-5.57029
-5.57682
-5.52519
-5.57526
-5.48778
-5.53718
-5.47697
-5.49557
-5.53755
-5.54131
-5.47042
-5.47858
-5.55079
-5.65953
-5.6194
-5.59395
-5.67561
-5.64357
-5.62981
-5.57524
-5.50894
-5.50682
-5.48846
-5.41782
-5.49926
-5.47536
-5.4868
-5.45524
-5.51883
-5.56106
-5.558
-5.48936
-5.39006
-5.41256
-5.50201
-5.47226
-5.43695
-5.39429
-5.34247
-5.33229
-5.34705
-5.41064
-5.32872
-5.45496
-5.48094
-5.39136
-5.46636
-5.52774
-5.59258
-5.49534
-5.42245
-5.41792
-5.49087
-5.49474
-5.40692
-5.36927
-5.42776
-5.48712
-5.45452
-5.48214
-5.46759
-5.44243
-5.4092
-5.35025
-5.41952
-5.35908
-5.33908
-5.31865
-5.2827
-5.16154
-5.29457
-5.42552
-5.44345
-5.48293
-5.44327
-5.46733
-5.49438
-5.55341
-5.51733
-5.63568
-5.53363
-5.45333
-5.39641
-5.3565
-5.36843
-5.39029
-5.42582
-5.50645
-5.49047
-5.51691
-5.47946
-5.37193
-5.34591
-5.32513
-5.28682
-5.38437
-5.27626
-5.30043
-5.34925
-5.4206
-5.49596
-5.47757
-5.45824
-5.46844
-5.45445
-5.46457
-5.51711
-5.50983
-5.57013
-5.62953
-5.62343
-5.62909
-5.63654
-5.59286
-5.52431
-5.64686
-5.60509
-5.56279
-5.63173
-5.62707
-5.5113
-5.53253
-5.53705
-5.5842
-5.4735
-5.45537
-5.38665
-5.36781
-5.31177
-5.36163
-5.45435
-5.4736
-5.47748
-5.54256
-5.52873
-5.55838
-5.63504
-5.61606
-5.63145
-5.59574
-5.54978
-5.59631
-5.61163
-5.60879
-5.51431
-5.54849
-5.61387
-5.61042
-5.62097
-5.60081
-5.58754
-5.61651
-5.51316
-5.59576
-5.57715
-5.69896
-5.70625
-5.67749
-5.58253
-5.53842
-5.53723
-5.5063
-5.51568
-5.51465
-5.5288
-5.47912
-5.47956
-5.53105
-5.52657
-5.59137
-5.58488
-5.60862
-5.47429
-5.50852
-5.54568
-5.48174
-5.4761
-5.50214
-5.43821
-5.48022
-5.57146
-5.54114
-5.56987
-5.38613
-5.46675
-5.49478
-5.46206
-5.50333
-5.52914
-5.52618
-5.46099
-5.42705
-5.51714
-5.48153
-5.5136
-5.42788
-5.42947
-5.5563
-5.47944
-5.55269
-5.61989
-5.61595
-5.56967
-5.49701
-5.49104
-5.52514
-5.54887
-5.5224
-5.5978
-5.50165
-5.52373
-5.47314
-5.50359
-5.42283
-5.37833
-5.35937
-5.3201
-5.34588
-5.35551
-5.32302
-5.285
-5.2907
-5.21593
-5.20538
-5.23698
-5.37083
-5.38278
-5.39703
-5.34578
-5.42032
-5.37776
-5.4247
-5.42114
-5.39429
-5.5214
-5.57426
-5.65241
-5.62851
-5.65795
-5.64741
-5.51969
-5.55871
-5.53762
-5.45787
-5.49813
-5.52318
-5.52791
-5.53962
-5.47503
-5.47129
-5.41999
-5.53168
-5.54133
-5.48707
-5.54287
-5.54636
-5.53785
-5.51632
-5.43297
-5.48466
-5.56189
-5.48833
-5.57657
-5.55145
-5.48786
-5.51257
-5.48907
-5.47661
-5.58571
-5.57639
-5.52424
-5.52841
-5.53526
-5.53371
-5.40544
-5.48379
-5.47521
-5.42649
-5.38953
-5.32105
-5.30277
-5.49389
-5.38212
-5.33333
-5.26813
-5.35983
-5.43791
-5.48291
-5.47136
-5.43827
-5.44856
-5.42507
-5.44935
-5.46469
-5.46402
-5.50557
-5.4464
-5.30917
-5.42033
-5.39975
-5.4958
-5.48514
-5.57347
-5.5113
-5.40625
-5.4202
-5.39319
-5.45763
-5.42174
-5.44927
-5.4013
-5.41076
-5.3363
-5.24863
-5.42335
-5.44257
-5.50088
-5.46032
-5.38438
-5.39443
-5.44641
-5.48388
-5.48648
-5.50193
-5.43993
-5.47461
-5.61049
-5.53989
-5.47167
-5.39818
-5.43767
-5.47194
-5.42394
-5.41685
-5.35329
-5.28327
-5.32304
-5.31118
-5.42655
-5.41611
-5.48591
-5.58399
-5.47747
-5.49037
-5.51204
-5.59883
-5.46947
-5.39133
-5.40551
-5.32225
-5.43132
-5.42522
-5.47747
-5.50389
-5.43749
-5.44991
-5.43879
-5.53714
-5.49734
-5.56729
-5.4655
-5.45659
-5.38446
-5.54171
-5.46924
-5.51901
-5.4892
-5.46555
-5.37054
-5.41917
-5.42347
-5.56693
-5.61137
-5.50328
-5.44714
-5.40219
-5.36134
-5.37285
-5.49118
-5.43047
-5.49353
-5.53167
-5.52529
-5.45481
-5.47985
-5.42129
-5.4496
-5.43357
-5.31896
-5.32007
-5.4214
-5.4732
-5.38685
-5.43492
-5.40926
-5.49242
-5.49308
-5.51439
-5.62166
-5.51521
-5.45127
-5.51566
-5.4425
-5.37938
-5.38128
-5.26602
-5.29384
-5.25484
-5.33098
-5.36215
-5.33138
-5.33747
-5.33244
-5.27557
-5.31547
-5.3553
-5.38791
-5.28181
-5.42716
-5.40534
-5.34455
-5.41405
-5.50931
-5.50371
-5.40685
-5.3869
-5.36686
-5.33209
-5.4122
-5.41403
-5.34819
-5.37538
-5.27962
-5.41328
-5.49078
-5.44061
-5.39223
-5.31885
-5.39885
-5.25957
-5.38969
-5.45197
-5.36125
-5.32108
-5.30639
-5.37208
-5.3138
-5.35262
-5.35998
-5.4243
-5.38116
-5.40543
-5.34091
-5.38146
-5.44859
-5.35804
-5.42075
-5.38805
-5.47831
-5.43375
-5.54356
-5.46765
-5.45717
-5.44226
-5.42987
-5.39216
-5.40195
-5.48842
-5.5726
-5.47337
-5.35232
-5.3334
-5.47175
-5.51107
-5.57536
-5.44776
-5.35129
-5.42967
-5.43533
-5.43144
-5.40587
-5.40027
-5.4332
-5.44415
-5.4032
-5.37267
-5.31927
-5.37045
-5.4475
-5.39313
-5.4011
-5.4145
-5.40651
-5.38542
-5.35923
-5.45737
-5.42964
-5.45709
-5.39556
-5.53286
-5.4629
-5.4064
-5.40435
-5.35421
-5.40111
-5.41373
-5.32174
-5.33819
-5.40013
-5.5141
-5.48928
-5.54862
-5.58168
-5.48984
-5.50307
-5.51051
-5.47998
-5.41209
-5.46201
-5.46613
-5.47612
-5.42501
-5.49375
-5.51028
-5.43356
-5.46825
-5.45448
-5.51855
-5.43237
-5.51805
-5.56301
-5.65107
-5.55663
-5.5769
-5.57999
-5.55927
-5.53082
-5.62055
-5.61288
-5.54092
-5.44491
-5.42129
-5.51682
-5.59091
-5.43863
-5.44576
-5.47949
-5.6049
-5.61179
-5.54
-5.57388
-5.6197
-5.55586
-5.515
-5.44245
-5.47854
-5.48172
-5.52419
-5.57647
-5.51173
-5.45857
-5.45574
-5.52972
-5.50362
-5.51399
-5.34044
-5.35557
-5.39994
-5.50763
-5.53403
-5.59916
-5.68712
-5.63935
-5.5729
-5.49694
-5.35281
-5.39592
-5.4266
-5.38241
-5.44738
-5.3962
-5.42576
-5.46328
-5.52351
-5.45964
-5.5334
-5.51444
-5.51544
-5.58009
-5.53543
-5.51745
-5.41724
-5.41665
-5.44576
-5.45259
-5.52837
-5.5832
-5.64528
-5.68776
-5.63809
-5.64615
-5.69938
-5.60657
-5.42845
-5.3984
-5.51213
-5.52252
-5.48398
-5.45792
-5.53156
-5.52686
-5.50452
-5.5365
-5.46184
-5.39024
-5.42742
-5.45822
-5.54189
-5.50958
-5.54239
-5.48166
-5.39668
-5.43923
-5.45701
-5.44656
-5.41663
-5.43017
-5.36741
-5.37627
-5.45843
-5.42313
-5.51981
-5.5709
-5.52685
-5.44176
-5.47164
-5.36374
-5.4006
-5.44393
-5.43268
-5.54631
-5.55256
-5.67612
-5.64662
-5.62974
-5.58823
-5.46492
-5.4918
-5.43057
-5.44741
-5.48894
-5.5282
-5.56984
-5.57152
-5.5633
-5.64752
-5.52964
-5.57968
-5.55323
-5.59077
-5.58384
-5.55266
-5.46361
-5.4285
-5.54661
-5.44045
-5.46682
-5.47431
-5.53998
-5.54643
-5.59052
-5.53576
-5.5135
-5.52861
-5.4802
-5.52572
-5.45266
-5.34158
-5.40103
-5.50057
-5.50144
-5.43864
-5.43845
-5.4137
-5.44363
-5.37375
-5.40193
-5.41235
-5.46698
-5.42064
-5.39135
-5.40687
-5.40719
-5.44897
-5.43852
-5.49027
-5.52499
-5.51293
-5.54934
-5.53537
-5.45161
-5.47035
-5.32906
-5.34631
-5.34621
-5.32306
-5.29673
-5.39566
-5.44707
-5.48187
-5.39806
-5.36138
-5.46728
-5.37795
-5.36419
-5.36375
-5.36394
-5.46592
-5.40758
-5.41006
-5.57244
-5.4942
-5.42644
-5.38365
-5.4624
-5.42662
-5.42086
-5.51972
-5.501
-5.50685
-5.44581
-5.37188
-5.45403
-5.42208
-5.34256
-5.15563
-5.2311
-5.34154
-5.35163
-5.46554
-5.46977
-5.46112
-5.44511
-5.47198
-5.41197
-5.4329
-5.44582
-5.46808
-5.53915
-5.53309
-5.50602
-5.5512
-5.44156
-5.50403
-5.49458
-5.59886
-5.5723
-5.57326
-5.54124
-5.54205
-5.56309
-5.49294
-5.46067
-5.45394
-5.39078
-5.36595
-5.39939
-5.44337
-5.39706
-5.29135
-5.40566
-5.35484
-5.40557
-5.27413
-5.37436
-5.36589
-5.31501
-5.32347
-5.48237
-5.44419
-5.43187
-5.36318
-5.39351
-5.41239
-5.44315
-5.52579
-5.51282
-5.53181
-5.46652
-5.45121
-5.48418
-5.4625
-5.41901
-5.47618
-5.5256
-5.52978
-5.55446
-5.4936
-5.58848
-5.5203
-5.48705
-5.43318
-5.3962
-5.47394
-5.41337
-5.48736
-5.43755
-5.44097
-5.38034
-5.42018
-5.29882
-5.40553
-5.41977
-5.35069
-5.39477
-5.42938
-5.43596
-5.45481
-5.42185
-5.45616
-5.47198
-5.51744
-5.43312
-5.32723
-5.33927
-5.3872
-5.41343
-5.41093
-5.4249
-5.50304
-5.49726
-5.4987
-5.55123
-5.43624
-5.45948
-5.46927
-5.47861
-5.52042
-5.37659
-5.39952
-5.47614
-5.54815
-5.50818
-5.51458
-5.41587
-5.4023
-5.33642
-5.37076
-5.33929
-5.35802
-5.34056
-5.33689
-5.3255
-5.38399
-5.40111
-5.33256
-5.2342
-5.33864
-5.28138
-5.27446
-5.47755
-5.36342
-5.37853
-5.46253
-5.47358
-5.40266
-5.42174
-5.38891
-5.56213
-5.45123
-5.47088
-5.39471
-5.42654
-5.47472
-5.4703
-5.44617
-5.30052
-5.35546
-5.38418
-5.46408
-5.49086
-5.42145
-5.41821
-5.3529
-5.34423
-5.29712
-5.29423
-5.27179
-5.33216
-5.33939
-5.31835
-5.28468
-5.3374
-5.34179
-5.32257
-5.33213
-5.38497
-5.31491
-5.30352
-5.26644
-5.40733
-5.43542
-5.46081
-5.30364
-5.26613
-5.35858
-5.41398
-5.42274
-5.36813
-5.34046
-5.35998
-5.40491
-5.36529
-5.28458
-5.41876
-5.49483
-5.38538
-5.46269
-5.46899
-5.52718
-5.50176
-5.46936
-5.48227
-5.41575
-5.46821
-5.45428
-5.3844
-5.49162
-5.5375
-5.5666
-5.61132
-5.61504
-5.64043
-5.63085
-5.53893
-5.56069
-5.46735
-5.42609
-5.34252
-5.4673
-5.42966
-5.46501
-5.46484
-5.39183
-5.36164
-5.34425
-5.41465
-5.50586
-5.59726
-5.52047
-5.45105
-5.44006
-5.53952
-5.38582
-5.45451
-5.45521
-5.42344
-5.48548
-5.61304
-5.62015
-5.59576
-5.6412
-5.49751
-5.44255
-5.456
-5.47788
-5.48397
-5.57084
-5.49432
-5.4587
-5.41269
-5.4346
-5.52806
-5.48733
-5.45568
-5.41183
-5.39087
-5.31255
-5.44812
-5.4119
-5.42259
-5.53686
-5.41957
-5.42546
-5.51055
-5.36232
-5.41699
-5.35823
-5.39749
-5.43447
-5.43004
-5.48918
-5.50637
-5.51483
-5.61649
-5.54452
-5.63784
-5.64015
-5.56695
-5.61677
-5.60119
-5.58515
-5.58065
-5.49531
-5.50172
-5.48774
-5.43816
-5.58548
-5.55038
-5.54931
-5.54471
-5.51472
-5.53897
-5.4999
-5.57709
-5.60563
-5.5814
-5.56617
-5.52598
-5.46588
-5.47184
-5.48958
-5.49183
-5.54762
-5.50702
-5.60424
-5.52607
-5.55954
-5.54798
-5.60007
-5.63334
-5.58558
-5.56636
-5.46766
-5.45121
-5.41741
-5.45703
-5.4134
-5.46322
-5.44312
-5.49362
-5.5045
-5.55978
-5.52419
-5.44649
-5.43396
-5.52194
-5.4252
-5.3256
-5.33626
-5.31677
-5.33783
-5.25243
-5.31995
-5.32925
-5.33558
-5.3393
-5.27076
-5.30557
-5.33763
-5.31725
-5.3546
-5.31068
-5.43166
-5.42177
-5.31892
-5.31334
-5.41558
-5.33269
-5.36607
-5.38814
-5.4751
-5.42095
-5.41009
-5.38893
-5.31285
-5.35709
-5.46027
-5.50014
-5.4548
-5.62704
-5.57648
-5.49735
-5.51561
-5.57654
-5.51807
-5.54825
-5.54558
-5.41479
-5.39192
-5.30446
-5.30209
-5.2701
-5.28587
-5.3166
-5.34073
-5.34459
-5.25125
-5.3365
-5.35176
-5.3825
-5.34259
-5.43243
-5.45707
-5.42054
-5.34915
-5.44015
-5.49721
-5.49343
-5.39071
-5.39887
-5.34931
-5.39584
-5.28064
-5.33512
-5.35027
-5.35846
-5.35644
-5.40985
-5.49252
-5.3554
-5.31434
-5.38711
-5.43943
-5.47687
-5.45517
-5.57645
-5.50754
-5.51978
-5.42211
-5.45632
-5.49169
-5.45213
-5.45088
-5.38005
-5.34023
-5.23469
-5.35448
-5.3837
-5.39867
-5.35458
-5.35612
-5.39702
-5.35313
-5.39936
-5.40651
-5.39585
-5.41191
-5.40195
-5.41199
-5.49829
-5.39648
-5.45481
-5.41855
-5.43336
-5.35966
-5.38626
-5.41889
-5.40126
-5.44866
-5.42561
-5.57042
-5.50524
-5.48138
-5.4714
-5.54075
-5.4662
-5.37604
-5.4219
-5.40574
-5.37346
-5.41334
-5.44147
-5.47431
-5.45625
-5.44384
-5.39059
-5.41833
-5.42876
-5.46912
-5.46615
-5.44332
-5.36358
-5.38209
-5.43807
-5.50539
-5.41558
-5.33771
-5.33423
-5.32437
-5.36487
-5.37399
-5.4486
-5.38718
-5.45925
-5.45106
-5.40947
-5.38059
-5.37701
-5.44772
-5.42939
-5.40545
-5.3907
-5.42298
-5.42154
-5.2721
-5.34372
-5.32777
-5.32794
-5.28897
-5.35816
-5.37013
-5.31534
-5.35049
-5.36583
-5.38753
-5.44904
-5.42969
-5.48135
-5.41464
-5.36743
-5.38151
-5.26778
-5.25728
-5.16033
-5.22765
-5.26706
-5.19168
-5.19594
-5.18732
-5.33365
-5.30787
-5.26798
-5.29137
-5.12857
-5.29107
-5.25341
-5.40146
-5.3659
-5.34203
-5.43929
-5.40823
-5.3284
-5.40904
-5.38006
-5.36615
-5.43349
-5.39644
-5.39417
-5.47363
-5.45007
-5.38447
-5.47164
-5.50477
-5.40219
-5.45369
-5.45672
-5.44903
-5.44852
-5.41364
-5.48732
-5.48694
-5.32984
-5.31165
-5.31112
-5.26351
-5.3552
-5.20472
-5.26387
-5.34706
-5.40379
-5.50159
-5.51512
-5.49602
-5.54703
-5.57841
-5.58378
-5.51642
-5.55533
-5.5981
-5.59379
-5.47566
-5.42624
-5.51349
-5.46781
-5.45039
-5.48116
-5.52967
-5.45332
-5.52653
-5.48702
-5.48688
-5.46639
-5.41552
-5.37324
-5.37125
-5.38339
-5.37957
-5.48051
-5.53909
-5.48096
-5.54297
-5.57091
-5.53184
-5.56016
-5.53633
-5.49159
-5.4815
-5.41461
-5.44412
-5.46306
-5.45288
-5.44547
-5.50541
-5.46179
-5.53756
-5.43837
-5.42673
-5.44905
-5.36376
-5.35642
-5.40371
-5.51658
-5.53252
-5.46981
-5.40808
-5.47241
-5.43183
-5.40251
-5.34611
-5.35351
-5.49403
-5.51579
-5.49221
-5.51804
-5.44511
-5.42057
-5.34138
-5.34198
-5.38794
-5.3746
-5.33502
-5.48335
-5.43142
-5.47154
-5.45024
-5.52677
-5.57013
-5.56215
-5.50079
-5.42502
-5.36705
-5.43849
-5.4801
-5.63526
-5.59088
-5.5821
-5.58095
-5.48577
-5.54903
-5.43474
-5.48559
-5.44374
-5.51139
-5.51195
-5.41871
-5.41378
-5.45724
-5.54035
-5.59688
-5.59595
-5.56425
-5.6288
-5.6329
-5.58726
-5.68099
-5.6603
-5.64673
-5.52541
-5.57596
-5.58191
-5.68074
-5.63492
-5.63678
-5.56693
-5.48522
-5.5092
-5.53803
-5.54769
-5.5158
-5.63888
-5.55726
-5.57689
-5.56661
-5.51053
-5.6251
-5.67085
-5.69982
-5.61567
-5.54243
-5.53415
-5.63782
-5.58389
-5.54209
-5.55532
-5.49503
-5.52465
-5.52267
-5.5216
-5.52842
-5.60044
-5.61558
-5.52117
-5.55056
-5.48306
-5.54769
-5.52528
-5.47775
-5.48859
-5.44214
-5.36775
-5.28601
-5.26395
-5.2368
-5.18386
-5.22742
-5.26681
-5.26127
-5.3133
-5.36819
-5.49055
-5.4979
-5.52227
-5.46108
-5.43458
-5.4057
-5.26142
-5.28419
-5.35127
-5.36663
-5.32474
-5.38691
-5.40831
-5.48542
-5.56822
-5.52001
-5.3989
-5.30775
-5.35128
-5.48884
-5.42165
-5.4071
-5.40416
-5.45593
-5.38918
-5.4282
-5.5067
-5.5248
-5.46814
-5.43762
-5.43495
-5.50195
-5.45806
-5.46083
-5.39676
-5.33364
-5.30516
-5.30292
-5.27357
-5.34876
-5.34349
-5.3321
-5.34708
-5.39339
-5.38614
-5.4602
-5.45793
-5.55055
-5.4386
-5.41741
-5.37066
-5.38513
-5.47669
-5.49371
-5.36079
-5.47213
-5.52019
-5.56866
-5.49499
-5.62519
-5.56534
-5.52406
-5.57038
-5.70129
-5.671
-5.59422
-5.65431
-5.65997
-5.68515
-5.68602
-5.56522
-5.60749
-5.61748
-5.63639
-5.626
-5.56994
-5.63335
-5.61507
-5.54701
-5.56509
-5.58932
-5.59171
-5.52615
-5.57668
-5.51038
-5.3843
-5.38358
-5.43794
-5.55886
-5.63124
-5.6141
-5.55524
-5.50243
-5.56496
-5.57036
-5.54875
-5.60016
-5.62189
-5.64759
-5.58859
-5.57309
-5.50483
-5.47819
-5.54352
-5.43521
-5.38189
-5.37821
-5.44734
-5.52152
-5.4782
-5.31415
-5.37514
-5.36273
-5.418
-5.55468
-5.60198
-5.52872
-5.41587
-5.51195
-5.49682
-5.50889
-5.51332
-5.47956
-5.47861
-5.44769
-5.43166
-5.47297
-5.48276
-5.47321
-5.44584
-5.44353
-5.48443
-5.43092
-5.53282
-5.59358
-5.54032
-5.55295
-5.56468
-5.42574
-5.49248
-5.4947
-5.41402
-5.40656
-5.55509
-5.52185
-5.47832
-5.44221
-5.43147
-5.38571
-5.47239
-5.43323
-5.40755
-5.35481
-5.34044
-5.40542
-5.41027
-5.40906
-5.43214
-5.43689
-5.4657
-5.36893
-5.40451
-5.42627
-5.49966
-5.46535
-5.4724
-5.33542
-5.31779
-5.30332
-5.5011
-5.51579
-5.38896
-5.41611
-5.52449
-5.49665
-5.43248
-5.46322
-5.40952
-5.42427
-5.41005
-5.46
-5.47148
-5.5677
-5.5882
-5.52547
-5.51704
-5.47703
-5.37544
-5.33384
-5.38667
-5.35071
-5.3382
-5.23413
-5.19135
-5.41733
-5.37484
-5.3829
-5.44227
-5.37395
-5.38256
-5.30293
-5.4252
-5.47349
-5.45922
-5.47239
-5.51263
-5.48031
-5.40297
-5.37439
-5.45368
-5.40529
-5.39849
-5.49642
-5.53987
-5.4971
-5.53454
-5.50428
-5.50571
-5.43185
-5.40295
-5.33514
-5.39785
-5.43679
-5.49567
-5.43568
-5.42592
-5.36827
-5.40626
-5.36836
-5.39726
-5.30536
-5.28998
-5.33119
-5.39719
-5.40559
-5.48642
-5.46657
-5.37848
-5.40042
-5.3167
-5.34175
-5.39544
-5.36007
-5.37721
-5.38877
-5.39248
-5.40942
-5.38099
-5.35905
-5.46522
-5.42391
-5.36402
-5.29187
-5.37593
-5.44933
-5.46067
-5.45558
-5.4231
-5.33109
-5.30441
-5.29168
-5.34326
-5.39682
-5.38083
-5.43787
-5.44881
-5.44174
-5.43545
-5.45616
-5.41429
-5.45505
-5.47252
-5.31545
-5.3591
-5.47199
-5.4453
-5.44367
-5.50917
-5.48219
-5.51338
-5.44385
-5.3724
-5.43737
-5.42858
-5.50816
-5.56295
-5.50408
-5.52162
-5.53858
-5.52388
-5.49334
-5.45866
-5.4488
-5.48646
-5.44452
-5.49129
-5.44622
-5.49466
-5.46835
-5.56987
-5.54864
-5.61432
-5.67576
-5.59891
-5.58764
-5.54475
-5.53428
-5.49528
-5.52499
-5.60862
-5.50642
-5.52993
-5.55709
-5.53815
-5.4871
-5.49791
-5.49208
-5.60419
-5.49698
-5.46401
-5.44245
-5.44285
-5.49023
-5.43429
-5.52444
-5.49169
-5.48578
-5.44877
-5.44593
-5.47351
-5.47455
-5.51757
-5.50625
-5.52986
-5.5601
-5.50146
-5.59954
-5.56647
-5.47903
-5.56789
-5.61106
-5.59461
-5.50686
-5.46911
-5.42835
-5.36086
-5.44902
-5.47309
-5.50567
-5.50218
-5.52293
-5.44407
-5.51061
-5.52248
-5.59252
-5.5391
-5.46041
-5.47
-5.44454
-5.48052
-5.46175
-5.50779
-5.53468
-5.41818
-5.49807
-5.42549
-5.61418
-5.59694
-5.54053
-5.50886
-5.53643
-5.59383
-5.63109
-5.63937
-5.67622
-5.68919
-5.66706
-5.65474
-5.63793
-5.59324
-5.53223
-5.47866
-5.6533
-5.58133
-5.53936
-5.55352
-5.64331
-5.64996
-5.66222
-5.70557
-5.6495
-5.53097
-5.46848
-5.49475
-5.58007
-5.54879
-5.57403
-5.48065
-5.43386
-5.47718
-5.55829
-5.54222
-5.54822
-5.65312
-5.63168
-5.70624
-5.65576
-5.62154
-5.62606
-5.61331
-5.54012
-5.43196
-5.54543
-5.52579
-5.52671
-5.56784
-5.54384
-5.48842
-5.56195
-5.53661
-5.51905
-5.4652
-5.42393
-5.4431
-5.44168
-5.42797
-5.40944
-5.38743
-5.37448
-5.43311
-5.48184
-5.44305
-5.5283
-5.45986
-5.40126
-5.42049
-5.48509
-5.45913
-5.48315
-5.43052
-5.46037
-5.51866
-5.55472
-5.47392
-5.45348
-5.38104
-5.52807
-5.42528
-5.42148
-5.54006
-5.46511
-5.45408
-5.50756
-5.48952
-5.33029
-5.49932
-5.44278
-5.58379
-5.6332
-5.67594
-5.65205
-5.57144
-5.61824
-5.56284
-5.54102
-5.52151
-5.56634
-5.52307
-5.50806
-5.51304
-5.56555
-5.52741
-5.51863
-5.6288
-5.4815
-5.52043
-5.41983
-5.44664
-5.45728
-5.51445
-5.54042
-5.56925
-5.64465
-5.68475
-5.62538
-5.52397
-5.50811
-5.52127
-5.58721
-5.55317
-5.5124
-5.43184
-5.39982
-5.45311
-5.44043
-5.43588
-5.41643
-5.52111
-5.50824
-5.44639
-5.30809
-5.27429
-5.28396
-5.32856
-5.38309
-5.40057
-5.2976
-5.33582
-5.28894
-5.27395
-5.30137
-5.40378
-5.44856
-5.43053
-5.32977
-5.19534
-5.40346
-5.39091
-5.41166
-5.3198
-5.41174
-5.35859
-5.38684
-5.47886
-5.49064
-5.57273
-5.59408
-5.54038
-5.49218
-5.40794
-5.40211
-5.42856
-5.40906
-5.49412
-5.42631
-5.31781
-5.32736
-5.3155
-5.26933
-5.28165
-5.33204
-5.35373
-5.42285
-5.46417
-5.49578
-5.49653
-5.5324
-5.48456
-5.46993
-5.39266
-5.43346
-5.42607
-5.43115
-5.4531
-5.50959
-5.44182
-5.46323
-5.4112
-5.39438
-5.49969
-5.58711
-5.55542
-5.52105
-5.42005
-5.42013
-5.3755
-5.35683
-5.43363
-5.32397
-5.45515
-5.41251
-5.50814
-5.51425
-5.53857
-5.5122
-5.56014
-5.5288
-5.61541
-5.61452
-5.51862
-5.46525
-5.48735
-5.56983
-5.56756
-5.48127
-5.44884
-5.43785
-5.49155
-5.51278
-5.4058
-5.35361
-5.35751
-5.31145
-5.42529
-5.36273
-5.33273
-5.37014
-5.28321
-5.28355
-5.40624
-5.43851
-5.40509
-5.41368
-5.49651
-5.52877
-5.47208
-5.5151
-5.57325
-5.46516
-5.34356
-5.29451
-5.31781
-5.29758
-5.34392
-5.39487
-5.4016
-5.48096
-5.48111
-5.42681
-5.55896
-5.55818
-5.52492
-5.52131
-5.40956
-5.36963
-5.48715
-5.52507
-5.4898
-5.42041
-5.5221
-5.52412
-5.56466
-5.55124
-5.4956
-5.44738
-5.40498
-5.43153
-5.42064
-5.46989
-5.48508
-5.53304
-5.57903
-5.60564
-5.54456
-5.59434
-5.51609
-5.45613
-5.47876
-5.43372
-5.36251
-5.34836
-5.32671
-5.30478
-5.22932
-5.35768
-5.38785
-5.42084
-5.46448
-5.44691
-5.38075
-5.40209
-5.33039
-5.27847
-5.27733
-5.22555
-5.22263
-5.30647
-5.32152
-5.31858
-5.37022
-5.41142
-5.39921
-5.39217
-5.44326
-5.44511
-5.37779
-5.31032
-5.38929
-5.29169
-5.29863
-5.33734
-5.33304
-5.41637
-5.45178
-5.36828
-5.47747
-5.53965
-5.5374
-5.50243
-5.54349
-5.46813
-5.43959
-5.49227
-5.34845
-5.4711
-5.42722
-5.42811
-5.39198
-5.39921
-5.46874
-5.40898
-5.31428
-5.20527
-5.22397
-5.26987
-5.26775
-5.39611
-5.305
-5.32715
-5.48837
-5.36167
-5.37878
-5.27218
-5.25576
-5.26462
-5.27831
-5.26877
-5.36538
-5.36918
-5.47781
-5.44678
-5.36274
-5.37901
-5.39844
-5.41511
-5.32408
-5.31833
-5.25386
-5.22652
-5.3001
-5.31651
-5.32257
-5.248
-5.30084
-5.27729
-5.25747
-5.27911
-5.42899
-5.5563
-5.48436
-5.54577
-5.43733
-5.44697
-5.38699
-5.331
-5.23412
-5.26696
-5.25633
-5.31497
-5.31918
-5.2904
-5.24806
-5.3583
-5.37004
-5.35159
-5.38146
-5.29115
-5.35276
-5.42365
-5.38905
-5.41143
-5.46997
-5.53743
-5.56625
-5.53271
-5.52155
-5.54856
-5.44834
-5.39591
-5.44898
-5.38772
-5.32064
-5.33214
-5.33531
-5.28574
-5.33501
-5.38332
-5.38462
-5.38657
-5.4576
-5.4253
-5.38284
-5.46138
-5.4355
-5.36034
-5.3288
-5.40275
-5.3993
-5.49062
-5.52734
-5.50864
-5.53548
-5.4564
-5.4588
-5.48417
-5.4823
-5.47809
-5.50957
-5.50479
-5.50812
-5.45164
-5.406
-5.4862
-5.47436
-5.54685
-5.55332
-5.52941
-5.50021
-5.54181
-5.49695
-5.46103
-5.3457
-5.4216
-5.43326
-5.48273
-5.56256
-5.57086
-5.52978
-5.54801
-5.48083
-5.52163
-5.41243
-5.46105
-5.4963
-5.47778
-5.42554
-5.44924
-5.43558
-5.43705
-5.4954
-5.5083
-5.49009
-5.52202
-5.49792
-5.37047
-5.41208
-5.40861
-5.43618
-5.49302
-5.51502
-5.48773
-5.57187
-5.52433
-5.61859
-5.64629
-5.60693
-5.57678
-5.57419
-5.52497
-5.47979
-5.57508
-5.60513
-5.62976
-5.63261
-5.56275
-5.59208
-5.54079
-5.51432
-5.55104
-5.5796
-5.61619
-5.60496
-5.50249
-5.51168
-5.4473
-5.55459
-5.65478
-5.61912
-5.61324
-5.70144
-5.59067
-5.50807
-5.44753
-5.33175
-5.30576
-5.35993
-5.43047
-5.5271
-5.43318
-5.35188
-5.39634
-5.41623
-5.41111
-5.48519
-5.53273
-5.57122
-5.5206
-5.55868
-5.50925
-5.45596
-5.46127
-5.39849
-5.44634
-5.34637
-5.39849
-5.36557
-5.44731
-5.44974
-5.28731
-5.17967
-5.43195
-5.4326
-5.52246
-5.47308
-5.43843
-5.38456
-5.44736
-5.5155
-5.49771
-5.44376
-5.51443
-5.52463
-5.48031
-5.43268
-5.46612
-5.33685
-5.41442
-5.4206
-5.40204
-5.49899
-5.50702
-5.44546
-5.51366
-5.54562
-5.48587
-5.49968
-5.4871
-5.50686
-5.56882
-5.50513
-5.44014
-5.4431
-5.48269
-5.48081
-5.42217
-5.31295
-5.37094
-5.41572
-5.39967
-5.35576
-5.42511
-5.51083
-5.53698
-5.56635
-5.57751
-5.51354
-5.52017
-5.56193
-5.54401
-5.5886
-5.50044
-5.40729
-5.38006
-5.47385
-5.52043
-5.56907
-5.50078
-5.53924
-5.51214
-5.56727
-5.6004
-5.56413
-5.5711
-5.53383
-5.52595
-5.50955
-5.50021
-5.47636
-5.48317
-5.49606
-5.57415
-5.60158
-5.61516
-5.56084
-5.43646
-5.48637
-5.53802
-5.58384
-5.59824
-5.52366
-5.45834
-5.52118
-5.44167
-5.48013
-5.49322
-5.46384
-5.39955
-5.45522
-5.43145
-5.37724
-5.42257
-5.38882
-5.44894
-5.37685
-5.39458
-5.44311
-5.48411
-5.37992
-5.42113
-5.44472
-5.42299
-5.32789
-5.29503
-5.26116
-5.22379
-5.21511
-5.35556
-5.30681
-5.33986
-5.28799
-5.37522
-5.36269
-5.39547
-5.36699
-5.43512
-5.38336
-5.38323
-5.36423
-5.43372
-5.38032
-5.44534
-5.44793
-5.31269
-5.35679
-5.4146
-5.53311
-5.51669
-5.50242
-5.54648
-5.54233
-5.53003
-5.46657
-5.48019
-5.44444
-5.49791
-5.38085
-5.40825
-5.43365
-5.40268
-5.42582
-5.52187
-5.56079
-5.5627
-5.52984
-5.58185
-5.56658
-5.55611
-5.51577
-5.571
-5.50551
-5.54924
-5.41476
-5.42237
-5.51993
-5.52485
-5.4523
-5.50166
-5.53304
-5.49977
-5.49716
-5.47478
-5.50374
-5.53304
-5.55844
-5.62513
-5.56042
-5.46815
-5.50534
-5.54479
-5.50507
-5.51114
-5.46964
-5.44176
-5.41257
-5.42587
-5.39234
-5.33982
-5.45606
-5.43228
-5.37452
-5.38869
-5.36747
-5.42696
-5.45589
-5.42613
-5.4971
-5.52689
-5.60709
-5.49591
-5.43148
-5.57949
-5.55909
-5.47904
-5.43572
-5.36274
-5.33832
-5.34776
-5.45596
-5.43182
-5.38383
-5.42922
-5.40409
-5.50702
-5.5364
-5.60896
-5.5468
-5.52318
-5.44963
-5.43801
-5.43994
-5.41698
-5.44356
-5.45093
-5.4085
-5.41549
-5.41308
-5.34738
-5.39886
-5.34758
-5.3039
-5.32889
-5.40326
-5.50739
-5.61422
-5.52047
-5.5078
-5.52362
-5.45291
-5.41193
-5.42736
-5.35607
-5.43097
-5.42607
-5.41395
-5.44542
-5.46787
-5.34043
-5.28809
-5.36207
-5.34032
-5.33065
-5.41428
-5.43789
-5.44536
-5.43947
-5.48231
-5.37999
-5.39309
-5.45069
-5.49707
-5.46717
-5.55605
-5.53596
-5.59406
-5.52994
-5.49759
-5.38442
-5.40112
-5.37412
-5.30616
-5.38112
-5.33562
-5.35271
-5.42948
-5.47557
-5.40773
-5.41723
-5.48315
-5.58619
-5.55494
-5.4776
-5.52525
-5.66498
-5.50332
-5.49189
-5.49634
-5.42217
-5.38834
-5.36725
-5.4011
-5.28594
-5.32007
-5.28839
-5.31501
-5.3474
-5.39178
-5.4004
-5.43741
-5.38958
-5.28296
-5.34441
-5.37771
-5.39757
-5.45267
-5.38293
-5.42462
-5.44075
-5.37655
-5.44483
-5.45703
-5.46613
-5.39975
-5.36736
-5.3476
-5.27926
-5.36832
-5.34259
-5.34972
-5.26624
-5.29258
-5.24774
-5.30833
-5.26672
-5.19692
-5.20389
-5.30531
-5.36088
-5.406
-5.42077
-5.44532
-5.40348
-5.33224
-5.37062
-5.27646
-5.40342
-5.36845
-5.41127
-5.35965
-5.39302
-5.36665
-5.39587
-5.36814
-5.31596
-5.19138
-5.23746
-5.17682
-5.28316
-5.29394
-5.37762
-5.33951
-5.36476
-5.45329
-5.46784
-5.38672
-5.5039
-5.39029
-5.25323
-5.30986
-5.2403
-5.30488
-5.4266
-5.41867
-5.4342
-5.40515
-5.41959
-5.38108
-5.36498
-5.37285
-5.3823
-5.32323
-5.3457
-5.44852
-5.367
-5.34761
-5.44241
-5.40282
-5.358
-5.36942
-5.33427
-5.37921
-5.36105
-5.32213
-5.3066
-5.3363
-5.42344
-5.49063
-5.49158
-5.46431
-5.49927
-5.46679
-5.49611
-5.49869
-5.48515
-5.46484
-5.39085
-5.44316
-5.42789
-5.46327
-5.48678
-5.47923
-5.38555
-5.43595
-5.55579
-5.46244
-5.3896
-5.39215
-5.51973
-5.58965
-5.6791
-5.58096
-5.56513
-5.59792
-5.5539
-5.51032
-5.46569
-5.55655
-5.5569
-5.48869
-5.41076
-5.48903
-5.54461
-5.53071
-5.52998
-5.45443
-5.4296
-5.34676
-5.3867
-5.53389
-5.51922
-5.50015
-5.54373
-5.55196
-5.52106
-5.59848
-5.63208
-5.64294
-5.56644
-5.51147
-5.51998
-5.39021
-5.44023
-5.48067
-5.4973
-5.42067
-5.40971
-5.41175
-5.50384
-5.49801
-5.44956
-5.58355
-5.56971
-5.52045
-5.43531
-5.51947
-5.53707
-5.46549
-5.52093
-5.49478
-5.52014
-5.512
-5.68236
-5.76046
-5.67567
-5.7136
-5.6332
-5.57515
-5.55602
-5.57044
-5.58581
-5.55436
-5.6142
-5.61146
-5.59002
-5.61855
-5.61682
-5.60666
-5.59811
-5.5024
-5.42986
-5.40503
-5.40809
-5.4774
-5.48523
-5.57065
-5.5509
-5.56993
-5.48257
-5.50729
-5.57085
-5.6098
-5.58865
-5.5268
-5.50051
-5.50296
-5.48307
-5.58062
-5.56464
-5.54816
-5.56311
-5.58078
-5.57171
-5.57271
-5.53269
-5.54164
-5.60701
-5.59764
-5.49615
-5.45939
-5.37597
-5.42058
-5.4457
-5.46144
-5.40867
-5.44246
-5.50979
-5.57764
-5.58368
-5.59423
-5.46773
-5.53662
-5.56807
-5.54269
-5.53441
-5.59474
-5.63129
-5.60772
-5.55249
-5.55243
-5.56857
-5.57933
-5.55914
-5.51743
-5.41141
-5.44243
-5.52087
-5.48801
-5.58409
-5.53569
-5.57753
-5.52551
-5.5897
-5.61139
-5.61185
-5.64683
-5.59455
-5.53512
-5.50157
-5.50192
-5.55031
-5.45836
-5.32989
-5.28202
-5.14625
-5.28053
-5.25308
-5.30877
-5.33254
-5.32443
-5.46162
-5.49389
-5.46981
-5.39646
-5.41345
-5.45716
-5.4176
-5.47141
-5.46781
-5.40167
-5.4339
-5.47741
-5.44485
-5.47988
-5.51043
-5.52802
-5.44217
-5.43284
-5.38927
-5.35808
-5.35748
-5.41737
-5.43631
-5.38212
-5.35383
-5.23836
-5.28344
