-4.89803
-4.0736
-3.46426
-3.33016
-2.85611
-2.40721
-2.01409
-1.58668
-1.28142
-1.45424
-1.30248
-1.74597
-1.76996
-1.3804
-1.23139
-0.874574
-0.899073
-0.519693
-0.487478
0.359725
-0.073754
-0.12071
-0.659965
-0.909312
-1.26214
-0.774502
-0.844091
-0.817762
-0.967451
-0.845073
-0.685525
-0.72413
-0.771321
-0.620305
-0.654405
-0.458571
-0.258879
-0.179458
-0.386208
-0.430152
-0.428234
-0.105041
-0.233575
-0.303505
-0.296938
-0.472111
-0.570687
-0.670968
-0.836448
-0.634981
-0.579058
-0.632317
-0.542668
-0.516926
-0.411329
-0.786799
-0.843575
-0.942305
-0.874643
-0.671118
-0.623189
0.0817663
0.11054
-0.135076
-0.0730431
-0.3657
-0.0915055
-0.0920867
-0.0956884
0.283912
0.175739
0.41271
0.310709
0.25459
0.165496
0.178968
-0.21355
-0.526026
-0.562707
-0.57037
-0.423983
-0.51558
-0.810809
-0.392632
0.0995272
-0.292814
-0.544433
-0.499792
-0.137881
-0.0760487
0.371582
0.349174
0.0462716
-0.192267
-0.236517
-0.182323
0.248545
-0.145214
0.218863
0.087506
0.425502
0.487752
0.407342
0.15555
0.143072
0.268929
0.362028
0.518455
0.411226
0.405692
0.3594
0.153905
0.268084
0.445312
0.0753314
-0.379895
-0.319944
-0.153944
0.000124051
-0.19786
0.28806
0.470811
0.718654
0.758685
1.06789
0.82649
0.486495
0.758005
0.845952
0.509836
0.583945
0.904527
0.681144
0.0940396
0.252646
0.0387995
-0.00901315
0.239084
0.170599
0.141565
0.167116
0.106388
0.197331
0.127277
0.282509
0.286859
0.428304
0.338234
0.338559
0.172875
0.395809
0.333419
0.609435
1.06407
0.933681
0.835874
0.584289
0.542344
0.906508
1.23714
0.459068
0.373905
0.568518
0.335778
0.449988
0.621239
0.783417
0.87949
0.654109
1.04361
0.481108
0.706681
0.437246
0.658664
0.594274
0.736896
0.681792
0.83942
0.827257
1.17911
1.35612
1.40104
1.57827
1.83072
1.14168
1.78049
1.99916
1.55574
1.22124
1.35829
1.39005
1.28371
1.14856
0.767765
1.41325
1.33749
1.83641
1.23224
1.17939
1.24434
0.947219
1.02447
0.931945
1.03127
0.887445
0.747632
0.610566
0.819486
0.86236
0.911324
0.561514
0.851431
1.14624
1.40242
1.47335
1.43764
1.18565
1.39851
1.16703
0.798403
0.892364
0.656091
0.804058
0.716601
0.873584
1.06063
0.927761
1.4797
1.4572
1.45605
1.52331
1.86241
1.89116
1.88659
1.98009
1.53819
1.73722
2.29195
2.69581
2.69854
2.37091
1.85307
1.26862
1.29143
1.54117
1.50266
0.965299
0.542933
1.06848
0.878975
1.41989
1.42474
1.52932
1.17623
0.859933
0.89281
1.19271
1.50896
1.03245
0.683408
0.741131
0.520761
0.772582
1.40183
1.16987
1.46563
1.15323
1.43556
1.26765
1.18945
1.32339
1.36661
1.59149
1.34102
1.2636
1.27509
1.18725
1.37403
1.63391
1.50378
1.28318
1.50878
1.63653
0.925758
0.722738
0.729962
0.88921
1.18814
1.15277
0.735424
1.25737
1.10577
1.63822
1.36442
1.41766
1.04859
1.34858
1.2232
1.12146
0.923641
1.29555
1.12609
0.797446
1.37469
1.18413
0.700266
0.925581
1.23598
1.56237
1.6812
1.99151
1.70368
1.15073
1.27065
1.40358
1.03848
0.811812
0.64135
0.72705
0.869976
1.46263
1.22072
1.85399
1.6209
1.50199
1.53801
1.54249
1.25739
1.20173
1.37611
1.13704
0.807859
1.06336
1.26788
1.18846
1.24565
1.10109
1.32376
1.06076
0.710097
0.271956
0.857848
0.792778
1.12888
0.863602
0.957474
1.24302
1.37694
1.22012
0.859855
0.741026
0.889843
0.874088
1.40663
1.52612
1.58964
1.76884
1.59647
1.85739
1.80801
1.50678
1.52957
1.63373
2.21139
1.85291
1.66856
2.0273
1.58332
1.61447
1.68957
1.66619
1.94386
1.7238
1.20133
1.50425
1.12436
0.946408
1.02431
1.53351
1.39654
1.60488
1.67948
1.49658
1.41004
1.19129
0.849252
0.755494
1.45244
1.06569
1.1143
1.33488
1.70854
1.67068
1.37318
1.50593
0.966461
1.04382
0.780777
0.531913
0.550137
0.774264
1.0763
0.870983
0.494095
0.565052
0.603975
0.41063
0.622303
0.589507
0.519075
0.527465
0.787249
1.42102
1.37508
1.5597
1.24494
2.06066
1.70305
1.93512
1.59811
1.17575
1.10006
1.27857
1.29127
1.49494
1.86375
2.14663
2.37485
2.56389
2.20161
1.78331
2.06806
2.08638
2.14607
2.03111
1.94476
2.16025
2.01608
1.95111
1.75371
1.4265
1.07969
0.489912
0.604342
1.09666
0.800729
1.26497
0.775549
1.19813
1.29808
1.56861
1.3137
1.27484
1.18248
1.11744
0.955216
1.13344
1.45882
0.923479
0.804911
0.764597
0.918761
0.951262
0.999386
0.672057
0.862666
0.603938
0.853976
0.655543
0.664454
1.1609
0.763567
1.01615
1.15176
1.24057
1.32746
1.51795
1.38298
1.01392
1.30934
1.39934
1.46459
1.3693
1.54201
1.61974
1.61193
1.45278
1.09427
1.3979
1.28413
0.707653
1.04085
0.776234
0.725352
0.809692
0.793052
0.749064
1.09338
0.863378
1.11534
1.22894
1.17444
0.772737
1.38461
1.25003
1.39571
1.04455
1.15316
1.46331
1.36549
1.06514
1.37918
1.32143
1.20279
1.52813
0.992544
1.2255
1.39179
1.62186
1.08755
1.21475
1.78106
1.45281
0.769505
0.49545
0.541788
0.187861
-0.25673
0.113702
0.123205
0.252648
0.355302
0.450222
0.368674
0.883073
1.25612
0.745419
0.787771
0.797447
0.17795
0.36722
0.724994
0.588648
1.13193
0.634096
0.860438
0.732517
0.623722
0.624426
0.483704
1.134
1.0946
1.37688
1.69963
2.24118
1.62842
1.27066
1.05499
1.13165
1.21902
1.22883
0.689404
0.403168
0.721349
0.901583
0.686697
0.624863
0.466564
0.87801
0.800801
0.829656
0.892876
0.716258
1.24928
1.32555
1.42524
1.13976
0.915234
1.33266
0.812621
1.06097
1.23859
1.09074
0.945829
0.939965
0.999036
1.21035
1.36737
1.10533
1.43421
1.38207
1.2964
1.39259
1.44648
1.7033
1.45673
1.84011
1.57527
2.11208
1.93414
1.60283
1.43623
1.62242
1.34029
1.49668
1.58662
1.72245
1.51874
1.44839
1.36667
1.44861
1.09492
1.14087
0.490472
0.497234
0.833799
1.22203
1.13255
1.23276
1.50907
1.35211
0.856591
0.76158
0.658945
0.730285
0.633984
0.788193
1.10074
0.900089
0.609324
0.735059
0.720476
1.05479
0.846022
1.03615
1.31094
1.423
1.27774
1.22209
1.12129
0.935921
1.52297
1.0831
1.0722
1.1025
1.27628
1.61444
1.27792
1.38636
1.17681
0.858585
1.15206
1.49268
1.29136
1.08767
1.24547
1.15274
0.979712
0.974297
1.12945
0.663464
0.693274
0.381364
0.275477
0.722569
0.916359
0.89209
1.03046
1.06273
1.11648
1.24439
1.0037
0.872438
1.0995
0.977058
1.01301
1.07134
0.856238
1.29481
1.04277
0.716282
1.13943
1.16842
1.02662
0.946102
0.615306
0.509986
0.507018
0.526534
0.900684
1.14917
1.07251
1.23419
1.39655
0.982947
0.883118
1.02902
0.864541
0.703689
0.790954
0.740515
0.719249
0.931321
0.829348
1.34366
1.24849
1.33936
1.44571
1.23603
1.05349
1.07102
1.35913
1.34326
1.37157
1.12078
1.19907
1.52969
1.29691
1.05235
1.48852
1.62619
1.41206
1.33909
1.18441
1.17754
1.02144
0.886786
0.90653
0.965659
1.5715
1.72521
1.25625
1.0737
0.870937
0.780759
0.544546
0.558931
0.544545
0.577289
0.68956
1.12772
1.13477
1.00318
1.14689
1.09561
0.906666
0.823256
0.895199
0.688021
1.22261
1.19209
1.32488
1.72892
1.67218
1.29489
1.10924
1.17801
1.01683
1.32276
1.31892
0.89185
0.997146
0.924201
1.1662
1.36946
1.10367
0.824482
0.606
0.710914
0.904597
0.954567
0.867524
0.901961
0.452327
0.880904
0.533609
0.699281
1.25452
1.33881
1.45772
1.45812
1.21625
1.48004
1.29531
1.31287
1.24222
0.899485
0.497461
0.33006
0.46333
0.422695
0.722383
0.328578
0.571306
0.431498
0.16228
0.595686
0.595434
0.718995
0.601349
0.861262
0.644681
0.312168
0.424856
0.91693
1.32271
1.3756
0.67095
1.0554
1.32743
1.32673
1.36657
1.08991
1.20134
0.844779
0.754625
0.998646
1.36249
1.63116
1.8695
1.56468
1.574
1.5311
1.77877
1.71933
1.60039
1.39433
1.74121
1.83777
1.6798
1.27398
1.22914
1.32949
1.1874
1.13284
0.885551
0.732149
1.14575
1.31178
1.36609
1.58326
1.30475
1.14224
1.22139
1.294
1.74972
1.82361
1.66289
1.50323
1.63965
1.59148
1.34603
1.59651
1.6007
1.59984
0.974713
1.36369
1.35613
0.971327
1.3395
1.62515
1.86873
1.50248
1.12832
1.58685
1.74463
1.82996
1.84602
1.88798
1.64374
1.07289
1.41084
1.20502
0.998615
1.36279
1.24092
1.31675
1.65714
1.59982
1.71221
1.45826
1.24233
1.42765
1.73323
1.22601
1.55168
1.70114
1.39777
1.39924
0.849954
1.30794
1.45955
1.85352
1.69079
1.66931
0.99371
1.37963
1.5117
1.60767
1.9311
1.64949
1.51285
1.60575
1.74502
1.75707
1.68383
1.4939
1.57469
1.89534
1.63372
1.9853
2.37454
2.40617
2.51472
2.49591
2.08644
1.81515
1.95002
2.54097
2.48144
2.37015
2.28039
1.60419
2.08449
2.34479
1.91278
1.97851
1.93483
1.49934
1.53836
1.67239
1.39788
1.27928
1.38422
1.35665
1.28758
1.78049
1.73223
1.68045
1.85093
2.00714
1.74031
1.46405
1.40613
1.47769
1.76018
1.6115
1.65629
1.91878
1.70023
1.98863
1.3871
1.67906
1.8002
2.06937
1.94902
1.58937
1.88539
1.80814
2.09861
2.52051
2.13976
2.10394
2.02934
1.94535
1.71021
1.98575
2.44226
2.18803
1.62618
1.3556
1.63744
1.49784
1.11891
1.33193
1.21743
1.34383
1.48159
1.71977
1.72006
1.54959
1.6829
1.95628
2.56261
2.32021
2.26901
2.5094
2.14954
2.71536
2.02309
2.17118
2.11201
2.14398
1.73954
1.70415
1.51247
1.46693
1.50263
1.34335
1.15635
0.916969
1.03131
1.07807
1.10816
1.34776
1.17187
0.773356
0.882828
1.10442
0.995173
0.932298
0.76209
0.489557
1.4392
1.4915
1.65094
0.988135
0.758574
0.762159
1.03014
1.06307
1.40979
1.57264
1.47983
2.22997
1.90867
1.87101
2.61694
2.36693
1.98098
1.95388
2.17354
2.39057
1.94525
1.54357
1.40386
0.796838
0.969633
1.20264
1.25825
1.85057
1.52794
1.31946
1.96555
1.47377
1.48166
1.5755
1.34962
0.885513
1.33815
1.3993
1.28347
1.13632
1.86468
1.87347
2.3869
2.08501
1.82621
2.11768
1.48535
1.37923
1.41282
1.06066
0.911918
1.13753
1.41435
1.43926
1.38593
1.38823
1.2952
1.65972
1.83105
1.75202
1.98547
1.79278
1.88065
1.71843
1.68949
2.41376
2.15781
2.34736
2.51443
2.04726
1.90241
2.12899
2.64761
2.88857
2.52337
1.77266
1.94704
2.18175
1.97148
1.91325
1.80246
1.74519
1.41306
1.33024
2.17768
2.03897
1.98166
2.19035
1.58091
1.72
1.65263
1.73884
1.9084
2.11057
1.89677
2.0661
1.86575
1.80128
1.78411
1.62436
1.44365
1.44675
1.5747
0.943871
0.916387
0.825333
0.426565
0.51406
0.868888
0.555746
0.431128
0.607771
0.916381
0.707169
0.55573
0.221301
0.363351
1.09087
1.38355
1.49048
0.958824
1.24082
1.36329
1.19373
0.883599
0.732579
0.743967
0.348004
0.835894
0.895818
0.86323
0.780945
0.719596
1.05401
0.761666
1.19325
1.04598
1.24639
1.19087
1.05072
0.820535
0.860712
1.04459
0.767497
0.873642
1.17652
1.44034
1.3999
1.12869
1.00954
0.977309
0.968736
1.19724
1.01418
1.21026
1.52971
0.880748
0.819632
0.785635
1.09424
1.31797
1.69982
1.48787
1.40268
1.15831
1.53128
1.20657
1.48186
1.06895
1.27994
1.42673
1.41376
1.16351
1.03903
1.40665
1.49601
1.37903
0.842769
0.737822
0.826812
1.02667
0.737364
0.49604
1.0387
1.12077
1.54362
1.28825
1.49732
1.70883
1.62835
1.35157
1.30862
1.29682
1.20476
1.40217
1.35898
0.93604
1.09943
1.56771
1.64713
1.39851
1.07049
1.03222
1.38606
1.42476
1.13578
0.614597
0.950731
0.867144
0.986065
0.98804
1.74741
1.49761
1.37332
1.342
1.78411
1.66606
1.59016
1.28732
1.65533
1.58328
1.59538
1.68713
1.90962
2.14603
2.1503
2.34891
2.11338
1.86322
1.6938
1.62088
1.45844
1.37527
0.992515
0.962873
1.00556
1.02266
1.04592
1.16847
1.41516
1.10102
0.832433
0.992563
1.01301
1.1498
1.38444
1.37458
1.42041
1.16165
1.02545
1.24437
1.24048
0.792071
0.751651
0.485393
0.661164
0.74183
0.86677
1.07642
1.48314
1.51946
1.47542
1.58551
2.0317
1.57738
1.46698
1.80381
1.75351
1.42131
1.37913
1.3278
1.34307
1.24239
1.14984
0.889929
0.756848
1.05745
1.43004
1.61607
1.7977
1.65507
1.36729
1.37272
1.39783
2.00127
1.80982
1.37079
1.41704
1.32876
1.0866
1.14172
1.03542
0.38003
0.31048
0.299232
0.68479
0.666573
1.03369
1.33229
1.35258
1.29089
1.44352
1.45588
1.30227
1.25543
0.948815
1.14155
1.03914
1.13669
1.06048
0.591454
0.581601
0.505075
1.02651
0.578284
0.723466
0.48624
0.369343
0.380096
0.293638
0.504414
0.267318
0.708196
0.691402
0.86483
0.528973
0.476513
0.31238
0.348597
1.29103
1.10744
0.979946
0.672922
1.33276
0.959201
0.477116
0.855043
1.154
1.50806
1.48497
1.26086
1.32437
1.66651
1.47306
1.4017
1.24339
1.64018
1.72587
1.83054
2.15988
1.87158
1.97681
1.69428
1.55748
1.22556
0.989044
0.984356
1.13192
1.16194
1.12655
1.27252
1.43203
1.04249
1.22478
1.6009
1.2357
0.865787
1.14386
0.706751
0.884451
0.938941
1.08224
1.32717
1.30069
1.53207
1.41675
1.25752
0.888964
0.950466
0.412199
0.990318
1.2765
1.67965
1.72579
1.87191
1.64398
1.50746
1.58122
1.46832
1.50153
1.78566
1.83118
2.13845
1.92008
1.46234
1.37228
1.5286
1.07951
0.774795
1.44923
1.94415
2.05276
1.89922
1.39648
1.40392
1.2968
1.09493
1.55162
1.42255
1.53752
1.13975
0.346173
0.523359
0.773511
1.19526
1.21105
1.05285
0.943044
0.906989
0.880178
0.751717
1.22556
1.70857
1.80934
1.68542
1.33136
1.55306
1.54384
1.58865
1.28794
1.003
0.836017
1.10122
1.2701
1.51411
1.60277
1.34784
1.39303
1.42315
1.23186
1.2139
1.52006
1.27966
1.04958
1.12514
0.702808
0.695304
0.872195
1.01599
0.910997
0.895277
1.01279
0.936673
1.36416
1.53561
1.61349
1.51486
1.17749
1.57933
1.23244
1.37396
1.3173
1.30381
1.83043
1.82608
1.51487
1.2931
1.81503
2.03516
1.94396
1.73062
1.11044
1.0328
1.06766
1.34428
1.56123
1.40198
1.14758
1.40734
1.54529
1.09534
1.18363
1.13842
0.711509
0.755382
0.422968
0.455393
0.580221
0.949709
0.675314
0.0780274
0.46251
0.54647
0.0380838
0.127945
0.984796
0.950298
0.907413
0.379601
0.321016
0.134755
-0.0104157
0.142356
-0.379846
-0.315712
0.0432966
0.13346
0.0666587
0.0645473
-0.0481469
0.050356
0.230876
0.628626
0.941131
0.793283
0.934488
0.932196
0.853824
1.24631
1.38293
1.31967
1.12781
1.31646
0.966605
0.840655
0.798389
0.794059
1.12299
1.1943
1.23928
0.986004
1.40636
0.953122
1.10047
0.967015
0.906903
0.930079
0.576969
0.339257
0.771273
0.686805
0.554756
0.220174
0.665375
0.769638
1.06287
1.3135
0.951022
0.642737
0.592049
0.81796
1.41725
1.35072
1.40786
1.75099
1.934
1.80564
1.38097
1.21123
1.25679
1.19595
1.0518
1.27668
1.20197
1.68498
1.77614
1.46433
1.66122
1.84921
1.61988
1.47973
1.29406
1.05252
1.23765
1.33599
1.47839
1.4886
1.6666
1.47405
1.46052
1.19199
1.32402
1.239
1.56525
1.60936
1.45672
1.48257
1.50308
1.32148
1.43042
1.30799
1.46709
1.24904
1.24714
1.07269
1.17692
1.28911
1.66994
1.85536
1.52008
1.90551
1.90207
1.94592
1.97028
1.49837
1.6014
1.57223
1.28942
1.34306
1.2622
1.23445
0.709642
0.748749
1.16715
1.13407
1.30989
1.19234
1.25446
1.52105
1.32419
1.35668
0.933389
1.05289
1.39197
1.41632
1.29902
1.30954
0.821973
0.985026
1.7746
1.10798
0.988283
1.42734
1.44285
1.89922
1.7185
1.43716
1.41259
1.7216
1.7381
1.75641
1.92654
2.43514
2.04779
1.86471
1.78033
1.82178
2.43565
2.33769
1.79974
1.97794
2.05175
1.88384
1.9087
1.92415
2.11312
2.0831
2.21348
2.1861
1.78331
1.98216
1.64359
1.70347
1.71328
1.66228
1.30755
1.40888
1.46061
1.38942
1.3213
1.21807
1.38537
2.56135
2.66364
2.36582
2.23707
2.31808
2.57767
3.18339
2.61015
2.65963
2.87476
2.53356
2.14307
2.24641
2.1455
2.18958
2.33819
2.44085
2.48338
2.44584
2.59521
2.60072
2.38021
2.19478
2.03224
2.41777
2.23191
1.85487
1.84362
1.78038
1.70921
1.70251
1.44498
1.34205
1.2353
1.01547
0.723554
1.29641
1.50824
1.33731
1.44385
1.79223
1.87222
1.67115
1.41441
1.50412
1.33805
1.7438
1.83036
1.9222
2.19538
2.20901
1.9209
1.83945
2.38298
2.36071
2.17792
1.87413
1.81261
1.34044
1.26552
1.09029
0.892347
1.34233
1.18071
1.30383
0.818598
1.51568
1.46946
1.13453
1.20778
1.37422
1.07469
1.09837
1.20173
0.790984
0.752089
0.764225
1.13072
1.40795
1.31059
1.16037
1.29384
1.22844
1.76119
1.45541
1.18686
1.37222
1.61279
1.6192
1.3983
1.49344
1.68796
1.52729
1.47462
1.53649
0.904391
1.3622
0.969077
1.23277
1.47773
1.33757
1.23792
1.13979
0.799416
1.30872
1.36295
0.875393
0.716224
0.912495
0.304714
0.89189
0.943885
1.02893
0.759065
0.259574
0.214407
0.491178
-0.0340353
0.386348
0.585011
0.587294
0.82513
1.08815
1.12867
1.16101
1.46705
1.62644
1.29548
1.15135
1.11338
1.03818
0.966183
1.45072
0.964417
1.13726
1.04008
1.13098
1.05945
0.995014
1.05036
1.27498
1.43735
1.27751
0.759662
1.23648
1.32521
1.17181
1.28018
1.14891
1.35305
1.57246
0.760731
0.929432
0.80308
1.00098
0.730015
1.2061
0.796196
1.13898
0.728988
1.24282
0.845574
1.13092
1.54912
1.27027
1.02037
1.18589
1.40715
1.23734
1.39236
1.62424
1.29565
1.49864
1.37357
1.38972
1.41848
1.77151
1.40076
1.49655
1.64402
1.73983
1.13731
1.17504
0.942764
0.8994
0.903133
1.25039
1.11766
1.08501
0.887919
0.991443
1.13259
1.2417
1.56009
1.8484
1.99132
1.75769
1.62591
2.2715
1.9445
1.49462
1.6741
1.39957
1.22273
1.23846
1.2657
1.52628
1.19798
1.27825
1.09269
1.1652
1.5076
1.58848
1.22271
1.75877
1.73957
1.69648
1.54388
1.66926
1.16614
1.17126
1.29078
1.27998
1.00178
1.03822
1.09331
1.03952
0.737591
1.13383
1.76528
1.46763
1.68656
1.50364
1.78365
1.67067
1.31743
1.17144
1.08266
1.46506
1.75796
1.69019
1.6582
1.64428
2.01482
2.00607
1.52023
1.16502
1.04955
1.24855
1.11093
1.03182
0.816482
1.19344
0.87464
1.10114
1.51087
1.42034
1.54391
1.50313
1.37581
1.40175
1.81936
1.59269
1.72109
1.49248
1.24971
1.32632
1.32077
1.34919
1.78464
1.73486
1.59338
1.46139
1.38653
1.119
1.14702
0.871345
1.09041
0.996876
0.94514
0.690491
0.598593
0.830864
0.695257
0.685888
1.32218
1.3687
1.34401
1.34372
1.17293
1.00576
1.27161
0.734739
0.756912
1.48513
1.12796
1.10297
1.60035
1.48565
1.06017
1.01263
1.18149
1.0986
0.942568
1.14434
1.33986
1.23244
1.6892
1.3858
1.68876
1.66746
1.62854
2.07076
1.91783
1.85212
1.93568
1.95569
1.68755
1.98968
2.35816
2.21646
2.33965
2.33959
1.69327
1.36668
1.62386
1.60729
1.3847
1.6488
1.7256
1.82928
1.2766
1.36635
1.09806
1.00729
1.27815
0.934789
0.787219
0.821728
0.677149
0.862782
1.10967
0.80472
1.11609
0.653771
0.369992
0.0359326
0.380045
0.576717
0.693108
0.985969
0.48002
0.389043
0.967006
0.877013
0.650721
0.935093
0.810381
1.044
0.861143
0.71076
1.02772
1.21697
1.36921
1.19205
1.24369
1.1229
1.00892
0.966243
0.776446
0.963986
1.17882
0.934625
0.99799
1.10884
1.0226
1.50937
1.09759
0.95087
1.13425
1.11259
0.701442
0.858855
0.820161
1.21395
1.00503
1.44529
1.1647
1.0269
1.0044
0.870833
1.03029
1.13832
1.26802
1.20543
0.718348
0.684028
0.859008
0.853339
0.462118
0.128076
0.505198
0.665721
0.517278
0.381927
0.548803
0.162418
0.509283
0.281967
0.943679
0.833643
0.748198
1.00848
0.776484
1.17172
0.995953
1.24065
1.17419
0.956348
0.994816
1.39028
1.32766
1.10108
0.593008
0.809537
0.854355
0.426275
0.560342
0.652056
0.957199
1.35702
1.40972
1.45571
1.5873
1.26769
1.36164
1.22633
1.40782
1.07522
0.85547
0.891916
1.07938
1.58825
1.48311
1.08398
1.20607
1.35836
1.52656
1.84059
1.88526
1.95963
1.65657
2.05904
1.48983
1.28029
1.59162
1.30548
1.08559
0.836379
1.21784
1.5152
1.53823
1.20733
1.13429
1.54463
1.69931
1.40199
1.24752
1.30137
1.11413
1.20186
1.25748
1.45287
1.66935
1.50362
1.74291
1.80313
1.92413
2.02405
2.56322
2.01497
1.55732
1.58812
1.43057
1.5997
1.51536
1.37472
1.02447
1.21521
0.718984
1.16616
1.46713
1.70277
1.85384
1.85994
1.73645
1.54538
1.23103
1.36239
1.20746
1.30955
1.70489
1.83306
1.9551
2.14713
1.7249
2.11545
2.00074
1.73208
1.41275
1.16541
1.23926
1.29116
1.29097
1.32574
1.1939
0.96241
0.97976
0.754397
0.59124
0.73393
0.717338
0.674309
0.974843
1.3617
0.791512
0.877263
0.975609
0.712611
0.744498
1.222
1.17837
1.09722
0.822178
1.42379
1.35066
1.64511
1.73571
2.09798
1.86376
1.44467
1.38041
1.40437
1.01498
1.12787
0.962575
0.650492
0.675457
0.626594
0.737775
0.932092
0.720361
0.510587
0.48887
0.959495
0.841223
0.556916
0.498282
0.45314
0.660782
0.634851
0.455264
0.86049
0.557486
0.654776
0.152266
0.17407
0.412252
0.835673
1.0001
0.98662
0.990541
1.04422
1.02631
0.968759
1.17988
1.20085
1.08033
1.05107
0.805547
0.727396
0.625802
1.1944
1.01729
0.86869
1.2523
1.33968
1.14674
1.46999
1.29715
0.865311
0.987271
0.880598
1.62784
1.28954
1.13892
1.36877
1.1056
0.960264
1.04439
1.36149
1.52325
1.11229
1.2334
1.12698
1.53497
1.53918
1.10871
1.50891
1.17205
0.769893
0.769681
0.974916
1.2399
1.25909
1.11632
0.990872
1.11247
0.722838
1.13676
1.06412
1.29645
1.17862
1.5365
1.72759
1.88511
2.03821
1.89961
1.89164
2.05183
2.30291
2.24643
2.61665
2.61692
2.45961
1.88285
1.77913
1.78053
1.95014
1.61831
1.83331
1.57489
1.6341
1.87837
1.35549
1.16856
0.785356
0.803376
0.663351
0.781781
1.35087
1.0784
1.10007
1.365
1.23915
1.12769
1.14493
1.0657
1.25803
1.24132
1.51626
1.07005
1.14782
1.47881
1.28431
1.24062
1.30084
1.34474
1.73635
1.47173
1.10677
1.44546
1.03801
1.0244
1.33595
1.25717
1.39989
1.40454
0.962581
1.02051
1.19911
1.25672
1.2994
1.22474
1.76905
1.46953
1.43795
1.69948
1.84433
2.12569
2.13147
1.32336
1.84413
2.02195
2.36987
2.02515
1.66859
1.48349
1.53593
1.69218
1.62013
1.74982
1.57867
1.50852
1.53404
1.31654
1.61504
2.08757
1.64319
1.75966
1.28298
1.4062
0.974667
1.28888
1.6535
1.6838
1.61739
1.31877
1.59276
1.42435
1.665
1.66494
1.89357
2.1795
1.40344
1.29231
1.06657
1.27412
1.65586
1.66451
1.40155
1.31395
1.35543
1.17289
1.47434
1.33506
0.747789
1.09152
1.28151
1.64057
1.48879
1.37774
1.56303
1.54421
1.77868
2.01835
1.94954
2.05347
1.46189
1.58286
1.34841
0.911136
1.41538
1.3442
1.1923
0.832818
1.35967
1.70525
1.55431
1.9613
1.56796
1.6346
1.34567
1.24087
1.59651
1.47324
1.54466
1.01257
1.25159
1.0614
1.46575
1.44628
1.72164
1.11846
1.4574
1.27885
1.30992
1.47097
1.92484
1.73087
1.68777
1.08426
0.830309
1.37699
1.64271
1.86306
1.9721
1.93908
1.40585
1.64861
1.37532
1.21828
1.29213
1.55978
1.42143
1.74917
1.65735
1.72027
2.0951
2.00001
1.63311
1.45727
1.80677
1.66273
1.88296
1.49111
1.57408
1.61267
1.00153
1.43641
1.74159
1.39375
1.67502
1.94233
1.91726
2.40346
2.23267
2.3997
2.02603
2.00537
2.15881
2.06555
2.12445
2.34985
2.33285
2.18129
2.04208
2.4179
1.76987
1.84793
2.06965
1.86689
1.39962
1.40699
1.83542
2.02419
2.03694
2.16142
1.85489
1.82722
2.15037
2.11919
2.46034
1.86667
1.38322
1.68505
1.80808
2.13137
1.76054
2.24158
1.85116
1.53157
1.833
2.02962
2.13329
1.84992
2.10622
1.87968
1.8633
1.63996
1.82534
1.69231
1.92723
1.76362
1.42703
1.84154
1.51983
1.704
1.30727
1.5582
1.10213
1.33316
1.45037
1.4924
1.51591
1.75769
1.67632
1.29889
0.845677
1.30446
1.72997
1.80905
1.28763
1.11902
0.844661
1.30269
1.72247
1.40707
1.39831
1.53375
1.6654
1.75079
1.60706
1.5099
1.6925
1.75032
2.01849
1.77281
1.44762
1.66768
1.76477
1.59676
1.56524
1.69321
1.85008
1.47026
1.51702
1.44086
1.61868
1.04063
1.38309
1.62086
1.66177
1.89068
1.69596
1.59561
1.96185
1.95449
1.6617
1.15609
1.23528
1.02233
0.920857
1.29512
1.22056
1.27111
1.42835
1.70263
1.47348
1.51636
1.45411
1.67534
1.37014
1.29496
1.6797
1.51297
1.52839
1.23411
1.74424
1.31713
1.01855
0.548198
0.957504
0.839424
0.848049
0.923277
1.01245
0.74491
0.695037
1.04024
1.39836
1.44685
1.05979
0.765307
1.44543
1.39802
1.23128
0.64199
0.607986
0.955099
0.848297
0.611753
0.845335
1.07903
1.38732
1.29218
1.25159
0.973802
0.806362
1.0969
1.33862
1.33378
0.965034
1.00937
0.982678
1.733
1.70391
1.51749
0.981383
0.872248
0.605298
0.284105
0.458658
0.780291
1.08201
1.76185
1.6205
1.47443
1.71323
1.4745
1.68039
1.54542
1.38428
1.12184
1.40347
1.02061
1.14676
1.16938
0.851338
0.952286
1.05486
1.50059
1.5893
1.3603
1.29664
0.95787
0.781757
0.55101
0.37409
0.456942
0.392605
0.158509
0.686475
1.48419
1.58369
1.13089
1.07645
1.20329
1.28909
1.0094
0.984819
1.13643
1.02863
1.33948
1.61357
1.5607
1.53798
1.18807
1.41338
1.21441
1.59486
1.95553
1.64001
1.58385
1.72506
1.7645
1.75021
1.90838
1.79604
1.3651
1.64027
1.23242
0.977997
1.18238
1.5161
1.4741
1.87838
1.79369
1.57392
1.55117
1.03464
0.97652
0.349427
0.411161
0.502046
0.666387
1.22115
1.09305
1.34766
1.2617
1.09801
0.940796
0.758528
0.832512
0.750325
0.522591
1.02957
0.761897
0.759319
0.641116
0.68691
0.868015
1.2368
1.4381
0.948927
1.3746
1.25358
1.32803
0.94435
0.858014
0.745916
1.08941
1.18978
1.07926
1.32926
1.16205
1.48896
1.98614
1.81337
1.42206
1.41675
1.66354
1.6773
1.71821
1.62822
1.93829
1.81202
1.75078
1.4953
1.69398
1.8379
1.70468
1.66842
1.5741
1.60737
1.38645
1.2191
1.22119
1.1204
1.00322
1.34133
1.21631
1.86999
1.90622
1.91356
1.94196
2.03736
1.62749
1.43245
1.35334
1.71396
1.80281
1.47028
1.77126
1.77884
1.85522
1.86825
1.37338
1.62093
1.73251
1.02039
1.37277
1.63345
1.94684
1.53603
1.68591
1.8857
1.43143
1.50975
1.54605
1.73916
2.08143
1.72114
1.81761
2.12533
2.8969
2.44514
2.02555
2.01571
1.6147
1.57469
1.52951
1.61193
1.4997
1.77059
1.59898
1.51973
1.31772
1.03254
1.09067
1.27467
1.09748
1.495
1.18912
1.20605
0.84425
0.900888
0.891642
1.00147
1.04671
0.917349
1.26004
1.36061
1.38085
1.77616
1.81801
1.65371
1.4659
1.76443
2.14459
1.63093
1.83817
1.63104
2.23083
1.81433
1.71971
1.98362
1.93669
1.31284
1.46059
1.56014
1.86993
1.82328
1.80207
1.64042
1.25503
1.19205
1.02795
1.27982
1.3706
1.28901
1.36201
1.5814
1.40041
1.1288
1.06142
0.871784
1.28716
0.871009
1.21807
1.33826
1.5112
1.70721
1.4229
1.67474
1.31963
1.54609
1.56312
1.86346
1.78393
2.34825
1.81417
1.68098
1.92652
1.84055
1.64761
1.60487
1.49928
1.61899
1.49629
1.43278
1.19462
1.53846
1.89117
1.87268
1.73902
1.66164
1.69575
1.54101
1.2908
1.36053
1.2361
1.03685
1.53511
1.31287
1.16834
1.04776
0.975547
1.57209
1.55584
1.2762
0.968747
1.2138
1.18139
1.55906
1.60815
1.83748
1.71105
1.8191
1.7851
1.81493
1.86474
1.97675
1.77032
1.64434
1.86021
2.23939
1.84235
2.12177
2.1208
1.36016
1.92006
1.83098
1.4126
1.42473
1.57595
1.41773
1.60277
0.932688
1.40499
1.35985
1.70427
1.53917
1.26289
1.28155
1.35358
2.10621
1.84651
1.7869
1.43535
1.32364
1.62942
1.72826
1.97464
1.94786
2.03763
2.05001
2.1603
1.87479
1.82282
1.87901
2.04634
1.82742
1.80103
1.86971
1.81494
1.67247
1.94949
2.00153
2.12883
1.49212
1.45081
1.31505
1.96359
2.14415
1.7973
1.51639
1.47396
1.77372
1.91932
1.86251
1.67175
1.77272
2.2161
1.58353
1.17962
1.5892
1.20207
1.15624
0.924289
1.03527
1.19827
1.20297
1.5065
1.39287
1.49236
1.68158
1.30342
1.07613
0.959606
0.68835
0.658555
0.593262
0.571203
0.987806
0.933167
1.43437
1.5738
1.82251
1.27796
1.50586
1.40885
1.47375
1.85717
1.95688
2.03137
1.719
1.21392
0.873352
1.24545
1.4978
1.52444
1.11572
1.60125
1.33525
1.36442
1.47206
1.2092
0.637966
0.586531
0.76084
0.636167
1.32985
1.54512
1.50011
1.34885
1.2732
0.883297
1.25669
1.45583
1.67187
1.56313
1.13953
1.26629
1.36493
1.52485
1.6305
1.99134
1.46939
1.71003
1.66938
1.16673
1.70821
1.7784
1.38114
2.04384
1.71576
1.99095
1.69122
1.59136
1.58646
1.33102
1.24294
1.21956
0.737042
1.04428
0.651494
0.599778
0.949762
0.806246
0.847268
0.895314
0.921472
1.22956
1.27611
1.30327
1.44228
0.715989
0.789999
0.898427
0.910195
1.07819
1.02641
1.22745
0.902913
0.841517
0.95787
0.984489
1.21348
1.5535
1.42654
1.22051
1.19288
1.08221
1.26257
1.01041
1.33848
1.19545
1.21843
1.02281
0.858618
1.12182
1.14295
1.47649
1.57171
1.70821
1.56938
1.69644
1.50319
1.59391
1.28889
1.26664
0.99438
1.16476
1.49839
1.56023
1.15812
1.67509
2.05919
2.03348
2.01103
2.00734
2.45473
2.0693
2.01828
2.03962
1.94546
2.26893
2.17858
1.9828
2.04309
1.84306
2.02648
1.49623
1.48575
1.94551
1.99263
1.56632
1.91528
1.67623
1.59851
1.2037
1.542
1.55913
1.72314
1.99031
1.78744
1.32519
1.19304
1.33178
0.615364
0.764914
1.06642
0.994612
0.727284
1.00974
0.839841
0.851996
1.4334
1.50505
1.83019
1.93584
2.03538
2.04747
1.93358
1.81248
1.73509
2.17373
1.78941
1.7717
1.66838
1.77703
1.39042
1.38656
1.54121
1.86395
1.49142
1.27589
1.20068
1.83153
1.76287
2.04063
1.88605
2.23229
2.03461
1.87751
1.81029
1.81363
1.51728
1.17139
1.74697
1.98781
1.74858
1.66505
1.54358
1.51191
1.01803
1.26507
1.19376
1.4918
1.29176
1.2555
1.4624
1.50371
1.74665
1.93416
2.42063
1.94014
1.83359
1.69296
1.88796
1.89836
1.63905
1.80633
1.59053
1.55843
1.62599
1.52454
1.57653
1.50675
1.11129
1.50361
1.26865
1.45539
1.44278
1.73926
1.59806
1.47543
1.47202
1.38121
1.45716
0.82285
1.10865
1.19014
1.25498
0.951461
1.22471
1.69508
1.61593
1.80197
2.00314
1.78711
1.66226
1.45211
1.55531
1.57516
1.88843
1.74706
1.61834
1.48936
1.57777
1.60792
1.99761
2.02697
1.81764
1.45639
1.84223
2.0598
2.01595
2.0121
1.90228
1.80327
1.50808
1.74409
1.32698
1.37655
1.65543
1.72234
1.68803
1.39988
1.55807
1.72675
1.70411
1.61019
1.63589
2.26843
1.8628
2.01373
2.06571
2.15567
1.85096
1.82214
2.08589
1.93386
1.99718
1.82971
1.53307
1.60512
1.37572
1.62105
1.86704
1.76723
2.22425
2.21213
2.62095
2.32928
2.18576
2.60129
2.58352
2.62209
1.94962
2.0074
2.30015
2.04382
2.78587
2.09625
2.23978
1.58586
1.82902
2.01637
1.59938
1.6318
1.95181
1.5503
1.67771
1.69971
1.43447
1.64213
1.61078
1.32353
1.36511
1.67173
1.30369
1.20158
1.55017
1.35606
1.28682
1.24869
1.31987
1.54303
1.16531
1.15461
1.86023
2.00036
1.96289
2.16597
1.84694
2.50216
2.26053
1.86197
1.58744
1.22953
1.12041
1.1351
0.881229
0.861698
0.80769
1.13154
1.02411
0.824359
0.815825
1.2637
1.55418
1.13855
1.30196
1.38315
1.20778
1.02134
1.33892
1.07755
1.23027
1.2285
1.24397
1.53745
1.62513
1.63853
1.56059
1.61947
1.245
1.01749
1.24439
0.970711
0.752814
0.985295
0.944047
1.13883
1.21936
1.34553
1.61824
1.48013
1.37139
1.41453
1.48009
1.15489
1.31214
1.04305
1.50568
1.63863
1.50623
1.82139
1.89696
1.65119
1.12193
1.0077
1.25512
1.55793
1.42981
1.62717
1.79394
2.02137
1.92757
1.46952
1.3505
1.45837
1.26513
1.5365
1.6729
1.96196
2.01925
1.74243
1.76222
2.02256
1.29748
1.60043
1.48298
1.62501
1.28611
1.07761
1.06419
1.36659
1.60148
1.88126
1.58864
1.31068
0.684277
0.878254
0.869643
0.844372
1.29088
1.00252
1.49537
1.32141
1.56481
1.28362
1.21147
1.53396
1.44319
1.25805
0.895156
0.734655
0.753395
0.854646
0.484819
0.497924
0.804012
0.426289
0.395236
0.44906
1.07657
0.929054
0.899837
0.489085
0.604738
0.646233
0.838749
1.15705
1.17253
0.996856
0.958203
1.20415
0.627016
1.03682
1.00592
1.05902
1.22131
0.74282
0.55444
0.392801
0.744092
1.01627
1.0801
0.626624
0.863041
0.915655
1.01461
1.27958
1.14588
1.23969
1.1926
1.09854
0.776814
0.679917
1.06733
1.00776
1.2822
0.966584
1.08636
1.28326
1.21484
1.47342
1.8185
2.19074
2.3385
2.38244
2.60228
2.43717
2.30702
2.36188
2.16681
1.90671
1.42025
1.40467
1.1811
1.48218
1.62728
1.74099
2.45534
2.3956
1.93773
1.76088
1.99097
1.76821
1.62056
1.31251
0.982981
1.18852
1.7085
2.11534
1.96367
1.5298
1.76927
1.77696
1.75006
1.54488
1.86521
1.69559
1.30393
1.30743
1.51028
1.63069
1.70451
1.40452
1.58013
1.55889
1.77155
2.11129
2.16539
2.18376
2.27142
1.96739
1.97791
2.08191
1.95677
1.80222
1.83181
1.53129
1.51134
1.02129
1.48633
1.5482
1.71184
1.77761
1.40212
1.29737
1.87308
1.32443
1.07117
0.857473
1.15794
0.692045
0.854548
1.00737
0.780001
0.239118
0.423473
0.701123
0.481876
0.536115
0.400284
0.340258
0.961457
0.764798
0.685856
0.578593
0.79495
0.972856
0.662734
0.689019
1.0535
0.990747
0.814377
0.833397
1.15811
0.968389
1.25968
1.74508
1.74923
1.46692
0.847845
0.583811
0.647063
0.879017
1.15291
0.927433
0.916219
0.984168
0.716192
0.605527
0.464484
0.742371
0.745612
0.994966
1.19587
0.894921
1.32642
1.64013
1.68971
1.43454
1.19936
1.39322
2.12646
1.85206
1.80393
1.52683
1.00129
0.7668
1.12404
1.55305
1.11235
1.15645
1.02761
1.05783
1.16064
1.21286
1.23426
1.32981
1.16672
1.20884
1.14885
1.35063
1.37655
1.21297
1.42777
0.96219
0.703953
1.09069
1.03387
1.01748
1.63698
1.31541
1.28298
1.64277
1.60173
1.02513
1.14058
1.31517
1.47521
1.52551
1.72326
1.42514
1.55824
1.69411
1.96739
2.00223
1.64704
1.71838
1.62954
1.59831
1.54813
1.46176
1.79246
1.67279
1.59301
1.31767
1.46086
1.40755
1.96005
1.9695
2.10184
1.22686
1.20402
1.73882
1.66021
1.20605
1.29863
1.55402
1.35027
1.568
1.53204
1.58484
1.36813
1.37839
0.968765
0.813673
1.04626
0.952707
1.19389
1.66229
1.90311
1.62777
1.80109
1.87944
2.33913
2.57242
1.4942
1.70992
1.74881
1.63948
1.88457
1.81833
2.16677
1.59551
1.36117
1.41702
1.36239
1.24011
1.30145
1.66907
1.75807
1.31508
1.55113
1.67433
1.2338
1.02915
1.22488
1.10044
1.25065
1.15518
1.51182
1.69773
1.98797
1.66671
1.47344
1.13187
1.41669
1.45191
1.74861
1.60257
1.74806
1.72111
2.10332
2.15832
2.01021
1.69347
1.7456
1.46607
1.55055
1.81711
1.75205
2.11965
2.04476
1.79065
1.86829
1.776
1.73664
1.71185
1.70562
1.87482
1.94404
1.43128
1.65038
1.93692
2.21981
1.81572
1.47217
1.50314
1.47136
1.5405
2.03671
2.1707
2.29242
2.05849
1.79915
1.78942
1.53858
1.42894
1.4263
1.55164
1.44979
1.60098
1.39894
1.38243
2.02393
1.74799
1.30275
1.42641
1.50875
1.3084
1.44774
1.32321
1.53699
1.8904
1.54344
1.65442
1.27697
1.09224
1.30163
1.22167
1.163
1.15966
1.27858
1.46398
1.53591
1.20982
1.40073
1.22894
1.44979
1.28293
1.48905
1.126
1.16969
0.930464
0.648865
1.02309
1.15519
1.25952
1.33307
1.425
1.20681
0.886537
1.36394
1.2437
1.22872
1.2929
1.51359
1.51848
1.57582
1.1145
1.47703
1.75378
1.76701
1.77656
1.52115
1.75719
1.4152
1.54166
1.47412
1.66571
1.64583
1.50232
1.483
1.23597
1.3154
1.19749
1.15374
1.5188
1.06719
1.15999
1.54205
1.10216
0.954459
0.92544
1.22298
1.42723
1.65129
1.95922
1.56746
1.48724
1.29306
1.38166
1.25741
1.49219
1.24513
1.18413
0.942225
1.18349
1.5715
1.44368
1.57322
1.44065
1.42434
1.12534
0.998393
1.48554
1.15099
1.55095
0.687879
0.73115
0.919941
1.12592
1.07706
0.827994
0.622063
0.522158
0.31095
0.199938
0.270565
0.376654
0.428912
0.65028
0.757918
0.955557
0.347251
0.714821
0.887104
0.764788
0.363056
0.365479
0.349584
0.210347
0.408123
0.884582
1.14853
0.995999
0.676011
0.832968
0.754249
1.11066
1.38638
1.25703
0.805905
0.947036
0.936726
0.530971
0.612778
0.258782
0.429557
0.548553
0.55159
0.662623
0.979536
1.55123
0.977662
1.13594
1.01291
0.80785
0.873559
1.07234
0.705086
0.85283
0.934906
1.13278
1.21556
1.14897
1.21539
1.35845
1.44744
1.62294
1.75507
1.47607
1.34498
1.47006
1.21613
1.43847
1.60665
1.56851
1.25468
1.2859
1.23217
1.45176
1.3268
1.164
0.965827
1.28217
1.34269
1.70598
1.17257
1.54981
1.56665
0.966151
1.24546
1.25614
1.01198
1.1211
1.82111
1.06035
1.24988
0.701455
0.512179
0.31238
0.335132
0.656907
0.441012
0.698733
0.773704
0.865213
0.685656
0.830878
0.93551
1.01342
0.850226
0.952794
0.996965
0.502601
1.08696
0.850508
1.31532
1.2447
1.13966
0.854074
0.696786
0.584893
0.267533
0.175022
0.413398
0.96334
1.04001
1.06667
0.733948
0.916645
1.11465
1.48141
1.5014
1.26353
1.23968
1.30994
1.46325
0.962824
0.970988
1.20269
1.94025
1.98146
1.94555
1.754
1.48411
1.46155
1.86714
1.68276
1.89857
1.92122
1.80948
1.44012
1.37595
1.41904
1.82018
2.29082
1.51967
1.50822
1.40121
1.82726
1.42978
1.64393
1.50577
1.17378
1.09191
0.752152
0.677509
0.921995
1.13235
1.48285
1.4748
1.4093
1.4757
1.09674
1.45825
1.95665
1.91832
1.96077
2.18832
2.15746
1.93096
1.86091
1.59841
1.41
1.23012
1.26804
1.06487
1.30739
1.35206
1.71606
1.51841
1.64181
1.55516
1.33717
1.02909
1.32985
1.26412
1.5857
1.61228
1.16542
0.838506
1.01357
1.13615
1.50311
1.39338
1.60033
1.8031
1.45631
1.93359
1.3262
1.46652
1.13084
1.1413
1.10377
1.17813
0.985679
1.14164
0.738707
0.74651
1.20381
1.45111
1.20976
0.948752
0.999946
1.38106
1.51368
1.55366
1.30487
1.23617
1.59563
1.86352
1.86513
2.15648
1.71126
2.03859
2.17799
2.01409
2.3279
2.20685
1.70445
1.51967
1.76382
1.76823
1.41769
1.27489
1.61234
1.38215
1.11805
1.56077
2.08263
2.33087
2.18124
2.25928
2.05542
1.85333
1.72718
1.46021
1.40113
1.6006
1.16469
1.08316
1.28541
1.25969
1.62285
1.82502
1.31229
1.09026
1.24203
1.57416
1.12541
1.139
1.08402
1.16405
1.37263
1.62594
1.88404
1.70992
1.74119
1.45449
1.37971
1.19335
0.983056
0.86736
1.166
1.01796
1.28457
1.58818
1.46939
1.65819
1.97944
1.98791
2.04939
2.12344
2.52725
2.01917
1.86097
1.7111
1.48504
1.53544
1.82223
1.69154
2.03462
2.29753
2.31247
2.64133
2.70733
2.30765
2.32722
2.40584
2.13266
1.94201
1.97987
1.9198
1.6545
1.68084
2.01809
2.30572
1.94703
2.37105
2.32979
2.11221
2.06359
1.71693
1.58583
1.99353
1.50838
1.28566
1.24718
1.42496
1.29183
1.60838
1.74354
1.54479
2.14043
1.55469
1.75216
1.74662
1.98057
1.98692
1.70333
1.95582
2.27859
2.646
2.69719
2.43576
2.54918
1.87114
2.24957
2.08466
1.47925
2.18328
2.07219
2.59621
2.56913
2.45179
2.35458
2.52203
2.16229
2.07415
1.62342
1.75588
2.09727
1.95922
1.8297
1.84836
2.33113
2.28672
2.55448
2.66649
2.39773
2.25027
2.27359
2.58251
2.4185
2.39097
2.50275
2.3892
1.73295
0.989939
1.29234
1.08355
1.57609
1.55247
1.87027
2.16058
2.47049
2.41462
2.40269
2.12523
2.12824
2.24286
2.41315
2.02372
1.94931
2.04811
1.78456
2.18786
1.96966
1.70502
1.83968
1.71411
1.41553
1.10743
1.05533
1.20053
1.30065
1.20725
1.62907
1.82438
1.67443
1.98561
2.16144
2.10619
2.15343
2.30092
2.04529
1.82635
1.85631
1.82632
1.53844
1.64859
1.77864
1.44831
1.52463
1.9065
1.96049
1.71504
1.7432
1.40891
1.16043
1.15069
1.13403
1.58958
1.57474
1.44329
1.40837
1.38409
1.23352
1.2266
1.18375
1.33749
1.48308
1.22033
1.24283
0.916313
0.906395
1.07221
1.19812
1.05972
1.21443
1.37935
1.8086
1.57177
1.46382
1.31622
1.01084
0.961832
1.1625
1.09164
1.42036
1.24937
1.65653
1.53072
1.32932
1.44426
1.7016
1.56471
1.49168
1.45365
1.19732
1.07905
1.20261
1.09253
1.09296
1.68856
1.56657
1.67306
1.50687
1.2931
1.15636
1.32289
1.01724
1.28055
0.70686
0.584933
0.635419
0.706276
0.835818
1.15535
1.3069
0.854691
0.631825
0.613845
0.528194
0.911157
0.831574
1.08612
1.21589
1.13909
0.917805
0.811635
0.770949
1.13136
1.0683
1.40964
0.921548
0.499017
0.588476
0.640828
0.334804
0.822451
1.15711
1.36551
1.8733
1.95936
1.79425
1.4637
1.00155
1.46879
1.91397
1.7072
1.77621
1.7883
1.35425
1.26911
1.04224
1.09972
0.878834
1.15684
1.24513
1.34671
1.66764
1.31719
1.79319
1.59766
1.71848
1.35579
1.42639
2.03357
2.48729
1.39716
1.33725
0.887124
1.21216
1.27549
1.45676
1.29542
0.939925
0.987421
1.27054
0.919632
0.805182
1.0108
1.13992
1.07253
1.66693
1.33742
1.3637
1.43262
1.03412
1.0126
1.36127
1.07455
0.910208
1.16911
1.06841
1.16606
1.08544
0.750093
1.09249
1.3633
1.42746
1.21099
1.2182
1.48398
2.00149
1.77727
1.59466
1.69938
1.82073
1.53892
1.17242
1.10431
1.00072
0.874174
1.19261
1.14664
0.945338
1.05549
0.823306
1.24377
1.64871
1.8488
1.35103
1.1581
1.04093
1.31021
1.18219
1.3025
0.886455
0.741697
0.841965
0.836256
0.911011
0.989803
1.0223
1.07326
1.11053
1.18458
1.18791
0.896771
0.703167
0.681359
0.951984
1.46877
1.20557
0.998848
0.683951
0.677046
1.06616
1.27879
1.16336
1.4814
1.31497
1.24034
1.42185
1.71027
1.47952
1.63543
1.80553
1.70727
1.7551
1.58225
1.7882
1.6744
1.48872
1.24864
1.66351
1.48917
1.48626
1.57228
2.03282
2.27054
2.44018
2.51507
2.52873
1.87779
2.04398
1.98754
2.28274
1.92503
1.84473
1.74851
1.92959
1.65876
1.87443
1.78285
1.77453
1.55095
1.74732
1.48237
1.47045
2.11526
1.89938
1.59202
1.07234
1.10395
1.2176
0.990248
1.01052
1.13699
1.42077
1.40903
1.53459
1.30294
1.72081
1.72533
1.60297
1.73135
1.54677
1.13221
0.968917
0.929334
1.02229
0.764698
0.844834
0.894584
0.963137
0.736625
0.960898
0.87131
1.55329
1.48079
1.09137
1.04227
1.34627
1.08888
0.973862
1.11715
1.17606
1.29813
1.19535
1.07035
0.977117
0.73614
1.09105
1.37884
1.17661
1.00607
1.14645
1.0941
1.28455
1.45909
1.58929
1.54591
1.65468
1.88242
1.3581
1.51302
1.74242
1.67832
1.77844
1.53437
1.44577
1.58365
1.29328
1.14345
0.722625
1.17605
1.4569
0.785883
0.799172
1.18301
1.37004
1.63427
1.82982
1.88963
1.4621
1.53073
1.65742
1.41892
1.54949
1.18918
1.08672
0.724487
1.00399
1.12768
1.49702
1.50481
1.38725
1.57444
1.52498
1.41593
1.55624
1.62365
1.63209
1.93129
1.67606
1.90842
2.1831
2.07658
1.65812
1.33388
0.816304
1.25622
1.34227
1.30308
1.52296
1.64317
1.53959
1.78026
1.48482
1.52819
1.64955
1.52123
1.53111
2.11222
2.17646
1.8138
1.92391
1.93875
1.56252
1.55849
1.42205
1.42784
1.24845
1.70242
1.6442
1.47336
1.3266
1.39762
1.03109
1.11624
0.840767
1.12602
1.20229
1.71357
1.67466
1.73417
2.04744
1.68544
1.84167
1.80703
1.52239
1.29525
1.64534
1.6093
1.31487
0.897105
0.949158
1.29648
1.07669
0.495635
1.16088
1.25543
1.24279
1.47483
1.65199
1.6668
1.57443
2.05491
1.9001
1.99964
1.9345
1.92074
1.68076
1.73555
1.57856
1.72661
2.10963
1.98462
1.85808
1.80663
1.55659
1.83838
1.72385
1.58761
1.91757
1.62018
1.60312
1.47512
1.72762
1.83319
1.90006
2.22972
1.86216
2.04592
2.06399
2.43657
2.40415
2.6074
2.30964
2.52281
2.84291
2.8156
2.34439
1.98313
1.87763
1.76624
1.64232
1.77906
2.09507
1.94701
2.30267
1.79144
2.02417
1.813
2.00908
1.86886
1.88665
1.70952
1.83574
2.02665
2.56698
2.36335
2.65417
2.26616
2.2546
1.92363
2.13405
1.92709
1.67569
1.56187
1.85604
1.47992
2.03844
2.64915
2.37754
2.57706
2.33055
1.7295
1.75347
1.70664
1.81358
1.81244
2
2.12512
2.04179
1.90809
2.16116
2.11262
1.49293
1.9453
2.05176
1.60235
1.68697
1.94885
1.96253
2.18536
1.9457
2.00049
2.10138
2.15294
1.98423
1.57354
1.2746
1.2919
1.33026
1.16226
1.21982
1.13066
1.17357
1.24288
1.37372
1.66178
1.42787
1.493
1.37735
1.28328
1.24923
1.62438
1.48394
0.943381
1.18738
1.58354
1.51251
1.03178
0.784964
0.473464
0.890908
1.05829
0.797177
1.02893
1.23404
1.36273
0.968128
1.01223
1.24735
1.50124
1.18424
0.928332
1.11052
1.19782
1.4596
1.56714
1.87104
1.57867
1.02755
1.10049
1.18317
1.004
1.02426
1.06803
0.682951
0.536462
0.55024
0.916248
1.06482
1.05044
1.59265
1.38833
1.19374
1.14448
1.54774
1.68529
1.56146
1.14988
1.12468
1.35955
0.724367
0.890449
1.12995
1.55396
1.11799
1.05994
1.32754
1.03025
1.09358
0.975711
1.13142
0.297458
0.040859
0.474904
0.272741
0.612656
0.804924
0.963826
0.914114
0.809451
0.979633
0.72895
0.702137
0.670441
0.542723
0.468488
0.580439
0.620616
1.01916
1.4374
1.55273
1.58567
1.25479
1.24031
0.767612
0.799623
0.75278
1.15865
1.08779
0.800864
0.681276
0.792047
1.13648
1.25876
1.28245
1.31691
0.759765
0.889902
0.924895
0.776501
0.789818
0.785508
0.734636
0.929337
0.812088
0.566985
0.676411
1.11152
1.2209
1.63673
1.42474
1.37157
1.30084
1.59921
1.44327
1.11447
0.792807
0.757719
0.733555
1.3652
1.10503
0.910517
0.922216
0.87734
0.670417
0.492689
0.591885
0.86011
0.882481
0.838925
0.863659
0.937696
1.18983
1.73703
1.63172
1.32559
1.34792
0.933354
1.17108
0.944179
1.24723
1.00723
0.853562
0.873458
0.721202
0.869897
1.16897
1.35004
1.40132
1.26078
1.74777
2.28221
2.40133
2.9828
2.37158
2.51767
2.31464
2.21685
2.22029
1.63568
1.54924
1.61366
1.98766
1.83855
1.71507
1.80598
1.51104
1.50735
1.82885
1.67099
1.45247
1.53664
1.40539
1.37588
1.27101
1.57928
1.74097
1.97584
2.23297
2.20321
1.87803
1.78147
2.00019
2.17434
2.67847
2.44017
