0           0           0
0.064633           0           0
0.129266           0           0
0.193899           0           0
0.258532           0           0
0.323165           0           0
0.387798           0           0
0.452431           0           0
0.517064           0           0
0.581697           0           0
0.64633           0           0
0.710963           0           0
0.775596           0           0
0.84023 0.000935441 0.000216218
0.904863    0.153556  0.00406603
0.969496     1.09436   0.0141009
1.03413     2.05515   0.0266564
1.09876     2.25648   0.0359791
1.16339     2.10357   0.0288516
1.22803      1.8408   0.0237672
1.29266     1.64999   0.0189214
1.35729     1.46422   0.0152556
1.42193     1.36149   0.0133948
1.48656     1.27833   0.0149371
1.55119     1.22546   0.0141821
1.61583     1.17337   0.0140067
1.68046     1.13211   0.0132962
1.74509     1.10625   0.0126549
1.80973     1.10854   0.0124128
1.87436     1.09819   0.0124938
1.93899     1.08846   0.0124684
2.00362     1.09135   0.0118874
2.06826     1.08396   0.0107158
2.13289     1.07489     0.01093
2.19752     1.07133   0.0104755
2.26216     1.05899  0.00951406
2.32679      1.0475  0.00989166
2.39142     1.04533  0.00880945
2.45606     1.02995  0.00904232
2.52069     1.02885  0.00941411
2.58532     1.02918  0.00869394
2.64995     1.02232  0.00847678
2.71459     1.01971  0.00783406
2.77922     1.02256  0.00738288
2.84385     1.01227  0.00668125
2.90849     1.01084  0.00707335
2.97312     1.00817  0.00719289
3.03775     1.00432  0.00715706
3.10239     1.00219   0.0067037
3.16702    0.993009  0.00673516
3.23165     1.00056   0.0073155
3.29629     1.00171  0.00675772
3.36092     1.00217  0.00626801
3.42555    0.995544  0.00607408
3.49018    0.997902  0.00644519
3.55482    0.991573  0.00606444
3.61945     1.00091   0.0061475
3.68408    0.991062  0.00593967
3.74872    0.987467  0.00544133
3.81335    0.989736  0.00526153
3.87798    0.992054  0.00456563
3.94262    0.991604  0.00513413
4.00725    0.990136  0.00462208
4.07188    0.994549  0.00474963
4.13651    0.992418  0.00519985
4.20115    0.986416  0.00491605
4.26578    0.985989  0.00473747
4.33041    0.984953  0.00451463
4.39505    0.979526  0.00454134
4.45968    0.986236  0.00409073
4.52431    0.984818   0.0044041
4.58895    0.985065  0.00404001
4.65358     0.99123  0.00424916
4.71821    0.988517  0.00392403
4.78285      0.9943  0.00394631
4.84748    0.991599  0.00381562
4.91211    0.991945  0.00362488
4.97674    0.988908  0.00344903
5.04138     0.99121  0.00353511
5.10601    0.991372  0.00355419
5.17064    0.991616  0.00351268
5.23528    0.991149  0.00336683
5.29991    0.988841  0.00315388
5.36454    0.991256  0.00328283
5.42918    0.989859  0.00346161
5.49381    0.987707  0.00313324
5.55844    0.987318  0.00281333
5.62307    0.986761  0.00268618
5.68771    0.986745  0.00356348
5.75234    0.987435  0.00325274
5.81697    0.986824  0.00308038
5.88161    0.987331  0.00299051
5.94624     0.98777  0.00317203
6.01087    0.986188  0.00286712
6.07551    0.985917  0.00272286
6.14014    0.988037  0.00287016
6.20477    0.981937  0.00261333
6.2694    0.983954  0.00254709
6.33404     0.98492  0.00260146
6.39867    0.983202  0.00265765
