0           0           0
0.0230664           0           0
0.0461329           0           0
0.0691993           0           0
0.0922657           0           0
0.115332           0           0
0.138399           0           0
0.161465           0           0
0.184531           0           0
0.207598           0           0
0.230664           0           0
0.253731           0           0
0.276797           0           0
0.299864           0           0
0.32293           0           0
0.345996           0           0
0.369063           0           0
0.392129           0           0
0.415196           0           0
0.438262           0           0
0.461329           0           0
0.484395           0           0
0.507461           0           0
0.530528           0           0
0.553594           0           0
0.576661           0           0
0.599727           0           0
0.622794           0           0
0.64586           0           0
0.668926           0           0
0.691993           0           0
0.715059           0           0
0.738126           0           0
0.761192           0           0
0.784259           0           0
0.807325           0           0
0.830391           0           0
0.853458           0           0
0.876524           0           0
0.899591   0.0029243  0.00106792
0.922657   0.0396888  0.00253195
0.945724    0.291366  0.00462753
0.96879     1.01775   0.0108829
0.991856     2.26009   0.0117666
1.01492     3.56389   0.0197791
1.03799     4.68788   0.0324027
1.06106     4.87554   0.0271012
1.08412     4.49512   0.0337271
1.10719     3.62834   0.0148344
1.13026     2.67644   0.0258966
1.15332     1.83714   0.0176425
1.17639     1.15843  0.00976034
1.19945    0.655248  0.00650135
1.22252    0.348233   0.0109146
1.24559    0.178947  0.00544335
1.26865   0.0818362  0.00519477
1.29172   0.0427464  0.00328488
1.31479    0.042428  0.00217494
1.33785   0.0581151  0.00189964
1.36092    0.105135  0.00404549
1.38399    0.178705   0.0044642
1.40705    0.294607  0.00922591
1.43012    0.456973  0.00617548
1.45319    0.633494  0.00717883
1.47625    0.795338  0.00874693
1.49932    0.923336    0.013074
1.52238    0.969943   0.0132981
1.54545    0.939168    0.013627
1.56852    0.815051   0.0145579
1.59158    0.643415  0.00539831
1.61465    0.468921  0.00873486
1.63772    0.315215  0.00705053
1.66078    0.218866  0.00556376
1.68385    0.186795  0.00692305
1.70692    0.247205  0.00425393
1.72998    0.429323  0.00516149
1.75305    0.761887   0.0100238
1.77612     1.20478   0.0126154
1.79918     1.73782  0.00871864
1.82225     2.20862   0.0137791
1.84531     2.58411   0.0185106
1.86838      2.6933   0.0203761
1.89145     2.57471   0.0135985
1.91451     2.20685   0.0118328
1.93758     1.69431   0.0104534
1.96065     1.21215  0.00875152
1.98371    0.805539   0.0107862
2.00678    0.535942  0.00681788
2.02985    0.418887  0.00755622
2.05291    0.458681  0.00791372
2.07598    0.582631  0.00823033
2.09905    0.757141  0.00705837
2.12211    0.921578  0.00715253
2.14518      1.0204   0.0100346
2.16824     1.00965   0.0104041
2.19131    0.920558    0.010006
2.21438      0.7844  0.00620272
2.23744    0.652304  0.00718597
2.26051    0.569251  0.00939996
2.28358    0.563252  0.00707728
