           1           0           0           0
           1   0.0230664           0           0
           1   0.0461329           0           0
           1   0.0691993           0           0
           1   0.0922657           0           0
           1    0.115332           0           0
           1    0.138399           0           0
           1    0.161465           0           0
           1    0.184531           0           0
           1    0.207598           0           0
           1    0.230664           0           0
           1    0.253731           0           0
           1    0.276797           0           0
           1    0.299864           0           0
           1     0.32293           0           0
           1    0.345996           0           0
           1    0.369063           0           0
           1    0.392129           0           0
           1    0.415196           0           0
           1    0.438262           0           0
           1    0.461329           0           0
           1    0.484395           0           0
           1    0.507461           0           0
           1    0.530528           0           0
           1    0.553594           0           0
           1    0.576661           0           0
           1    0.599727           0           0
           1    0.622794           0           0
           1     0.64586           0           0
           1    0.668926           0           0
           1    0.691993           0           0
           1    0.715059           0           0
           1    0.738126           0           0
           1    0.761192           0           0
           1    0.784259           0           0
           1    0.807325           0           0
           1    0.830391           0           0
           1    0.853458           0           0
           1    0.876524           0           0
           1    0.899591           0           0
           1    0.922657           0           0
           1    0.945724           0           0
           1     0.96879           0           0
           1    0.991856           0           0
           1     1.01492           0           0
           1     1.03799           0           0
           1     1.06106           0           0
           1     1.08412           0           0
           1     1.10719           0           0
           1     1.13026           0           0
           1     1.15332           0           0
           1     1.17639           0           0
           1     1.19945           0           0
           1     1.22252           0           0
           1     1.24559           0           0
           1     1.26865           0           0
           1     1.29172           0           0
           1     1.31479           0           0
           1     1.33785           0           0
           1     1.36092           0           0
           1     1.38399           0           0
           1     1.40705           0           0
           1     1.43012           0           0
           1     1.45319           0           0
           1     1.47625           0           0
           1     1.49932           0           0
           1     1.52238           0           0
           1     1.54545           0           0
           1     1.56852           0           0
           1     1.59158           0           0
           1     1.61465           0           0
           1     1.63772           0           0
           1     1.66078           0           0
           1     1.68385           0           0
           1     1.70692           0           0
           1     1.72998           0           0
           1     1.75305           0           0
           1     1.77612           0           0
           1     1.79918           0           0
           1     1.82225           0           0
           1     1.84531           0           0
           1     1.86838           0           0
           1     1.89145           0           0
           1     1.91451           0           0
           1     1.93758           0           0
           1     1.96065           0           0
           1     1.98371           0           0
           1     2.00678           0           0
           1     2.02985           0           0
           1     2.05291           0           0
           1     2.07598           0           0
           1     2.09905           0           0
           1     2.12211           0           0
           1     2.14518           0           0
           1     2.16824           0           0
           1     2.19131           0           0
           1     2.21438           0           0
           1     2.23744           0           0
           1     2.26051           0           0
           1     2.28358           0           0
           2           0           0           0
           2   0.0230664           0           0
           2   0.0461329           0           0
           2   0.0691993           0           0
           2   0.0922657           0           0
           2    0.115332           0           0
           2    0.138399           0           0
           2    0.161465           0           0
           2    0.184531           0           0
           2    0.207598           0           0
           2    0.230664           0           0
           2    0.253731           0           0
           2    0.276797           0           0
           2    0.299864           0           0
           2     0.32293           0           0
           2    0.345996           0           0
           2    0.369063           0           0
           2    0.392129           0           0
           2    0.415196           0           0
           2    0.438262           0           0
           2    0.461329           0           0
           2    0.484395           0           0
           2    0.507461           0           0
           2    0.530528           0           0
           2    0.553594           0           0
           2    0.576661           0           0
           2    0.599727           0           0
           2    0.622794           0           0
           2     0.64586           0           0
           2    0.668926           0           0
           2    0.691993           0           0
           2    0.715059           0           0
           2    0.738126           0           0
           2    0.761192           0           0
           2    0.784259           0           0
           2    0.807325           0           0
           2    0.830391           0           0
           2    0.853458           0           0
           2    0.876524           0           0
           2    0.899591           0  0.00192388
           2    0.922657           0  0.00412593
           2    0.945724           0  0.00735196
           2     0.96879           0   0.0455353
           2    0.991856           0  0.00646075
           2     1.01492           0   0.0492514
           2     1.03799           0    0.136243
           2     1.06106           0   0.0568937
           2     1.08412           0   0.0612724
           2     1.10719           0   0.0317177
           2     1.13026           0   0.0885633
           2     1.15332           0   0.0154944
           2     1.17639           0   0.0218539
           2     1.19945           0  0.00772263
           2     1.22252           0   0.0383845
           2     1.24559           0   0.0184485
           2     1.26865           0   0.0158406
           2     1.29172           0  0.00798438
           2     1.31479           0  0.00868304
           2     1.33785           0 0.000127585
           2     1.36092           0   0.0107454
           2     1.38399           0 4.47335e-05
           2     1.40705           0  0.00549791
           2     1.43012           0   0.0109961
           2     1.45319           0  0.00741749
           2     1.47625           0   0.0335062
           2     1.49932           0  0.00414724
           2     1.52238           0  0.00482567
           2     1.54545           0   0.0485026
           2     1.56852           0   0.0321035
           2     1.59158           0  0.00625987
           2     1.61465           0   0.0259594
           2     1.63772           0  0.00129181
           2     1.66078           0  0.00245054
           2     1.68385           0  0.00239442
           2     1.70692           0  0.00550683
           2     1.72998           0  0.00618536
           2     1.75305           0  0.00540918
           2     1.77612           0   0.0236627
           2     1.79918           0  0.00413623
           2     1.82225           0  0.00696893
           2     1.84531           0   0.0441165
           2     1.86838           0   0.0143879
           2     1.89145           0   0.0129747
           2     1.91451           0    0.012611
           2     1.93758           0   0.0319514
           2     1.96065           0  0.00592064
           2     1.98371           0   0.0203006
           2     2.00678           0    0.008861
           2     2.02985           0  0.00220903
           2     2.05291           0   0.0222807
           2     2.07598           0   0.0101892
           2     2.09905           0   0.0240945
           2     2.12211           0    0.023991
           2     2.14518           0  0.00320275
           2     2.16824           0  0.00712629
           2     2.19131           0   0.0117235
           2     2.21438           0   0.0219613
           2     2.23744           0   0.0112474
           2     2.26051           0   0.0235875
           2     2.28358           0  0.00765747
           3           0           0           0
           3   0.0230664           0           0
           3   0.0461329           0           0
           3   0.0691993           0           0
           3   0.0922657           0           0
           3    0.115332           0           0
           3    0.138399           0           0
           3    0.161465           0           0
           3    0.184531           0           0
           3    0.207598           0           0
           3    0.230664           0           0
           3    0.253731           0           0
           3    0.276797           0           0
           3    0.299864           0           0
           3     0.32293           0           0
           3    0.345996           0           0
           3    0.369063           0           0
           3    0.392129           0           0
           3    0.415196           0           0
           3    0.438262           0           0
           3    0.461329           0           0
           3    0.484395           0           0
           3    0.507461           0           0
           3    0.530528           0           0
           3    0.553594           0           0
           3    0.576661           0           0
           3    0.599727           0           0
           3    0.622794           0           0
           3     0.64586           0           0
           3    0.668926           0           0
           3    0.691993           0           0
           3    0.715059           0           0
           3    0.738126           0           0
           3    0.761192           0           0
           3    0.784259           0           0
           3    0.807325           0           0
           3    0.830391           0           0
           3    0.853458           0           0
           3    0.876524           0           0
           3    0.899591           0  0.00121867
           3    0.922657           0  0.00583242
           3    0.945724           0   0.0112861
           3     0.96879           0    0.028973
           3    0.991856           0   0.0300747
           3     1.01492           0   0.0395554
           3     1.03799           0   0.0812415
           3     1.06106           0   0.0510846
           3     1.08412           0   0.0442608
           3     1.10719           0   0.0250339
           3     1.13026           0   0.0586745
           3     1.15332           0   0.0176448
           3     1.17639           0    0.016633
           3     1.19945           0  0.00564289
           3     1.22252           0   0.0222291
           3     1.24559           0   0.0159302
           3     1.26865           0   0.0144401
           3     1.29172           0  0.00802673
           3     1.31479           0  0.00543599
           3     1.33785           0  0.00340307
           3     1.36092           0  0.00706304
           3     1.38399           0  0.00502513
           3     1.40705           0   0.0172973
           3     1.43012           0   0.0127133
           3     1.45319           0   0.0166146
           3     1.47625           0   0.0218846
           3     1.49932           0   0.0132368
           3     1.52238           0  0.00945804
           3     1.54545           0   0.0304843
           3     1.56852           0   0.0188549
           3     1.59158           0  0.00837545
           3     1.61465           0   0.0286542
           3     1.63772           0   0.0161915
           3     1.66078           0  0.00231118
           3     1.68385           0  0.00313344
           3     1.70692           0  0.00449643
           3     1.72998           0  0.00429561
           3     1.75305           0   0.0202807
           3     1.77612           0   0.0136911
           3     1.79918           0  0.00832416
           3     1.82225           0   0.0313674
           3     1.84531           0   0.0301434
           3     1.86838           0    0.058102
           3     1.89145           0   0.0199069
           3     1.91451           0  0.00738224
           3     1.93758           0   0.0187679
           3     1.96065           0  0.00728507
           3     1.98371           0   0.0140106
           3     2.00678           0  0.00978661
           3     2.02985           0   0.0097952
           3     2.05291           0   0.0202995
           3     2.07598           0   0.0186578
           3     2.09905           0   0.0178837
           3     2.12211           0   0.0138527
           3     2.14518           0   0.0102181
           3     2.16824           0  0.00628788
           3     2.19131           0   0.0204635
           3     2.21438           0    0.014044
           3     2.23744           0   0.0119392
           3     2.26051           0   0.0205132
           3     2.28358           0   0.0146159
           4           0           0           0
           4   0.0230664           0           0
           4   0.0461329           0           0
           4   0.0691993           0           0
           4   0.0922657           0           0
           4    0.115332           0           0
           4    0.138399           0           0
           4    0.161465           0           0
           4    0.184531           0           0
           4    0.207598           0           0
           4    0.230664           0           0
           4    0.253731           0           0
           4    0.276797           0           0
           4    0.299864           0           0
           4     0.32293           0           0
           4    0.345996           0           0
           4    0.369063           0           0
           4    0.392129           0           0
           4    0.415196           0           0
           4    0.438262           0           0
           4    0.461329           0           0
           4    0.484395           0           0
           4    0.507461           0           0
           4    0.530528           0           0
           4    0.553594           0           0
           4    0.576661           0           0
           4    0.599727           0           0
           4    0.622794           0           0
           4     0.64586           0           0
           4    0.668926           0           0
           4    0.691993           0           0
           4    0.715059           0           0
           4    0.738126           0           0
           4    0.761192           0           0
           4    0.784259           0           0
           4    0.807325           0           0
           4    0.830391           0           0
           4    0.853458           0           0
           4    0.876524           0           0
           4    0.899591           0   0.0011869
           4    0.922657           0  0.00412418
           4    0.945724           0  0.00878643
           4     0.96879           0   0.0207453
           4    0.991856           0   0.0213356
           4     1.01492           0   0.0449415
           4     1.03799           0   0.0575211
           4     1.06106           0   0.0379271
           4     1.08412           0   0.0338274
           4     1.10719           0   0.0295945
           4     1.13026           0   0.0566544
           4     1.15332           0    0.025072
           4     1.17639           0   0.0120334
           4     1.19945           0  0.00701977
           4     1.22252           0    0.024273
           4     1.24559           0   0.0129498
           4     1.26865           0   0.0103825
           4     1.29172           0  0.00640682
           4     1.31479           0  0.00479189
           4     1.33785           0  0.00418027
           4     1.36092           0  0.00615643
           4     1.38399           0   0.0073632
           4     1.40705           0   0.0160747
           4     1.43012           0  0.00965887
           4     1.45319           0   0.0123341
           4     1.47625           0   0.0181469
           4     1.49932           0   0.0346056
           4     1.52238           0    0.015315
           4     1.54545           0   0.0216254
           4     1.56852           0   0.0204431
           4     1.59158           0  0.00594102
           4     1.61465           0   0.0202671
           4     1.63772           0   0.0123875
           4     1.66078           0   0.0091804
           4     1.68385           0   0.0127537
           4     1.70692           0  0.00715804
           4     1.72998           0  0.00765478
           4     1.75305           0   0.0190259
           4     1.77612           0    0.018049
           4     1.79918           0   0.0105363
           4     1.82225           0    0.022383
           4     1.84531           0   0.0347325
           4     1.86838           0   0.0499662
           4     1.89145           0   0.0161214
           4     1.91451           0  0.00906557
           4     1.93758           0   0.0173028
           4     1.96065           0   0.0084501
           4     1.98371           0   0.0145152
           4     2.00678           0   0.0118265
           4     2.02985           0   0.0145927
           4     2.05291           0    0.018392
           4     2.07598           0   0.0148733
           4     2.09905           0   0.0149981
           4     2.12211           0  0.00980024
           4     2.14518           0   0.0112954
           4     2.16824           0  0.00971325
           4     2.19131           0   0.0175857
           4     2.21438           0    0.010822
           4     2.23744           0  0.00851886
           4     2.26051           0    0.018564
           4     2.28358           0   0.0151546
           5           0           0           0
           5   0.0230664           0           0
           5   0.0461329           0           0
           5   0.0691993           0           0
           5   0.0922657           0           0
           5    0.115332           0           0
           5    0.138399           0           0
           5    0.161465           0           0
           5    0.184531           0           0
           5    0.207598           0           0
           5    0.230664           0           0
           5    0.253731           0           0
           5    0.276797           0           0
           5    0.299864           0           0
           5     0.32293           0           0
           5    0.345996           0           0
           5    0.369063           0           0
           5    0.392129           0           0
           5    0.415196           0           0
           5    0.438262           0           0
           5    0.461329           0           0
           5    0.484395           0           0
           5    0.507461           0           0
           5    0.530528           0           0
           5    0.553594           0           0
           5    0.576661           0           0
           5    0.599727           0           0
           5    0.622794           0           0
           5     0.64586           0           0
           5    0.668926           0           0
           5    0.691993           0           0
           5    0.715059           0           0
           5    0.738126           0           0
           5    0.761192           0           0
           5    0.784259           0           0
           5    0.807325           0           0
           5    0.830391           0           0
           5    0.853458           0           0
           5    0.876524           0           0
           5    0.899591           0   0.0010226
           5    0.922657           0  0.00325461
           5    0.945724           0   0.0091545
           5     0.96879           0   0.0160718
           5    0.991856           0   0.0169763
           5     1.01492           0   0.0351203
           5     1.03799           0   0.0450023
           5     1.06106           0   0.0301245
           5     1.08412           0   0.0395158
           5     1.10719           0   0.0253171
           5     1.13026           0   0.0501874
           5     1.15332           0   0.0350095
           5     1.17639           0   0.0133996
           5     1.19945           0  0.00935763
           5     1.22252           0   0.0190251
           5     1.24559           0   0.0107781
           5     1.26865           0  0.00810923
           5     1.29172           0  0.00506727
           5     1.31479           0  0.00381887
           5     1.33785           0  0.00328364
           5     1.36092           0  0.00541424
           5     1.38399           0  0.00585151
           5     1.40705           0   0.0138424
           5     1.43012           0  0.00749261
           5     1.45319           0  0.00956891
           5     1.47625           0   0.0146962
           5     1.49932           0   0.0268064
           5     1.52238           0   0.0118634
           5     1.54545           0   0.0238912
           5     1.56852           0   0.0181914
           5     1.59158           0  0.00470013
           5     1.61465           0    0.015888
           5     1.63772           0  0.00961858
           5     1.66078           0  0.00778024
           5     1.68385           0   0.0100047
           5     1.70692           0  0.00807582
           5     1.72998           0   0.0069532
           5     1.75305           0   0.0148174
           5     1.77612           0   0.0150834
           5     1.79918           0   0.0119246
           5     1.82225           0   0.0183072
           5     1.84531           0   0.0272153
           5     1.86838           0   0.0413823
           5     1.89145           0   0.0135691
           5     1.91451           0  0.00840874
           5     1.93758           0   0.0149847
           5     1.96065           0  0.00900584
           5     1.98371           0   0.0140114
           5     2.00678           0  0.00955779
           5     2.02985           0   0.0125073
           5     2.05291           0   0.0148708
           5     2.07598           0   0.0128779
           5     2.09905           0   0.0117194
           5     2.12211           0  0.00781037
           5     2.14518           0   0.0100733
           5     2.16824           0   0.0205459
           5     2.19131           0   0.0196409
           5     2.21438           0  0.00937731
           5     2.23744           0  0.00676202
           5     2.26051           0   0.0173561
           5     2.28358           0   0.0122637
           6           0           0           0
           6   0.0230664           0           0
           6   0.0461329           0           0
           6   0.0691993           0           0
           6   0.0922657           0           0
           6    0.115332           0           0
           6    0.138399           0           0
           6    0.161465           0           0
           6    0.184531           0           0
           6    0.207598           0           0
           6    0.230664           0           0
           6    0.253731           0           0
           6    0.276797           0           0
           6    0.299864           0           0
           6     0.32293           0           0
           6    0.345996           0           0
           6    0.369063           0           0
           6    0.392129           0           0
           6    0.415196           0           0
           6    0.438262           0           0
           6    0.461329           0           0
           6    0.484395           0           0
           6    0.507461           0           0
           6    0.530528           0           0
           6    0.553594           0           0
           6    0.576661           0           0
           6    0.599727           0           0
           6    0.622794           0           0
           6     0.64586           0           0
           6    0.668926           0           0
           6    0.691993           0           0
           6    0.715059           0           0
           6    0.738126           0           0
           6    0.761192           0           0
           6    0.784259           0           0
           6    0.807325           0           0
           6    0.830391           0           0
           6    0.853458           0           0
           6    0.876524           0           0
           6    0.899591           0 0.000886703
           6    0.922657           0  0.00298406
           6    0.945724           0  0.00757167
           6     0.96879           0    0.013123
           6    0.991856           0   0.0173953
           6     1.01492           0    0.028782
           6     1.03799           0   0.0447156
           6     1.06106           0   0.0257234
           6     1.08412           0   0.0364664
           6     1.10719           0   0.0223571
           6     1.13026           0   0.0411183
           6     1.15332           0   0.0286465
           6     1.17639           0   0.0136765
           6     1.19945           0  0.00765066
           6     1.22252           0   0.0155386
           6     1.24559           0  0.00895911
           6     1.26865           0  0.00671617
           6     1.29172           0  0.00413815
           6     1.31479           0   0.0031181
           6     1.33785           0  0.00279806
           6     1.36092           0  0.00442093
           6     1.38399           0   0.0048256
           6     1.40705           0   0.0127332
           6     1.43012           0  0.00640298
           6     1.45319           0  0.00794527
           6     1.47625           0   0.0127577
           6     1.49932           0   0.0221475
           6     1.52238           0   0.0100594
           6     1.54545           0   0.0213274
           6     1.56852           0   0.0223973
           6     1.59158           0  0.00595568
           6     1.61465           0   0.0140783
           6     1.63772           0  0.00953654
           6     1.66078           0  0.00635499
           6     1.68385           0   0.0105044
           6     1.70692           0  0.00667132
           6     1.72998           0  0.00805327
           6     1.75305           0   0.0129677
           6     1.77612           0   0.0127016
           6     1.79918           0   0.0104167
           6     1.82225           0     0.01507
           6     1.84531           0   0.0225506
           6     1.86838           0   0.0339379
           6     1.89145           0   0.0140838
           6     1.91451           0   0.0122764
           6     1.93758           0   0.0123807
           6     1.96065           0   0.0105183
           6     1.98371           0   0.0119897
           6     2.00678           0  0.00780524
           6     2.02985           0   0.0117347
           6     2.05291           0   0.0129367
           6     2.07598           0   0.0130085
           6     2.09905           0   0.0104901
           6     2.12211           0   0.0074157
           6     2.14518           0  0.00859245
           6     2.16824           0   0.0170084
           6     2.19131           0   0.0160431
           6     2.21438           0  0.00799563
           6     2.23744           0  0.00677271
           6     2.26051           0   0.0141714
           6     2.28358           0   0.0100927
           7           0           0           0
           7   0.0230664           0           0
           7   0.0461329           0           0
           7   0.0691993           0           0
           7   0.0922657           0           0
           7    0.115332           0           0
           7    0.138399           0           0
           7    0.161465           0           0
           7    0.184531           0           0
           7    0.207598           0           0
           7    0.230664           0           0
           7    0.253731           0           0
           7    0.276797           0           0
           7    0.299864           0           0
           7     0.32293           0           0
           7    0.345996           0           0
           7    0.369063           0           0
           7    0.392129           0           0
           7    0.415196           0           0
           7    0.438262           0           0
           7    0.461329           0           0
           7    0.484395           0           0
           7    0.507461           0           0
           7    0.530528           0           0
           7    0.553594           0           0
           7    0.576661           0           0
           7    0.599727           0           0
           7    0.622794           0           0
           7     0.64586           0           0
           7    0.668926           0           0
           7    0.691993           0           0
           7    0.715059           0           0
           7    0.738126           0           0
           7    0.761192           0           0
           7    0.784259           0           0
           7    0.807325           0           0
           7    0.830391           0           0
           7    0.853458           0           0
           7    0.876524           0           0
           7    0.899591           0 0.000933337
           7    0.922657           0  0.00265415
           7    0.945724           0  0.00655982
           7     0.96879           0   0.0112716
           7    0.991856           0   0.0153796
           7     1.01492           0   0.0269312
           7     1.03799           0   0.0419432
           7     1.06106           0   0.0318164
           7     1.08412           0   0.0435337
           7     1.10719           0   0.0192455
           7     1.13026           0   0.0359149
           7     1.15332           0   0.0242613
           7     1.17639           0   0.0117405
           7     1.19945           0  0.00862471
           7     1.22252           0   0.0131827
           7     1.24559           0  0.00764037
           7     1.26865           0  0.00575783
           7     1.29172           0  0.00381601
           7     1.31479           0  0.00300914
           7     1.33785           0  0.00253678
           7     1.36092           0  0.00384618
           7     1.38399           0  0.00488857
           7     1.40705           0   0.0116558
           7     1.43012           0  0.00544359
           7     1.45319           0     0.00891
           7     1.47625           0   0.0108832
           7     1.49932           0   0.0187192
           7     1.52238           0  0.00943099
           7     1.54545           0   0.0180289
           7     1.56852           0   0.0202754
           7     1.59158           0   0.0060643
           7     1.61465           0   0.0124215
           7     1.63772           0  0.00806047
           7     1.66078           0   0.0055146
           7     1.68385           0  0.00888589
           7     1.70692           0  0.00599274
           7     1.72998           0  0.00681578
           7     1.75305           0   0.0135994
           7     1.77612           0   0.0126409
           7     1.79918           0   0.0109366
           7     1.82225           0   0.0136981
           7     1.84531           0   0.0190671
           7     1.86838           0   0.0287993
           7     1.89145           0   0.0139104
           7     1.91451           0    0.010566
           7     1.93758           0   0.0107714
           7     1.96065           0   0.0108176
           7     1.98371           0   0.0101334
           7     2.00678           0  0.00661615
           7     2.02985           0   0.0100018
           7     2.05291           0   0.0109854
           7     2.07598           0   0.0110659
           7     2.09905           0  0.00893302
           7     2.12211           0  0.00867671
           7     2.14518           0  0.00781752
           7     2.16824           0   0.0144315
           7     2.19131           0   0.0135706
           7     2.21438           0  0.00814587
           7     2.23744           0  0.00600315
           7     2.26051           0   0.0125876
           7     2.28358           0    0.008732
           8           0           0           0
           8   0.0230664           0           0
           8   0.0461329           0           0
           8   0.0691993           0           0
           8   0.0922657           0           0
           8    0.115332           0           0
           8    0.138399           0           0
           8    0.161465           0           0
           8    0.184531           0           0
           8    0.207598           0           0
           8    0.230664           0           0
           8    0.253731           0           0
           8    0.276797           0           0
           8    0.299864           0           0
           8     0.32293           0           0
           8    0.345996           0           0
           8    0.369063           0           0
           8    0.392129           0           0
           8    0.415196           0           0
           8    0.438262           0           0
           8    0.461329           0           0
           8    0.484395           0           0
           8    0.507461           0           0
           8    0.530528           0           0
           8    0.553594           0           0
           8    0.576661           0           0
           8    0.599727           0           0
           8    0.622794           0           0
           8     0.64586           0           0
           8    0.668926           0           0
           8    0.691993           0           0
           8    0.715059           0           0
           8    0.738126           0           0
           8    0.761192           0           0
           8    0.784259           0           0
           8    0.807325           0           0
           8    0.830391           0           0
           8    0.853458           0           0
           8    0.876524           0           0
           8    0.899591           0  0.00134348
           8    0.922657           0  0.00298835
           8    0.945724           0   0.0057053
           8     0.96879           0   0.0129403
           8    0.991856           0   0.0134552
           8     1.01492           0   0.0249422
           8     1.03799           0   0.0379349
           8     1.06106           0   0.0311573
           8     1.08412           0   0.0386869
           8     1.10719           0   0.0181195
           8     1.13026           0   0.0318747
           8     1.15332           0   0.0223652
           8     1.17639           0   0.0110885
           8     1.19945           0  0.00747765
           8     1.22252           0   0.0122622
           8     1.24559           0  0.00664395
           8     1.26865           0  0.00508819
           8     1.29172           0  0.00331823
           8     1.31479           0   0.0026082
           8     1.33785           0  0.00225842
           8     1.36092           0  0.00349015
           8     1.38399           0  0.00502819
           8     1.40705           0   0.0103959
           8     1.43012           0  0.00477667
           8     1.45319           0  0.00900183
           8     1.47625           0  0.00954738
           8     1.49932           0   0.0164751
           8     1.52238           0  0.00944644
           8     1.54545           0   0.0156933
           8     1.56852           0   0.0180378
           8     1.59158           0  0.00638904
           8     1.61465           0   0.0108379
           8     1.63772           0  0.00822086
           8     1.66078           0  0.00584436
           8     1.68385           0  0.00779134
           8     1.70692           0  0.00519064
           8     1.72998           0  0.00591023
           8     1.75305           0   0.0117776
           8     1.77612           0   0.0110427
           8     1.79918           0   0.0094783
           8     1.82225           0    0.013154
           8     1.84531           0   0.0170066
           8     1.86838           0   0.0257133
           8     1.89145           0   0.0170181
           8     1.91451           0  0.00986855
           8     1.93758           0  0.00932828
           8     1.96065           0  0.00983731
           8     1.98371           0  0.00928066
           8     2.00678           0  0.00576824
           8     2.02985           0  0.00883756
           8     2.05291           0  0.00986612
           8     2.07598           0   0.0100002
           8     2.09905           0  0.00773766
           8     2.12211           0  0.00849297
           8     2.14518           0  0.00976332
           8     2.16824           0   0.0125925
           8     2.19131           0   0.0124229
           8     2.21438           0  0.00714332
           8     2.23744           0   0.0089945
           8     2.26051           0   0.0114121
           8     2.28358           0  0.00830132
           9           0           0           0
           9   0.0230664           0           0
           9   0.0461329           0           0
           9   0.0691993           0           0
           9   0.0922657           0           0
           9    0.115332           0           0
           9    0.138399           0           0
           9    0.161465           0           0
           9    0.184531           0           0
           9    0.207598           0           0
           9    0.230664           0           0
           9    0.253731           0           0
           9    0.276797           0           0
           9    0.299864           0           0
           9     0.32293           0           0
           9    0.345996           0           0
           9    0.369063           0           0
           9    0.392129           0           0
           9    0.415196           0           0
           9    0.438262           0           0
           9    0.461329           0           0
           9    0.484395           0           0
           9    0.507461           0           0
           9    0.530528           0           0
           9    0.553594           0           0
           9    0.576661           0           0
           9    0.599727           0           0
           9    0.622794           0           0
           9     0.64586           0           0
           9    0.668926           0           0
           9    0.691993           0           0
           9    0.715059           0           0
           9    0.738126           0           0
           9    0.761192           0           0
           9    0.784259           0           0
           9    0.807325           0           0
           9    0.830391           0           0
           9    0.853458           0           0
           9    0.876524           0           0
           9    0.899591           0  0.00118956
           9    0.922657           0  0.00265559
           9    0.945724           0  0.00503192
           9     0.96879           0   0.0118055
           9    0.991856           0   0.0130106
           9     1.01492           0   0.0220702
           9     1.03799           0   0.0360689
           9     1.06106           0    0.030294
           9     1.08412           0   0.0344748
           9     1.10719           0   0.0160399
           9     1.13026           0   0.0284696
           9     1.15332           0   0.0197245
           9     1.17639           0   0.0106232
           9     1.19945           0  0.00698651
           9     1.22252           0   0.0120649
           9     1.24559           0   0.0060558
           9     1.26865           0  0.00499465
           9     1.29172           0  0.00338374
           9     1.31479           0  0.00238936
           9     1.33785           0  0.00200053
           9     1.36092           0  0.00307817
           9     1.38399           0  0.00443446
           9     1.40705           0  0.00920909
           9     1.43012           0  0.00428739
           9     1.45319           0  0.00800152
           9     1.47625           0  0.00977144
           9     1.49932           0   0.0145594
           9     1.52238           0  0.00868586
           9     1.54545           0    0.015228
           9     1.56852           0   0.0159268
           9     1.59158           0  0.00568275
           9     1.61465           0   0.0096036
           9     1.63772           0   0.0072889
           9     1.66078           0   0.0057017
           9     1.68385           0  0.00687262
           9     1.70692           0  0.00463148
           9     1.72998           0  0.00527748
           9     1.75305           0   0.0107617
           9     1.77612           0    0.014077
           9     1.79918           0   0.0083612
           9     1.82225           0   0.0138478
           9     1.84531           0   0.0198436
           9     1.86838           0    0.022677
           9     1.89145           0   0.0151919
           9     1.91451           0  0.00923511
           9     1.93758           0  0.00834573
           9     1.96065           0  0.00977532
           9     1.98371           0   0.0100849
           9     2.00678           0  0.00515127
           9     2.02985           0  0.00780339
           9     2.05291           0  0.00872839
           9     2.07598           0  0.00881955
           9     2.09905           0  0.00717896
           9     2.12211           0  0.00754808
           9     2.14518           0   0.0103617
           9     2.16824           0   0.0115318
           9     2.19131           0   0.0111275
           9     2.21438           0   0.0068461
           9     2.23744           0  0.00793248
           9     2.26051           0   0.0101596
           9     2.28358           0   0.0074499
          10           0           0           0
          10   0.0230664           0           0
          10   0.0461329           0           0
          10   0.0691993           0           0
          10   0.0922657           0           0
          10    0.115332           0           0
          10    0.138399           0           0
          10    0.161465           0           0
          10    0.184531           0           0
          10    0.207598           0           0
          10    0.230664           0           0
          10    0.253731           0           0
          10    0.276797           0           0
          10    0.299864           0           0
          10     0.32293           0           0
          10    0.345996           0           0
          10    0.369063           0           0
          10    0.392129           0           0
          10    0.415196           0           0
          10    0.438262           0           0
          10    0.461329           0           0
          10    0.484395           0           0
          10    0.507461           0           0
          10    0.530528           0           0
          10    0.553594           0           0
          10    0.576661           0           0
          10    0.599727           0           0
          10    0.622794           0           0
          10     0.64586           0           0
          10    0.668926           0           0
          10    0.691993           0           0
          10    0.715059           0           0
          10    0.738126           0           0
          10    0.761192           0           0
          10    0.784259           0           0
          10    0.807325           0           0
          10    0.830391           0           0
          10    0.853458           0           0
          10    0.876524           0           0
          10    0.899591           0  0.00106792
          10    0.922657           0  0.00253195
          10    0.945724           0  0.00462753
          10     0.96879           0   0.0108829
          10    0.991856           0   0.0117666
          10     1.01492           0   0.0197791
          10     1.03799           0   0.0324027
          10     1.06106           0   0.0271012
          10     1.08412           0   0.0337271
          10     1.10719           0   0.0148344
          10     1.13026           0   0.0258966
          10     1.15332           0   0.0176425
          10     1.17639           0  0.00976034
          10     1.19945           0  0.00650135
          10     1.22252           0   0.0109146
          10     1.24559           0  0.00544335
          10     1.26865           0  0.00519477
          10     1.29172           0  0.00328488
          10     1.31479           0  0.00217494
          10     1.33785           0  0.00189964
          10     1.36092           0  0.00404549
          10     1.38399           0   0.0044642
          10     1.40705           0  0.00922591
          10     1.43012           0  0.00617548
          10     1.45319           0  0.00717883
          10     1.47625           0  0.00874693
          10     1.49932           0    0.013074
          10     1.52238           0   0.0132981
          10     1.54545           0    0.013627
          10     1.56852           0   0.0145579
          10     1.59158           0  0.00539831
          10     1.61465           0  0.00873486
          10     1.63772           0  0.00705053
          10     1.66078           0  0.00556376
          10     1.68385           0  0.00692305
          10     1.70692           0  0.00425393
          10     1.72998           0  0.00516149
          10     1.75305           0   0.0100238
          10     1.77612           0   0.0126154
          10     1.79918           0  0.00871864
          10     1.82225           0   0.0137791
          10     1.84531           0   0.0185106
          10     1.86838           0   0.0203761
          10     1.89145           0   0.0135985
          10     1.91451           0   0.0118328
          10     1.93758           0   0.0104534
          10     1.96065           0  0.00875152
          10     1.98371           0   0.0107862
          10     2.00678           0  0.00681788
          10     2.02985           0  0.00755622
          10     2.05291           0  0.00791372
          10     2.07598           0  0.00823033
          10     2.09905           0  0.00705837
          10     2.12211           0  0.00715253
          10     2.14518           0   0.0100346
          10     2.16824           0   0.0104041
          10     2.19131           0    0.010006
          10     2.21438           0  0.00620272
          10     2.23744           0  0.00718597
          10     2.26051           0  0.00939996
          10     2.28358           0  0.00707728
