0           0           0
0.0256496           0           0
0.0512993           0           0
0.0769489           0           0
0.102599           0           0
0.128248           0           0
0.153898           0           0
0.179547           0           0
0.205197           0           0
0.230847           0           0
0.256496           0           0
0.282146           0           0
0.307796           0           0
0.333445           0           0
0.359095           0           0
0.384745           0           0
0.410394           0           0
0.436044           0           0
0.461694           0           0
0.487343           0           0
0.512993           0           0
0.538642           0           0
0.564292           0           0
0.589942           0           0
0.615591           0           0
0.641241           0           0
0.666891           0           0
0.69254           0           0
0.71819           0           0
0.74384           0           0
0.769489           0           0
0.795139           0           0
0.820788           0           0
0.846438 2.55311e-05 2.55311e-05
0.872088  0.00141111 0.000221863
0.897737   0.0257616  0.00118244
0.923387    0.176882  0.00272876
0.949037    0.597621  0.00542205
0.974686     1.23547   0.0070691
1.00034     1.88118   0.0102236
1.02599     2.34779    0.012509
1.05164     2.54985   0.0105594
1.07728     2.54147   0.0116339
1.10293     2.37137  0.00963332
1.12858     2.17953  0.00911085
1.15423     1.95069   0.0115752
1.17988     1.74709   0.0104745
1.20553     1.54734   0.0073697
1.23118     1.38835  0.00798847
1.25683      1.2369  0.00859256
1.28248     1.11498  0.00741996
1.30813     1.02148  0.00781055
1.33378    0.939281  0.00647971
1.35943    0.875449  0.00577016
1.38508    0.820002  0.00746291
1.41073    0.771954   0.0060582
1.43638     0.73912  0.00566934
1.46203    0.709875  0.00403661
1.48768    0.689952  0.00452286
1.51333    0.678171  0.00493864
1.53898    0.674303  0.00486732
1.56463     0.67211  0.00517382
1.59028    0.679323  0.00504139
1.61593    0.688929  0.00440541
1.64158     0.69983  0.00380885
1.66723    0.726961  0.00434527
1.69288    0.749885  0.00453087
1.71853    0.788177  0.00374973
1.74418    0.820917   0.0040896
1.76983    0.858137  0.00455807
1.79547    0.901423  0.00510248
1.82112    0.939994  0.00582568
1.84677    0.980149  0.00483945
1.87242     1.02262  0.00489419
1.89807     1.06279  0.00525755
1.92372     1.10024  0.00459284
1.94937     1.13568  0.00467555
1.97502     1.16368  0.00504037
2.00067     1.18343  0.00476575
2.02632     1.20097   0.0040661
2.05197     1.20711  0.00540248
2.07762     1.20747   0.0045173
2.10327     1.20202  0.00425762
2.12892     1.19432   0.0038855
2.15457     1.17646  0.00430362
2.18022     1.15013  0.00391386
2.20587     1.12207  0.00413789
2.23152     1.09283  0.00381539
2.25717     1.06455  0.00409857
2.28282     1.03625  0.00392373
2.30847     1.01318  0.00336386
2.33412    0.982512   0.0037676
2.35977    0.960061  0.00350668
2.38542    0.941815  0.00391429
2.41107    0.923866  0.00375593
2.43672    0.911427  0.00389386
2.46237    0.894976  0.00344067
2.48802    0.894472  0.00272288
2.51366     0.89066  0.00304055
2.53931      0.8881  0.00328632
