0           0           0
0.064633           0           0
0.129266           0           0
0.193899           0           0
0.258532           0           0
0.323165           0           0
0.387798           0           0
0.452431           0           0
0.517064           0           0
0.581697           0           0
0.64633           0           0
0.710963           0           0
0.775596           0           0
0.84023 0.000902514 4.60926e-05
0.904863    0.148384 0.000543879
0.969496      1.0618  0.00160275
1.03413      2.0416  0.00269851
1.09876      2.2711  0.00289125
1.16339     2.08661  0.00249773
1.22803     1.83717  0.00198684
1.29266     1.61707  0.00190944
1.35729     1.45351  0.00140807
1.42193     1.33546  0.00136535
1.48656     1.25158  0.00124831
1.55119     1.18876   0.0011309
1.61583     1.14291  0.00095244
1.68046      1.1097  0.00106193
1.74509     1.08832 0.000982668
1.80973     1.07485 0.000899664
1.87436      1.0661 0.000932502
1.93899     1.06063 0.000788618
2.00362     1.05723 0.000836808
2.06826     1.05436 0.000830544
2.13289     1.05166 0.000719417
2.19752     1.04804 0.000870968
2.26216     1.04348 0.000699698
2.32679     1.03637 0.000724474
2.39142     1.03097 0.000637536
2.45606     1.02634 0.000602123
2.52069     1.02243 0.000564563
2.58532     1.01679 0.000601695
2.64995     1.01326 0.000624202
2.71459     1.00921 0.000552674
2.77922     1.00656 0.000565119
2.84385     1.00507 0.000598119
2.90849     1.00336 0.000532121
2.97312     1.00204 0.000584051
3.03775    0.999914 0.000517587
3.10239    0.998519   0.0004599
3.16702    0.998002 0.000512029
3.23165    0.996853 0.000502164
3.29629    0.995573 0.000456672
3.36092    0.995254 0.000424403
3.42555    0.993625 0.000401714
3.49018    0.993119 0.000466441
3.55482    0.992973 0.000422918
3.61945      0.9914 0.000425156
3.68408    0.991232 0.000483332
3.74872     0.99123 0.000422202
3.81335    0.990361 0.000400055
3.87798    0.989507 0.000399497
3.94262    0.990357 0.000367552
4.00725    0.988798 0.000351586
4.07188    0.989627 0.000380302
4.13651    0.988123 0.000362342
4.20115    0.988335 0.000348541
4.26578    0.988949 0.000332681
4.33041    0.988152 0.000361808
4.39505     0.98763 0.000334902
4.45968    0.988085 0.000343328
4.52431    0.987287 0.000280834
4.58895    0.987264 0.000343765
4.65358    0.986941 0.000322459
4.71821    0.986901 0.000305653
4.78285    0.986644 0.000285226
4.84748    0.987225 0.000337093
4.91211    0.986697 0.000293766
4.97674    0.986277 0.000275451
5.04138    0.986788 0.000301896
5.10601    0.985837 0.000275625
5.17064    0.986756 0.000291741
5.23528    0.986735 0.000243483
5.29991    0.986114 0.000258204
5.36454    0.985953 0.000291305
5.42918    0.986208 0.000283606
5.49381    0.986003  0.00027098
5.55844    0.986385 0.000273984
5.62307    0.986051   0.0002534
5.68771    0.985763 0.000271399
5.75234    0.985838 0.000280739
5.81697    0.985748 0.000247532
5.88161    0.985853 0.000248217
5.94624    0.986132 0.000233157
6.01087    0.985624 0.000243641
6.07551    0.985959 0.000226095
6.14014    0.985595 0.000272218
6.20477    0.985853 0.000231647
6.2694    0.985619 0.000238127
6.33404     0.98587 0.000211904
6.39867     0.98581 0.000236266
