0           0           0
0.0256496           0           0
0.0512993           0           0
0.0769489           0           0
0.102599           0           0
0.128248           0           0
0.153898           0           0
0.179547           0           0
0.205197           0           0
0.230847           0           0
0.256496           0           0
0.282146           0           0
0.307796           0           0
0.333445           0           0
0.359095           0           0
0.384745           0           0
0.410394           0           0
0.436044           0           0
0.461694           0           0
0.487343           0           0
0.512993           0           0
0.538642           0           0
0.564292           0           0
0.589942           0           0
0.615591           0           0
0.641241           0           0
0.666891           0           0
0.69254           0           0
0.71819           0           0
0.74384           0           0
0.769489           0           0
0.795139           0           0
0.820788           0           0
0.846438 1.94523e-05 4.31659e-06
0.872088  0.00130313 3.69427e-05
0.897737   0.0241907 0.000164926
0.923387    0.165095 0.000569495
0.949037    0.564744  0.00120356
0.974686     1.20455  0.00171307
1.00034     1.86502  0.00198016
1.02599     2.34054  0.00160729
1.05164     2.55293  0.00165836
1.07728     2.54773  0.00161991
1.10293     2.40489  0.00146074
1.12858     2.19542  0.00165433
1.15423     1.96886  0.00142393
1.17988     1.75307  0.00129513
1.20553     1.55819  0.00126028
1.23118     1.38772  0.00121914
1.25683     1.24497  0.00113335
1.28248     1.12453 0.000987156
1.30813     1.02301 0.000962441
1.33378    0.941298 0.000943769
1.35943    0.872203  0.00090869
1.38508    0.818373 0.000803015
1.41073    0.773104 0.000778439
1.43638    0.738723 0.000758608
1.46203    0.711945 0.000730571
1.48768    0.692069  0.00076777
1.51333    0.679066 0.000710166
1.53898    0.672293 0.000736288
1.56463    0.671499  0.00075064
1.59028    0.676713 0.000724958
1.61593    0.687005 0.000661045
1.64158    0.702666 0.000722241
1.66723    0.722765  0.00070514
1.69288    0.749889 0.000685058
1.71853    0.780823 0.000679256
1.74418    0.815471 0.000706116
1.76983    0.853804 0.000742379
1.79547    0.893049 0.000746268
1.82112    0.936217 0.000738344
1.84677     0.97672 0.000755298
1.87242      1.0179 0.000765762
1.89807      1.0571 0.000858313
1.92372     1.09496 0.000779067
1.94937     1.12958 0.000817242
1.97502     1.16016 0.000655374
2.00067     1.18567 0.000656361
2.02632     1.20426 0.000633824
2.05197     1.21456 0.000606523
2.07762     1.21499 0.000656083
2.10327     1.20954 0.000688122
2.12892     1.19454 0.000656963
2.15457     1.17529 0.000701832
2.18022     1.15231 0.000711176
2.20587     1.12424 0.000649986
2.23152     1.09501 0.000735676
2.25717      1.0665 0.000789565
2.28282     1.03857 0.000708923
2.30847     1.01179  0.00069791
2.33412    0.988628  0.00067305
2.35977    0.965654 0.000639363
2.38542    0.947226 0.000587774
2.41107    0.931376 0.000603217
2.43672    0.918484 0.000631323
2.46237    0.908935 0.000565403
2.48802    0.895064 0.000615114
2.51366    0.885622 0.000559268
2.53931    0.885517 0.000564029
