0           0           0
0.0230664           0           0
0.0461329           0           0
0.0691993           0           0
0.0922657           0           0
0.115332           0           0
0.138399           0           0
0.161465           0           0
0.184531           0           0
0.207598           0           0
0.230664           0           0
0.253731           0           0
0.276797           0           0
0.299864           0           0
0.32293           0           0
0.345996           0           0
0.369063           0           0
0.392129           0           0
0.415196           0           0
0.438262           0           0
0.461329           0           0
0.484395           0           0
0.507461           0           0
0.530528           0           0
0.553594           0           0
0.576661           0           0
0.599727           0           0
0.622794           0           0
0.64586           0           0
0.668926           0           0
0.691993           0           0
0.715059           0           0
0.738126           0           0
0.761192           0           0
0.784259           0           0
0.807325           0           0
0.830391           0           0
0.853458           0           0
0.876524 7.06949e-05 5.74913e-06
0.899591  0.00334055 4.09064e-05
0.922657    0.047324 0.000167297
0.945724      0.2939 0.000491075
0.96879     1.00735  0.00107412
0.991856     2.24207  0.00127367
1.01492     3.62632  0.00127882
1.03799     4.61848  0.00133014
1.06106     4.89581  0.00176499
1.08412     4.49031  0.00186021
1.10719      3.6561  0.00133443
1.13026     2.69298  0.00102979
1.15332     1.81544 0.000655237
1.17639     1.13062 0.000608764
1.19945    0.653967 0.000647617
1.22252    0.354381 0.000526727
1.24559    0.180512 0.000447755
1.26865   0.0894874 0.000339865
1.29172   0.0496918 0.000233464
1.31479   0.0427299 0.000226721
1.33785   0.0610575 0.000236046
1.36092    0.106113 0.000295966
1.38399    0.184395 0.000324686
1.40705    0.300339  0.00037282
1.43012    0.452988 0.000295827
1.45319    0.628334 0.000295918
1.47625    0.796396 0.000438663
1.49932    0.921491 0.000662423
1.52238    0.969973 0.000641818
1.54545     0.92877 0.000601744
1.56852    0.808335 0.000472126
1.59158    0.640998 0.000320577
1.61465    0.465918 0.000268619
1.63772    0.316873  0.00031834
1.66078    0.219929 0.000399133
1.68385     0.19252  0.00049189
1.70692     0.25572 0.000573094
1.72998    0.434721 0.000670935
1.75305    0.749853 0.000720301
1.77612     1.19832 0.000548295
1.79918      1.7274 0.000439432
1.82225      2.2351 0.000721668
1.84531     2.59572  0.00112095
1.86838     2.71193  0.00126844
1.89145     2.55625  0.00120286
1.91451     2.17979  0.00083969
1.93758     1.68997 0.000495093
1.96065      1.2012 0.000380283
1.98371    0.802861 0.000631133
2.00678    0.543353   0.0007024
2.02985    0.435083 0.000661348
2.05291    0.461965 0.000628194
2.07598    0.587243 0.000384149
2.09905     0.75833 0.000268336
2.12211    0.917562 0.000342841
2.14518     1.01352 0.000473502
2.16824      1.0209 0.000449301
2.19131    0.918779 0.000400151
2.21438    0.780116 0.000247835
2.23744     0.65407 0.000334999
2.26051    0.572624 0.000528371
2.28358     0.57399 0.000670461
