           1    -5.45478    -5.45478           0
           2    -5.45979    -5.45729  0.00250552
           3    -5.48647    -5.46701  0.00983449
           4    -5.47462    -5.46892  0.00720937
           5    -5.45569    -5.46627  0.00617881
           6      -5.478    -5.46823  0.00541043
           7    -5.46194    -5.46733  0.00466004
           8    -5.45474    -5.46575  0.00433161
           9    -5.47238    -5.46649  0.00389044
          10    -5.48053    -5.46789  0.00375237
          11    -5.45869    -5.46706  0.00349586
          12    -5.46977    -5.46728  0.00319926
          13    -5.48401    -5.46857  0.00321172
          14     -5.4722    -5.46883  0.00298479
          15    -5.45603    -5.46798  0.00290669
          16    -5.45626    -5.46724  0.00281584
          17    -5.46833    -5.46731  0.00264579
          18    -5.43769    -5.46566  0.00298839
          19    -5.46528    -5.46564  0.00282681
          20     -5.4746    -5.46609  0.00271885
          21    -5.47841    -5.46668  0.00265184
          22    -5.44558    -5.46572  0.00270419
          23    -5.44479    -5.46481  0.00273952
          24    -5.43715    -5.46366  0.00286491
          25    -5.44996    -5.46311  0.00280197
          26    -5.44461     -5.4624  0.00278451
          27     -5.4541    -5.46209  0.00269697
          28    -5.46339    -5.46214  0.00259928
          29    -5.47348    -5.46253  0.00253836
          30     -5.4556     -5.4623  0.00246313
          31     -5.4662    -5.46242  0.00238568
          32    -5.45621    -5.46223  0.00231806
          33    -5.44983    -5.46185  0.00227791
          34    -5.45434    -5.46163  0.00222091
          35    -5.45803    -5.46153  0.00215898
          36    -5.46078    -5.46151  0.00209826
          37    -5.44682    -5.46111  0.00207901
          38    -5.44959    -5.46081  0.00204613
          39    -5.46369    -5.46088  0.00199435
          40    -5.46721    -5.46104  0.00195027
          41    -5.45877    -5.46098  0.00190291
          42    -5.46784    -5.46115  0.00186421
          43    -5.46311    -5.46119  0.00182092
          44    -5.46141     -5.4612  0.00177906
          45    -5.46299    -5.46124  0.00173953
          46    -5.45995    -5.46121  0.00170152
          47     -5.4626    -5.46124  0.00166519
          48    -5.44456    -5.46089  0.00166675
          49    -5.45987    -5.46087  0.00163251
          50     -5.4384    -5.46042  0.00166148
          51    -5.47251    -5.46066  0.00164574
          52    -5.47212    -5.46088  0.00162877
          53    -5.45213    -5.46071  0.00160625
          54    -5.47097     -5.4609  0.00158762
          55    -5.48067    -5.46126  0.00159937
          56    -5.45869    -5.46122  0.00157122
          57    -5.45569    -5.46112  0.00154646
          58    -5.45745    -5.46106  0.00152088
          59    -5.47223    -5.46125  0.00150682
          60    -5.50482    -5.46197  0.00164993
          61    -5.47864    -5.46225  0.00164551
          62    -5.45888    -5.46219  0.00161966
          63    -5.45792    -5.46212  0.00159519
          64    -5.44038    -5.46178   0.0016064
          65    -5.45992    -5.46175  0.00158175
          66    -5.46068    -5.46174  0.00155768
          67    -5.45444    -5.46163  0.00153813
          68    -5.45942     -5.4616  0.00151569
          69    -5.48093    -5.46188  0.00151961
          70    -5.45041    -5.46171  0.00150667
          71    -5.47238    -5.46186  0.00149288
          72    -5.44841    -5.46168  0.00148381
          73    -5.47456    -5.46185  0.00147395
          74    -5.46762    -5.46193  0.00145598
          75    -5.45749    -5.46187  0.00143766
          76    -5.47248    -5.46201  0.00142547
          77    -5.45772    -5.46196  0.00140794
          78    -5.46952    -5.46205  0.00139315
          79    -5.46867    -5.46214  0.00137796
          80    -5.48109    -5.46237  0.00138109
          81    -5.47086    -5.46248  0.00136795
          82    -5.45236    -5.46235  0.00135678
          83    -5.46498    -5.46239  0.00134071
          84    -5.47003    -5.46248  0.00132778
          85    -5.44782     -5.4623  0.00132335
          86    -5.45713    -5.46224  0.00130925
          87    -5.47843    -5.46243  0.00130742
          88    -5.46606    -5.46247  0.00129313
          89    -5.46857    -5.46254  0.00128036
          90    -5.46221    -5.46254  0.00126606
          91    -5.44781    -5.46238  0.00126249
          92    -5.45167    -5.46226   0.0012541
          93     -5.4579    -5.46221  0.00124143
          94    -5.45388    -5.46212  0.00123134
          95    -5.46295    -5.46213  0.00121834
          96    -5.47288    -5.46224  0.00121077
          97    -5.46046    -5.46223  0.00119837
          98    -5.45583    -5.46216  0.00118787
          99    -5.47977    -5.46234  0.00118919
         100    -5.47045    -5.46242  0.00118003
