           1    -7.54711    -7.54711           0
           2    -7.54777    -7.54744 0.000331921
           3    -7.54245    -7.54578  0.00167273
           4    -7.54957    -7.54673  0.00151646
           5    -7.54339    -7.54606  0.00135133
           6    -7.55874    -7.54817  0.00238392
           7    -7.55522    -7.54918  0.00225263
           8    -7.54563    -7.54873  0.00200074
           9    -7.55057    -7.54894   0.0017762
          10    -7.54637    -7.54868   0.0016093
          11    -7.54379    -7.54824  0.00152196
          12    -7.55186    -7.54854  0.00142182
          13    -7.54659    -7.54839  0.00131646
          14     -7.5433    -7.54803  0.00127183
          15    -7.55718    -7.54864   0.0013321
          16    -7.54511    -7.54842  0.00126536
          17    -7.55806    -7.54898  0.00131692
          18    -7.55394    -7.54926  0.00127176
          19    -7.53937    -7.54874  0.00131076
          20    -7.54405     -7.5485  0.00126542
          21    -7.53443    -7.54783  0.00137774
          22    -7.54652    -7.54777  0.00131499
          23    -7.54259    -7.54755  0.00127654
          24    -7.54886     -7.5476  0.00122343
          25    -7.54981    -7.54769  0.00117679
          26    -7.53831    -7.54733  0.00118681
          27    -7.54126    -7.54711  0.00116393
          28    -7.54727    -7.54711  0.00112161
          29    -7.53963    -7.54685  0.00111255
          30    -7.54491    -7.54679  0.00107678
          31    -7.54685    -7.54679  0.00104147
          32    -7.53318    -7.54636  0.00109443
          33    -7.54143    -7.54622  0.00107123
          34    -7.55085    -7.54635  0.00104814
          35    -7.55578    -7.54662  0.00105277
          36    -7.53742    -7.54637  0.00105453
          37    -7.54711    -7.54639  0.00102583
          38    -7.54851    -7.54644  0.00100004
          39    -7.54985    -7.54653 0.000977968
          40    -7.54241    -7.54643 0.000958757
          41    -7.55481    -7.54663 0.000957181
          42    -7.54451    -7.54658 0.000935481
          43    -7.53867     -7.5464 0.000931795
          44    -7.54199     -7.5463  0.00091587
          45    -7.55598    -7.54651 0.000920809
          46    -7.54442    -7.54647 0.000901719
          47    -7.54014    -7.54633 0.000892521
          48    -7.54102    -7.54622 0.000880704
          49    -7.55156    -7.54633 0.000869401
          50    -7.55577    -7.54652 0.000872516
          51     -7.5503    -7.54659 0.000858444
          52    -7.54469    -7.54656 0.000842569
          53    -7.53371    -7.54631 0.000861334
          54    -7.54256    -7.54624 0.000848086
          55    -7.54703    -7.54626 0.000832646
          56    -7.53635    -7.54608 0.000836583
          57     -7.5498    -7.54615 0.000824358
          58    -7.54403    -7.54611 0.000810846
          59    -7.54589    -7.54611 0.000796993
          60     -7.5465    -7.54611 0.000783624
          61    -7.54843    -7.54615 0.000771606
          62    -7.55388    -7.54628 0.000769229
          63    -7.55258    -7.54638  0.00076351
          64     -7.5498    -7.54643 0.000753384
          65    -7.55286    -7.54653 0.000748264
          66    -7.54896    -7.54656 0.000737762
          67    -7.55492    -7.54669 0.000737286
          68    -7.55001    -7.54674    0.000728
          69     -7.5388    -7.54662 0.000726527
          70    -7.54656    -7.54662 0.000716074
          71    -7.53484    -7.54646 0.000725171
          72     -7.5395    -7.54636 0.000721526
          73    -7.54483    -7.54634 0.000711881
          74    -7.54843    -7.54637 0.000702764
          75    -7.52775    -7.54612  0.00073644
          76    -7.54244    -7.54607 0.000728295
          77    -7.54449    -7.54605 0.000719066
          78    -7.54533    -7.54604 0.000709847
          79    -7.54515    -7.54603 0.000700895
          80    -7.55625    -7.54616 0.000703779
          81    -7.54571    -7.54615 0.000695059
          82    -7.55419    -7.54625 0.000693486
          83    -7.53275    -7.54609  0.00070411
          84    -7.55093    -7.54614 0.000698067
          85    -7.54453    -7.54613 0.000690067
          86    -7.54563    -7.54612  0.00068202
          87    -7.54596    -7.54612 0.000674137
          88    -7.54024    -7.54605 0.000669773
          89    -7.54557    -7.54605 0.000662227
          90    -7.55532    -7.54615 0.000662883
          91    -7.53446    -7.54602 0.000668033
          92    -7.54708    -7.54603 0.000660832
          93    -7.54316      -7.546 0.000654418
          94    -7.54045    -7.54594 0.000650109
          95    -7.53396    -7.54582 0.000655484
          96    -7.53495     -7.5457 0.000658425
          97    -7.54952    -7.54574 0.000652789
          98    -7.54711    -7.54576 0.000646243
          99    -7.55121    -7.54581 0.000642049
         100    -7.54659    -7.54582 0.000635643
