           1   -0.413124   -0.413124           0
           2   -0.413265   -0.413194 7.01691e-05
           3    -0.41755   -0.414646  0.00145245
           4   -0.415323   -0.414816   0.0010409
           5   -0.414365   -0.414725 0.000811294
           6   -0.412763   -0.414398 0.000738797
           7   -0.412782   -0.414167 0.000665724
           8   -0.413303   -0.414059 0.000586567
           9   -0.412863   -0.413926 0.000534101
          10   -0.413721   -0.413906 0.000478157
          11   -0.414022   -0.413916 0.000432637
          12   -0.412265   -0.413779 0.000418228
          13   -0.416532   -0.413991 0.000439144
          14   -0.415548   -0.414102 0.000421512
          15   -0.416674   -0.414273 0.000428229
          16   -0.413333   -0.414214 0.000404863
          17   -0.414835   -0.414251 0.000382047
          18   -0.415569   -0.414324 0.000367568
          19   -0.412845   -0.414246 0.000356289
          20   -0.415655   -0.414317 0.000345261
          21   -0.418468   -0.414514 0.000383308
          22   -0.413712   -0.414478 0.000367286
          23   -0.411385   -0.414344 0.000375828
          24   -0.416489   -0.414433  0.00037077
          25   -0.415468   -0.414474 0.000358031
          26   -0.412213   -0.414387 0.000354807
          27   -0.413462   -0.414353 0.000343128
          28   -0.414203   -0.414348 0.000330689
          29   -0.413878   -0.414332 0.000319494
          30   -0.416112   -0.414391 0.000314316
          31    -0.41564   -0.414431 0.000306666
          32   -0.413153   -0.414391 0.000299604
          33   -0.414308   -0.414389 0.000290394
          34   -0.413779   -0.414371 0.000282293
          35   -0.415118   -0.414392  0.00027494
          36   -0.414718   -0.414401 0.000267347
          37   -0.415768   -0.414438 0.000262631
          38   -0.413558   -0.414415 0.000256672
          39    -0.41237   -0.414363 0.000255444
          40   -0.413744   -0.414347 0.000249455
          41   -0.414983   -0.414363 0.000243789
          42   -0.415473   -0.414389 0.000239377
          43   -0.414734   -0.414397 0.000233882
          44   -0.413185    -0.41437  0.00023016
          45   -0.415075   -0.414385 0.000225534
          46   -0.418992   -0.414485 0.000242243
          47   -0.413954   -0.414474 0.000237302
          48   -0.414214   -0.414469 0.000232369
          49   -0.418077   -0.414542 0.000239194
          50   -0.414027   -0.414532 0.000234588
          51   -0.416494    -0.41457 0.000233139
          52   -0.415791   -0.414594 0.000229814
          53   -0.415597   -0.414613  0.00022623
          54   -0.414327   -0.414608 0.000222064
          55   -0.414489   -0.414605    0.000218
          56   -0.414147   -0.414597 0.000214228
          57   -0.412765   -0.414565 0.000212878
          58   -0.414658   -0.414567 0.000209182
          59   -0.411259   -0.414511 0.000213112
          60   -0.415505   -0.414527 0.000210184
          61   -0.416309   -0.414556 0.000208764
          62   -0.415345   -0.414569 0.000205763
          63   -0.415558   -0.414585 0.000203078
          64   -0.418808   -0.414651 0.000210493
          65    -0.41889   -0.414716 0.000217248
          66   -0.413693     -0.4147 0.000214492
          67   -0.411448   -0.414652 0.000216773
          68   -0.420587   -0.414739 0.000230707
          69   -0.415337   -0.414748 0.000227504
          70   -0.413293   -0.414727 0.000225192
          71   -0.416481   -0.414752 0.000223368
          72   -0.415305   -0.414759 0.000220378
          73   -0.412813   -0.414733 0.000218968
          74   -0.416441   -0.414756 0.000217219
          75   -0.414498   -0.414752 0.000214331
          76   -0.413757   -0.414739 0.000211897
          77   -0.412737   -0.414713 0.000210737
          78   -0.412482   -0.414685 0.000209975
          79   -0.414563   -0.414683 0.000207306
          80    -0.41449   -0.414681 0.000204713
          81   -0.413758   -0.414669  0.00020249
          82    -0.41289   -0.414648  0.00020118
          83   -0.409514   -0.414586 0.000208144
          84   -0.413044   -0.414567 0.000206468
          85     -0.4121   -0.414538  0.00020608
          86   -0.414391   -0.414537 0.000203677
          87   -0.413137   -0.414521 0.000201964
          88   -0.408235   -0.414449 0.000212047
          89   -0.411909   -0.414421 0.000211584
          90   -0.417068    -0.41445 0.000211278
          91   -0.411307   -0.414416 0.000211779
          92   -0.412616   -0.414396 0.000210375
          93   -0.414371   -0.414396 0.000208101
          94     -0.4138   -0.414389 0.000205973
          95   -0.414094   -0.414386 0.000203817
          96   -0.419613   -0.414441 0.000208901
          97   -0.413658   -0.414433 0.000206894
          98   -0.412337   -0.414411 0.000205885
          99   -0.418195   -0.414449 0.000207348
         100   -0.415818   -0.414463 0.000205719
