           1     1.45264     1.45264           0
           2      1.4331     1.44287  0.00976754
           3     1.26714     1.38429   0.0588478
           4      1.3512     1.37602   0.0424263
           5     1.43719     1.38825   0.0350669
           6     1.33161     1.37881   0.0301482
           7     1.38927     1.38031   0.0255236
           8     1.42181     1.38549   0.0227049
           9      1.3552     1.38213   0.0203047
          10     1.32537     1.37645   0.0190274
          11     1.41401     1.37987   0.0175463
          12     1.38116     1.37997   0.0160178
          13     1.31021     1.37461   0.0156811
          14     1.33295     1.37163   0.0148196
          15     1.45075     1.37691   0.0147702
          16     1.46165      1.3822   0.0147966
          17     1.37691     1.38189   0.0139024
          18      1.5055     1.38876   0.0147973
          19     1.37679     1.38813    0.014011
          20     1.32078     1.38476   0.0137119
          21     1.31444     1.38141   0.0134657
          22     1.46775     1.38534   0.0134254
          23     1.48285     1.38958   0.0135108
          24     1.53255     1.39553   0.0142414
          25      1.4429     1.39743   0.0137906
          26     1.49154     1.40105   0.0137351
          27     1.45093      1.4029   0.0133451
          28     1.36208     1.40144    0.012942
          29     1.34234      1.3994   0.0126529
          30     1.45084     1.40111   0.0123436
          31     1.41598     1.40159   0.0119484
          32     1.43604     1.40267    0.011619
          33     1.47705     1.40492   0.0114847
          34     1.46481     1.40669   0.0112802
          35     1.41534     1.40693   0.0109559
          36     1.44678     1.40804   0.0107046
          37     1.48119     1.41002   0.0105973
          38     1.46934     1.41158   0.0104322
          39     1.38969     1.41102   0.0101767
          40     1.36882     1.40996  0.00997491
          41     1.43511     1.41058  0.00974789
          42     1.36286     1.40944  0.00958056
          43      1.3855     1.40888  0.00937165
          44     1.40295     1.40875  0.00915718
          45     1.40113     1.40858  0.00895297
          46     1.37989     1.40796  0.00877837
          47     1.41394     1.40808  0.00859051
          48     1.52194     1.41045  0.00873774
          49     1.38592     1.40995  0.00857219
          50     1.51473     1.41205  0.00865647
          51     1.36028     1.41103  0.00854554
          52     1.33102      1.4095  0.00851969
          53     1.44802     1.41022  0.00838895
          54     1.39663     1.40997  0.00823599
          55     1.29431     1.40787  0.00835387
          56     1.37859     1.40735  0.00821997
          57     1.42705     1.40769  0.00808188
          58     1.42068     1.40791  0.00794447
          59     1.35934     1.40709  0.00785195
          60     1.22051     1.40398  0.00832272
          61     1.32635     1.40271   0.0082835
          62     1.44079     1.40332  0.00817191
          63     1.44119     1.40392  0.00806359
          64     1.49612     1.40536  0.00806627
          65     1.40526     1.40536   0.0079412
          66     1.44762       1.406  0.00784612
          67     1.43859     1.40649  0.00774341
          68     1.41667     1.40664  0.00763016
          69     1.37517     1.40618  0.00753258
          70      1.4775      1.4072  0.00749377
          71     1.35751      1.4065  0.00742055
          72     1.50399     1.40786  0.00744099
          73      1.3434     1.40697  0.00739129
          74     1.34475     1.40613  0.00733905
          75     1.43464     1.40651  0.00725051
          76     1.35595     1.40585  0.00718533
          77      1.3974     1.40574  0.00709225
          78     1.39721     1.40563  0.00700159
          79     1.38204     1.40533  0.00691884
          80     1.32648     1.40434  0.00690253
          81     1.34106     1.40356  0.00686142
          82     1.47206      1.4044  0.00682851
          83     1.36839     1.40396  0.00675967
          84     1.34399     1.40325  0.00671677
          85     1.46128     1.40393   0.0066723
          86     1.43115     1.40425  0.00660185
          87     1.33546     1.40346  0.00657326
          88      1.3855     1.40325  0.00650134
          89     1.38683     1.40307  0.00643052
          90     1.39387     1.40297  0.00635949
          91     1.47956     1.40381  0.00634529
          92     1.43689     1.40417  0.00628623
          93     1.41545     1.40429  0.00621945
          94     1.43113     1.40458  0.00615955
          95     1.41665      1.4047   0.0060957
          96     1.35641      1.4042  0.00605281
          97     1.40191     1.40418  0.00599013
          98     1.41307     1.40427  0.00592939
          99     1.31605     1.40338  0.00593645
         100     1.39187     1.40326  0.00587791
