           1   0.0490911   0.0490911           0
           2   0.0492335   0.0491623 7.11638e-05
           3   0.0492347   0.0491864 4.76418e-05
           4   0.0489444   0.0491259  6.9254e-05
           5    0.049257   0.0491521 5.97043e-05
           6    0.049235   0.0491659 5.06696e-05
           7   0.0488615   0.0491225 6.10317e-05
           8   0.0488878   0.0490931   6.045e-05
           9   0.0490039   0.0490832 5.42249e-05
          10   0.0490443   0.0490793 4.86561e-05
          11   0.0489217    0.049065 4.62847e-05
          12   0.0490398   0.0490629 4.23042e-05
          13   0.0490573   0.0490625 3.89166e-05
          14   0.0489628   0.0490553 3.67263e-05
          15   0.0489688   0.0490496 3.46742e-05
          16   0.0491475   0.0490557 3.30068e-05
          17   0.0488095   0.0490412 3.42209e-05
          18   0.0495302   0.0490684 4.21775e-05
          19   0.0491836   0.0490744 4.03541e-05
          20   0.0490693   0.0490742 3.82841e-05
          21   0.0486567   0.0490543 4.14887e-05
          22   0.0489269   0.0490485 3.99793e-05
          23   0.0490378    0.049048 3.82044e-05
          24   0.0488343   0.0490391 3.76462e-05
          25   0.0490199   0.0490384 3.61172e-05
          26   0.0490545    0.049039 3.47058e-05
          27   0.0490963   0.0490411  3.3463e-05
          28   0.0493678   0.0490528 3.42919e-05
          29   0.0492646   0.0490601 3.38851e-05
          30   0.0485459   0.0490429 3.69512e-05
          31   0.0491531   0.0490465 3.59157e-05
          32   0.0490359   0.0490462 3.47768e-05
          33   0.0490594   0.0490466 3.37089e-05
          34   0.0491524   0.0490497 3.28502e-05
          35   0.0489591   0.0490471 3.20026e-05
          36   0.0488423   0.0490414 3.16168e-05
          37   0.0489346   0.0490385 3.08855e-05
          38   0.0489758   0.0490369  3.0107e-05
          39   0.0489239    0.049034 2.94674e-05
          40   0.0487466   0.0490268 2.96063e-05
          41    0.049153   0.0490299 2.90389e-05
          42   0.0487527   0.0490233 2.90973e-05
          43   0.0488072   0.0490182 2.88534e-05
          44   0.0489159   0.0490159 2.82858e-05
          45   0.0489177   0.0490137 2.77362e-05
          46   0.0487038    0.049007 2.79507e-05
          47   0.0488153   0.0490029  2.7652e-05
          48   0.0490984   0.0490049 2.71427e-05
          49   0.0487598   0.0489999 2.70494e-05
          50    0.049269   0.0490053 2.70438e-05
          51   0.0488547   0.0490023 2.66722e-05
          52   0.0487754    0.048998 2.65158e-05
          53   0.0487936   0.0489941 2.62948e-05
          54   0.0488507   0.0489915 2.59396e-05
          55   0.0488325   0.0489886 2.56272e-05
          56    0.048773   0.0489847 2.54581e-05
          57   0.0490442   0.0489858 2.50292e-05
          58   0.0489072   0.0489844 2.46312e-05
          59   0.0493017   0.0489898 2.48001e-05
          60   0.0491877   0.0489931 2.46054e-05
          61   0.0489483   0.0489923 2.42098e-05
          62   0.0489627   0.0489919  2.3821e-05
          63   0.0487789   0.0489885 2.36823e-05
          64   0.0487271   0.0489844 2.36645e-05
          65   0.0488498   0.0489823 2.33895e-05
          66   0.0489269   0.0489815 2.30477e-05
          67   0.0489571   0.0489811  2.2704e-05
          68   0.0487853   0.0489782 2.25523e-05
          69   0.0493398   0.0489835 2.28324e-05
          70   0.0492467   0.0489872 2.28157e-05
          71   0.0494349   0.0489935  2.3359e-05
          72     0.04886   0.0489917 2.31069e-05
          73   0.0490572   0.0489926 2.28058e-05
          74     0.04895    0.048992 2.25029e-05
          75   0.0491227   0.0489938 2.22691e-05
          76   0.0489277   0.0489929 2.19913e-05
          77   0.0492819   0.0489966 2.20261e-05
          78   0.0487549   0.0489935 2.19618e-05
          79    0.049121   0.0489952 2.17419e-05
          80   0.0490617    0.048996 2.14846e-05
          81    0.049222   0.0489988 2.14004e-05
          82   0.0492039   0.0490013 2.12853e-05
          83   0.0490369   0.0490017 2.10316e-05
          84   0.0489518   0.0490011 2.07883e-05
          85   0.0490693   0.0490019 2.05579e-05
          86   0.0491994   0.0490042 2.04468e-05
          87   0.0491777   0.0490062 2.03086e-05
          88   0.0489964   0.0490061 2.00768e-05
          89   0.0489099    0.049005 1.98794e-05
          90   0.0489049   0.0490039 1.96887e-05
          91   0.0491737   0.0490058 1.95603e-05
          92   0.0494903    0.049011 2.00506e-05
          93   0.0488399   0.0490092  1.9919e-05
          94    0.048769   0.0490066  1.9871e-05
          95   0.0489069   0.0490056 1.96887e-05
          96   0.0487897   0.0490033 1.96119e-05
          97   0.0492434   0.0490058 1.95658e-05
          98   0.0488573   0.0490043 1.94243e-05
          99   0.0488943   0.0490032 1.92592e-05
         100    0.048976   0.0490029 1.90675e-05
