           1     7.58955     7.58955           0
           2     7.58672     7.58813  0.00141742
           3     7.61587     7.59738  0.00928079
           4     7.57995     7.59302  0.00787754
           5     7.60987     7.59639  0.00697023
           6      7.5249     7.58447    0.013205
           7     7.54713     7.57914   0.0123696
           8     7.59702     7.58138   0.0109431
           9     7.56998     7.58011  0.00973357
          10     7.59686     7.58178   0.0088657
          11     7.61215     7.58455  0.00848122
          12     7.56425     7.58285   0.0079249
          13      7.5936     7.58368   0.0073366
          14     7.61201      7.5857   0.0070874
          15     7.53467      7.5823  0.00742364
          16     7.59971     7.58339   0.0070289
          17     7.52904     7.58019  0.00733593
          18     7.55458     7.57877  0.00706122
          19     7.62999     7.58147  0.00720273
          20     7.60841     7.58281  0.00696462
          21     7.65869     7.58643  0.00754598
          22     7.59445     7.58679  0.00720405
          23     7.61638     7.58808  0.00700293
          24     7.57957     7.58772  0.00671416
          25     7.57483     7.58721  0.00646059
          26     7.63648      7.5891  0.00649005
          27     7.62509     7.59044   0.0063857
          28     7.58999     7.59042  0.00615344
          29     7.62936     7.59176   0.0060874
          30     7.60324     7.59214  0.00589343
          31     7.59252     7.59216  0.00570016
          32     7.66888     7.59455   0.0060174
          33     7.62089     7.59535  0.00588654
          34     7.57151     7.59465  0.00575367
          35      7.5417     7.59314   0.0057881
          36     7.64347     7.59454  0.00579614
          37     7.58758     7.59435  0.00564045
          38     7.58135     7.59401  0.00550064
          39     7.57378     7.59349  0.00538278
          40     7.61677     7.59407  0.00527867
          41     7.55026       7.593  0.00525801
          42     7.60737     7.59334  0.00514269
          43     7.63828     7.59439  0.00512927
          44      7.6173     7.59491  0.00503832
          45     7.54235     7.59374  0.00506171
          46     7.60976     7.59409  0.00496268
          47     7.62982     7.59485  0.00491508
          48     7.62397     7.59546  0.00484969
          49      7.5658     7.59485  0.00478808
          50     7.54205     7.59379  0.00480875
          51     7.57539     7.59343  0.00472732
          52     7.60285     7.59362  0.00463905
          53     7.66489     7.59496  0.00474524
          54     7.61493     7.59533  0.00467119
          55     7.58911     7.59522  0.00458687
          56     7.64996     7.59619  0.00460909
          57     7.57737     7.59586  0.00453953
          58     7.60905     7.59609  0.00446637
          59     7.59463     7.59607  0.00439008
          60     7.59404     7.59603  0.00431643
          61     7.58104     7.59579  0.00425218
          62     7.55257     7.59509  0.00424071
          63     7.56062     7.59454  0.00420858
          64     7.57458     7.59423  0.00415403
          65     7.55719     7.59366  0.00412913
          66     7.58029     7.59346  0.00407114
          67     7.55058     7.59282  0.00406066
          68     7.57294     7.59253  0.00401117
          69       7.635     7.59314  0.00400026
          70     7.59438     7.59316  0.00394273
          71     7.65767     7.59407  0.00399159
          72     7.63321     7.59461  0.00397313
          73     7.60454     7.59475  0.00392068
          74     7.58157     7.59457  0.00387143
          75     7.69688     7.59593  0.00405576
          76     7.61793     7.59622  0.00401249
          77     7.60601     7.59635  0.00396207
          78     7.60317     7.59644  0.00391192
          79     7.60294     7.59652  0.00386297
          80     7.54154     7.59583   0.0038758
          81      7.6001     7.59589  0.00382801
          82     7.55078     7.59534  0.00382084
          83     7.66976     7.59623  0.00387958
          84     7.57212     7.59594  0.00384385
          85     7.60326     7.59603  0.00379934
          86     7.59948     7.59607  0.00375511
          87     7.59676     7.59608  0.00371171
          88      7.6281     7.59644  0.00368728
          89     7.60043     7.59649  0.00364589
          90     7.54459     7.59591  0.00365098
          91     7.65971     7.59661  0.00367807
          92     7.59226     7.59656  0.00363818
          93     7.61362     7.59675  0.00360352
          94     7.62822     7.59708  0.00358066
          95     7.66125     7.59776  0.00360659
          96     7.65684     7.59837  0.00362149
          97     7.57581     7.59814   0.0035915
          98     7.58864     7.59804  0.00355599
          99     7.56689     7.59773  0.00353393
         100     7.59086     7.59766  0.00349908
