2.76992
3.80882
4.06786
4.54335
4.71121
5.23717
5.20701
5.60383
5.80573
6.00822
6.06051
5.83361
5.8025
5.72655
5.85531
6.4482
6.64324
7.17195
7.02543
8.0429
7.67548
7.81215
7.42662
6.89336
6.59193
7.09209
7.11294
7.13679
7.09276
7.03805
7.2283
7.06793
6.80766
6.86976
7.0803
7.29868
7.19475
6.98058
6.85146
6.51449
6.73392
7.3542
7.85701
7.61012
7.10783
6.92116
7.26357
7.03302
6.93987
7.26256
7.39186
7.21145
7.25696
7.43026
7.04233
6.85144
6.35035
6.37146
6.2209
6.82061
6.58505
6.62393
6.81846
6.73196
7.00581
7.19531
7.28954
7.28208
6.80041
6.99025
6.92227
7.20291
7.50618
7.20618
6.99068
7.47235
7.57003
6.82816
6.23752
6.15967
6.39893
6.67142
6.477
6.72452
6.99359
7.30435
7.0757
6.93987
7.21732
7.259
7.27204
7.28589
7.19643
7.10737
7.22376
7.31538
7.63556
7.5051
7.47676
7.56826
7.59567
7.80022
7.96362
7.89923
7.844
7.86173
7.98202
7.90925
7.82515
7.81615
7.70469
7.57868
7.47688
7.66004
7.46094
7.35149
7.42814
7.77126
7.73504
7.5582
8.04074
8.00328
8.082
8.04345
7.78439
7.43456
7.07873
7.29299
7.48072
6.89742
7.2983
7.20935
7.19722
7.21724
7.79524
7.47367
7.26227
7.30089
7.37706
7.53365
7.33804
7.35319
7.65089
7.28985
7.62433
8.00653
8.05921
8.06094
7.68094
7.72627
7.99466
8.06996
7.81972
7.74457
7.57919
7.46736
7.93029
7.6082
8.35559
8.35693
7.98823
7.88517
8.00255
7.58181
7.7708
7.81222
8.0534
8.10697
7.70831
7.77689
7.74191
8.0903
7.72448
7.7356
7.23291
7.51716
7.8096
7.68844
7.65451
7.50853
7.32544
6.93276
6.97312
8.05624
7.70239
7.91448
8.23966
8.19897
8.16923
8.2266
8.3661
8.27111
8.17068
7.47099
7.73982
7.03299
7.55141
7.0574
7.05133
7.39648
7.11941
7.22392
7.205
6.98922
6.84146
7.30694
7.38147
7.67627
7.38564
7.21499
6.87597
7.37165
7.37687
7.89166
8.47579
8.22406
7.75298
7.64394
7.3297
7.24952
7.34137
7.05972
7.30765
7.25075
6.97573
6.95303
6.98634
7.21635
6.94967
7.07487
6.88916
6.96238
7.0308
6.73116
6.8043
6.54226
6.72447
6.98844
7.69238
7.87714
7.11711
7.23187
7.11022
7.20475
7.66305
7.78747
8.14076
7.84322
8.19294
7.94313
8.47882
8.05344
7.5913
7.16261
6.89149
6.9586
6.89113
7.05262
7.00533
6.72475
6.36389
6.25269
6.33315
6.62334
6.91963
7.29369
7.46505
7.52366
7.157
7.32475
8.17368
7.96716
7.87028
7.6979
7.84056
7.96566
7.86078
7.72179
8.3837
8.40022
8.09121
7.88274
7.90457
7.69413
6.89651
7.21201
7.48564
7.80137
7.884
7.87824
7.50905
7.05685
7.17269
7.44862
7.54579
7.62187
7.34694
7.42425
7.45809
7.6501
7.68656
7.50841
7.42346
8.13432
8.0426
7.69254
7.83935
8.48348
8.73368
8.45127
8.701
8.5706
8.13733
8.17741
8.33505
7.89032
8.00102
7.7152
7.56706
7.3341
7.65461
7.58219
7.97591
7.87298
7.95633
8.11079
8.10137
7.93997
7.67834
7.95619
7.60507
7.77348
7.71766
7.77648
7.96693
8.24963
8.2021
7.87749
7.88818
7.67693
7.2098
7.42391
6.87048
7.16285
7.14755
7.10561
7.54054
7.83982
7.20711
6.96934
7.04803
7.09042
7.2347
7.48938
7.71648
7.59784
7.47642
7.11223
7.17432
6.86815
6.77466
7.3915
6.83214
6.64181
6.58477
6.961
7.36278
7.0831
7.36537
7.83727
7.66024
7.60265
7.50954
7.29593
7.56103
7.26678
6.77088
6.66157
6.61304
6.9054
6.99631
6.72821
6.80883
7.06535
6.77509
6.77739
7.11165
7.30565
7.1196
7.53232
7.56356
7.85227
8.1435
8.10226
8.34569
8.13464
7.7494
7.28064
7.26882
7.54099
7.4812
7.71152
7.79267
7.74073
7.51276
7.27813
7.31038
7.58302
7.57814
7.28166
7.16401
7.3126
7.18006
7.29076
7.25986
7.24618
7.55829
7.37236
7.60321
7.47591
7.13905
6.52333
7.14858
7.43812
7.02817
7.394
7.94195
7.77532
7.8535
7.70899
7.72989
7.91033
7.93342
8.35303
7.69534
7.6465
8.07424
8.17659
8.18146
8.19536
7.95084
7.74556
7.25066
7.27415
7.49348
7.42853
7.76652
7.51059
7.72521
7.69081
7.82203
7.80542
8.0579
8.17842
8.16914
8.05138
7.97628
8.59985
8.19106
8.07505
8.19832
7.99016
7.84273
7.57143
7.40237
7.24293
7.11712
6.8437
6.67813
6.35519
6.7397
6.90069
7.39051
7.49609
7.17551
7.2423
7.52394
7.29276
7.26382
7.77401
7.88238
7.63904
7.52597
7.66018
7.44657
7.10263
7.7304
7.61178
7.715
7.64485
7.47294
7.80383
7.93028
7.93494
7.65844
7.65478
7.20148
7.01805
6.92715
7.24729
7.37089
7.13037
6.47788
6.92409
6.64589
6.57436
6.83789
6.65135
6.79865
6.48773
6.56895
7.04332
7.08749
6.95336
7.26249
6.8996
7.41489
6.92235
7.14465
6.82942
7.02094
7.41208
7.49802
7.29353
7.4519
7.38
7.18117
6.82817
6.69665
6.60447
6.83259
6.92596
7.53072
7.33026
7.29016
7.45672
6.86252
7.00153
6.97697
6.88628
7.05695
7.21379
7.0856
7.2056
6.7122
6.82406
6.80928
7.0834
7.27589
7.40157
7.26418
7.81945
8.18252
8.30299
8.07258
8.13985
7.72753
7.1345
7.60096
7.59282
7.79053
7.42856
7.44462
7.78373
7.76526
7.7896
8.0964
7.93514
7.98419
7.94977
7.71961
7.6721
7.84064
7.92711
7.89541
8.28268
8.0914
7.9114
7.90627
8.10638
8.22807
8.52272
7.86332
7.52782
7.60331
7.9257
8.07763
8.43516
8.13403
7.83642
7.76751
7.7121
7.27071
7.38077
7.35132
7.03441
7.24726
6.86594
6.93324
6.81691
6.92251
7.16494
7.32168
7.34381
7.30214
7.37228
7.2401
7.18751
7.36986
7.20789
7.2351
6.99183
6.67921
6.94237
7.13976
7.0083
7.19768
7.24097
6.62388
6.6521
6.78126
7.04051
6.95272
7.19744
6.86667
6.88856
7.14647
7.43672
7.64467
7.43147
7.16764
7.88936
7.43487
6.96143
7.0868
6.88755
6.78959
6.62932
6.87361
7.02617
7.50052
7.9064
7.8395
7.70018
7.4806
7.4346
7.58412
7.4852
7.64342
7.64113
7.38162
7.56345
7.70691
7.84012
7.39609
7.35124
7.68174
7.22272
7.16139
7.3495
7.23162
6.93217
6.69036
6.65068
7.07865
7.53797
7.66439
7.40718
7.69195
7.52338
7.53257
7.28132
7.35821
6.87233
6.98231
6.90024
6.90987
6.42137
6.38359
6.80662
6.87836
6.59974
6.37577
6.27182
6.65163
6.35413
6.60879
7.0295
7.2136
7.38426
7.35848
7.34302
7.54211
8.16437
7.76032
7.49042
7.92203
7.78001
7.58805
7.39443
7.65583
7.8071
7.79713
7.67331
7.64702
7.76361
7.82823
8.04063
8.00403
7.65681
7.68477
7.82112
8.15083
8.19645
8.04532
7.84145
7.95006
7.97073
7.5461
7.86163
7.78712
7.84103
7.72627
7.8929
7.95638
7.93789
7.95479
7.50162
7.24785
7.95833
7.51413
7.59779
7.58202
7.60155
7.93498
7.97483
7.80044
7.77353
8.06183
8.21073
7.97727
7.4333
7.88475
7.70691
7.70958
7.51877
7.30814
7.41726
7.82198
7.68964
8.1389
8.34593
8.46865
7.83532
7.76162
7.8476
8.22708
7.89536
7.78937
7.64566
7.47752
7.3316
7.13434
6.97612
7.28414
7.28995
7.53767
7.87115
7.70011
7.1356
7.00997
6.90005
6.67791
6.27977
6.68253
6.54357
6.61884
7.00911
7.25287
7.39845
7.48681
7.42239
7.23029
6.95882
7.15081
7.2661
7.32241
7.24745
7.13575
7.29751
7.09485
6.77896
6.75565
6.7008
6.48739
6.73703
7.08951
7.50054
7.66262
7.59224
7.93736
7.69817
7.40414
7.10129
7.57781
7.56362
7.37586
7.61832
7.71632
7.68431
7.85295
7.68394
8.08677
7.71471
7.16948
7.00253
7.02896
6.92098
6.99102
7.44768
7.40664
7.43499
7.59895
7.77418
8.02661
8.19872
7.79924
8.35467
8.29279
8.05457
8.03949
8.25813
8.54519
8.41927
8.45947
8.60081
8.54217
8.43717
8.37337
8.53726
8.28958
7.93299
8.057
8.28829
8.15297
8.09425
7.55155
7.75479
7.73119
7.89979
7.8463
7.7659
8.31401
8.07497
8.27323
7.62132
7.25055
7.48845
7.33237
7.29669
7.30267
7.05695
7.03158
6.98537
6.86829
7.0115
7.04103
7.2452
7.29857
7.18643
7.21022
7.17435
7.18826
7.10118
6.9374
7.04135
7.17156
7.65015
7.5411
7.56944
7.66196
7.72328
7.79221
8.09511
8.11512
7.99357
8.0277
7.73952
7.57553
7.61727
7.81997
8.18937
8.09832
8.03435
7.8433
8.09598
7.9538
7.56067
7.73948
7.67894
7.86999
7.48297
7.06536
7.13686
6.8149
6.96378
7.12916
6.57634
7.14713
7.31781
7.36274
7.7907
7.39175
6.90646
7.12813
7.47481
8.18274
8.78957
8.60324
8.7433
8.62022
8.50489
8.04483
8.07263
7.75027
7.48895
7.22931
7.26357
7.17
7.33992
7.52187
7.74638
7.76463
7.64073
7.29711
7.65564
7.43208
7.58147
7.51392
7.23787
7.71402
7.97734
7.33017
6.91865
7.18816
7.16013
7.59562
7.36028
7.19957
7.57722
7.71106
7.45009
7.95203
7.87818
8.19825
8.11119
7.75787
7.87803
8.21554
7.97009
8.36944
8.16711
8.10357
8.21454
8.28987
7.89201
7.94815
8.14301
7.99367
7.80106
7.37034
7.39034
7.59393
7.42627
7.41817
7.10232
6.94707
6.83954
7.49659
7.53629
7.36483
7.4358
7.74587
7.65863
7.59104
7.68728
8.19076
8.19127
8.07223
7.73467
7.78577
7.80496
7.71799
7.54261
7.29588
7.19271
7.5099
7.60023
7.41084
7.56295
7.29162
7.19971
7.25615
7.14056
7.16444
7.06254
6.36546
6.2954
6.4664
6.93919
6.85524
6.93385
7.2353
7.61846
7.44133
7.71645
7.7211
7.30448
7.44205
7.89423
7.6079
7.89629
7.91279
7.57236
7.4094
7.71702
8.07256
7.94577
7.89754
7.89275
8.09573
8.03415
8.07906
7.99528
7.59527
7.61811
7.78455
7.91799
7.72355
7.85531
7.88202
8.06994
7.99248
7.6928
7.47615
7.60526
7.69133
7.45241
7.34781
7.49285
7.33474
7.28725
7.15835
7.31892
6.88416
7.4154
7.67519
8.01335
8.10243
7.80354
7.6589
7.58263
7.5207
7.22593
7.42996
7.83319
7.68809
8.10299
8.16884
8.4564
8.40474
8.51815
8.6616
8.38128
8.69903
8.12093
8.0364
8.17766
8.9086
8.65792
8.68508
8.52564
8.14959
8.19503
7.79727
7.90929
8.19648
8.14103
8.25083
8.23717
8.60552
8.09947
7.86816
8.03981
7.91093
7.59212
7.52463
8.24861
8.6345
8.67209
8.54534
8.0963
8.40756
8.15003
8.41624
7.9712
8.07685
8.3878
8.36068
8.09179
8.12664
8.14799
7.99989
7.71872
7.87148
8.09478
8.03821
7.64592
7.92478
7.76412
7.54843
7.49909
7.82158
7.63214
7.7339
7.99789
7.98432
7.7978
7.55028
7.26106
7.50632
7.9021
8.35945
7.83054
7.77577
7.93924
7.60566
7.48734
7.29164
7.10068
6.65051
6.99496
6.81992
6.96351
6.73526
7.03558
7.05385
7.12961
7.30714
7.38958
7.40607
7.51765
7.56826
7.62543
7.39282
7.13438
7.61735
7.79448
7.90076
7.73885
7.65207
7.77495
7.50809
7.45915
7.56951
7.55295
7.4723
7.31761
7.21627
7.19136
7.11808
6.89361
6.95257
7.56142
7.58358
7.04578
7.09449
7.00568
7.39579
7.94428
8.15855
7.47036
7.84533
8.41406
7.99074
7.73479
7.6523
7.59122
7.34683
7.69171
7.72326
7.3765
7.79341
7.70951
7.18149
6.74047
7.24817
7.43258
7.59182
7.95233
7.92842
8.03872
8.46344
8.49149
8.21079
8.07377
8.09721
8.07837
8.25116
7.83527
7.60068
7.14522
7.294
7.26618
7.19092
7.30213
7.75006
7.73434
7.37253
7.22364
7.22563
7.15189
7.18304
7.24437
7.24812
7.39415
7.62657
7.89843
8.08301
7.78357
7.65181
7.5385
7.86951
7.94534
8.05197
8.17831
8.47855
7.93667
7.93997
7.95884
8.08209
7.57624
7.60483
7.4994
7.6578
7.97229
7.75089
7.68012
7.36195
7.46512
7.31656
6.8921
7.44896
7.33512
7.19631
7.68809
7.8418
7.75884
7.7127
7.9702
7.83114
7.79713
7.82073
8.21885
8.10044
7.98763
7.62171
7.43668
7.51395
7.50579
7.41894
7.67251
7.5038
7.26057
7.67667
7.80897
7.9609
7.5668
7.87085
8.18499
8.0885
7.92374
7.87065
8.24519
7.80506
8.11004
8.4372
7.56678
7.51633
7.8338
8.05309
8.01625
8.66041
8.48062
8.16409
7.98773
7.90019
8.15126
8.03519
7.7473
7.86303
7.70301
7.9856
8.17888
8.21698
7.98662
7.78154
7.97565
8.32468
8.28595
8.51781
8.08708
8.36936
8.50424
8.249
8.16426
7.89596
7.86278
7.41046
7.54234
7.62848
7.50185
7.3453
7.13193
7.06282
7.56051
7.73396
7.51066
7.38103
6.79553
7.12951
7.39325
7.37589
7.59344
7.70147
7.81372
7.59189
7.53292
7.02079
6.86181
6.84368
6.56243
6.82782
6.92458
6.95422
6.77066
7.12917
7.48289
7.0103
7.01684
7.47603
7.51647
7.29524
7.0058
7.02671
7.54606
7.24748
7.54998
7.76393
7.88567
7.95844
7.35557
7.61099
7.65916
7.65394
7.4534
7.57034
7.65694
7.6299
7.68348
7.81547
7.54772
7.77255
7.76603
7.99063
7.77792
7.68566
7.86703
7.60111
7.6001
7.53413
7.61426
7.6751
8.22688
7.96941
8.0148
7.87975
8.2555
8.20049
8.33953
8.38747
7.92055
7.56849
7.72395
8.1123
8.31833
8.18069
7.98033
7.70065
7.15847
7.33864
7.48646
7.26711
7.48182
7.23076
7.80363
7.9963
7.61399
7.5686
8.06786
7.89406
7.79605
7.97933
7.71804
8.07125
7.53888
7.2119
7.27983
6.99117
7.15467
7.68423
7.57127
7.68332
8.01589
7.60026
7.97509
8.13856
8.33032
8.11161
8.03941
8.08616
7.60044
7.4784
7.11459
7.19125
7.42965
7.7441
7.84479
7.60206
7.78132
7.85315
7.83186
7.86223
8.08909
8.29312
8.01074
7.60547
7.57849
7.43651
7.54798
7.66638
7.64312
7.4225
7.7325
8.38008
8.05063
7.70797
7.73245
7.65487
7.58078
7.50078
7.18355
7.21245
7.18307
7.22945
7.01552
7.68867
7.72123
8.04447
7.58895
7.61293
7.85203
7.74373
7.73511
7.4666
7.45126
7.36621
7.49765
7.49049
7.44135
7.89291
7.47589
7.37053
7.31228
7.3192
7.1163
7.17447
7.19637
7.23816
7.11006
7.13255
7.39792
7.19239
7.22048
7.44184
7.68607
7.42333
7.44074
7.49091
7.59137
7.87323
7.93916
7.87771
7.63004
7.96451
7.5675
7.55486
7.61225
7.84732
7.71507
7.7602
7.78241
7.544
7.16568
7.49564
7.60566
7.26368
7.12721
7.08366
7.05241
7.31005
7.19042
7.22857
7.52323
7.3724
7.77025
8.10432
7.86241
8.05178
7.72947
7.64301
7.54834
8.2997
8.13728
7.63214
7.63648
7.35168
7.69366
7.53242
8.14604
8.2115
8.13388
8.14869
7.9659
8.27242
8.09564
8.07601
7.74858
7.50127
7.72164
7.4422
7.58477
7.59413
7.5865
7.92788
7.82065
7.82334
7.77983
8.11798
8.03432
8.20313
7.76197
7.85004
7.48255
7.86001
8.16835
8.51618
8.66706
8.14408
7.46425
7.32191
7.1491
7.16666
7.43085
6.93078
7.13789
7.56104
7.51375
7.7661
7.6509
7.73819
7.52371
7.72942
7.79009
7.85719
8.18795
7.78118
7.36555
7.30063
7.54754
6.94961
7.12137
7.13876
6.97545
7.35625
7.31665
7.41934
7.53552
7.49791
7.69739
7.84249
7.59114
7.38453
7.35277
7.20922
7.2759
7.60541
7.17124
7.50582
7.59876
7.74401
8.02447
8.1445
8.40327
8.11289
7.76909
7.2668
7.08945
7.52066
6.94808
7.08818
7.57636
7.55856
7.4855
7.44966
7.61944
7.79085
8.01958
7.48321
7.62478
7.85614
7.8699
7.8593
7.52096
7.47065
7.47352
7.84873
8.00927
7.74432
7.71412
7.61101
7.53917
7.60185
7.42696
7.27192
7.85365
8.02309
8.00238
8.52633
7.97344
7.55653
7.86144
7.37883
7.53241
7.2531
7.6422
7.73844
7.67528
8.09649
7.73334
7.54195
7.78509
7.65304
7.8834
7.64033
7.84789
7.87211
8.04644
8.02098
7.71043
7.40564
7.2994
7.25667
7.37078
7.34426
7.5016
7.33659
7.34126
7.15631
7.28006
7.33914
7.11291
7.5036
7.42073
6.99942
7.35109
7.23541
7.31244
7.20502
7.32049
7.23117
7.40686
6.81896
7.31859
7.91889
7.67667
7.66793
7.78751
7.85236
8.14623
8.02505
8.05672
7.91529
7.99393
8.01605
7.76739
7.47486
7.58721
7.47633
8.12698
8.21437
8.07539
7.82783
7.83753
7.52953
7.78016
7.67444
7.64391
7.62511
7.44388
7.29606
7.4903
7.72126
7.61826
7.7091
7.88134
7.29274
7.31437
7.25245
6.82543
6.85906
7.40632
7.35647
7.22423
7.49594
7.65543
8.09758
8.41937
8.32841
8.13786
8.3294
8.05848
8.18318
8.21393
8.70442
8.39454
8.26071
8.59395
8.5332
8.04817
7.64826
7.8653
8.06958
8.28305
8.30199
8.13582
7.77794
8.21454
8.01101
8.19401
7.75756
7.82261
7.96914
7.71985
7.77531
7.23458
7.43933
7.30486
7.87097
7.26763
7.19632
7.00377
7.48759
8.02178
7.47729
7.92072
7.80286
7.31969
7.42638
7.42979
7.26759
7.30711
7.60786
7.20852
7.19352
7.47238
7.42703
7.4428
7.52912
7.91908
7.9594
7.36807
8.25638
8.62065
8.33684
8.42756
7.92056
7.56319
7.62564
7.30241
7.5484
7.82715
7.50712
7.69116
7.42043
7.65717
7.73602
7.75777
7.74824
7.88469
8.23375
8.88031
8.3362
7.92257
8.01314
7.74334
7.80614
7.48549
7.62799
7.60851
7.63499
7.79199
7.90454
8.04029
8.48037
8.64548
8.7856
9.15456
8.65118
8.97412
9.05828
8.72013
8.40122
8.20439
8.17908
7.8026
7.75806
7.76786
7.58575
7.7415
7.59538
7.75665
7.32976
7.15967
7.31466
7.27505
6.85877
6.96975
7.20832
6.95059
7.13586
7.41095
7.41959
7.76461
7.69329
6.97627
7.54561
7.7308
7.3865
7.28895
7.36884
7.35101
7.03943
7.33273
7.10492
7.11322
6.99875
6.98038
7.16321
7.07661
7.23425
7.46564
7.52728
7.44948
7.04312
7.0031
6.96776
6.83599
7.14591
6.851
6.78158
6.97451
7.09319
7.54665
7.61704
7.80858
7.58061
7.30395
6.84171
6.98079
6.75967
6.96721
6.8897
6.86017
7.09888
7.14896
7.29288
7.34597
7.18236
7.35718
7.40563
7.70816
7.83543
7.88158
7.47833
7.52114
7.45947
7.21124
7.29537
6.87851
6.68057
6.81277
6.63987
7.07168
7.36806
7.51506
7.69265
7.592
7.7718
7.45955
7.59781
7.23051
7.04529
7.09644
7.24767
7.319
7.57918
7.53213
7.87561
7.91792
7.6345
7.09943
7.14866
6.99726
7.16053
7.21708
7.14272
7.12881
6.93553
7.2284
7.35186
7.39284
7.79723
8.03563
8.08922
8.02697
7.93467
7.70428
7.84208
8.44559
8.22952
8.17036
7.90865
7.46879
7.39803
7.62241
7.7715
7.56596
7.25547
7.11802
6.84133
7.16524
7.23465
6.73358
7.08979
6.63784
6.2393
6.42785
6.89085
6.95457
7.66933
7.43034
7.10114
7.05688
7.02419
7.02936
7.07935
6.98218
7.09303
6.81721
6.95376
6.92623
7.23576
7.31415
7.36591
7.23108
7.23177
7.55711
7.57478
7.48302
7.54814
7.60953
7.19463
7.02875
7.3813
7.76016
7.39519
7.18035
7.16521
7.19569
7.39935
7.58886
7.83022
7.6547
7.95234
7.80106
8.10355
7.67951
7.70251
7.43846
7.68891
7.74359
7.952
8.14595
7.87321
8.01657
7.50598
8.39146
7.9061
8.25732
8.3332
7.98551
7.85525
8.19833
8.23745
7.91675
8.06542
7.82925
7.45327
7.85136
8.03348
7.86667
7.71964
7.85967
7.6523
7.34491
7.73302
7.6317
7.88248
8.55629
7.66879
7.7719
8.10726
7.70293
7.73124
7.5592
7.70743
7.76774
8.08237
8.01585
7.95919
8.1409
8.15088
7.94342
7.53827
7.39422
7.41092
7.57186
7.76678
8.03438
7.63102
8.17911
7.97497
7.68082
8.02296
7.57982
6.84235
7.17259
7.05132
7.09752
7.05996
7.56633
7.42073
7.25501
7.11711
7.16726
6.95037
6.89178
7.2509
7.6381
7.57107
7.64304
7.53822
7.28158
7.09603
7.18747
7.00109
7.38137
6.83669
6.3553
6.7363
6.60388
6.86858
6.82987
7.47604
7.45019
7.25581
7.30185
7.1425
7.44555
7.5634
7.85263
7.63226
7.49196
7.17144
7.62132
7.69797
7.70713
7.3821
7.84856
8.05057
7.75864
7.88024
7.62781
7.77064
8.00144
7.90441
7.89667
8.20403
8.24946
8.36763
8.38476
8.50743
8.07898
7.83484
7.84557
7.78348
8.14096
7.74465
8.35562
7.77371
7.69615
8.05696
8.02452
7.62463
8.01129
8.08806
8.40225
7.76414
7.747
7.57456
7.8162
7.88972
7.73274
7.94985
7.25464
6.90719
6.53545
6.79254
7.31408
7.46569
7.18939
7.245
7.02621
6.94755
7.34872
7.40994
7.42867
7.74991
7.6653
7.6732
7.68333
7.33501
7.56502
7.57017
7.30634
7.14421
7.71683
7.17631
7.56337
6.96914
7.00482
6.95813
7.55375
7.23505
6.95377
6.98678
7.43782
7.82891
7.89204
7.88869
7.59451
7.57713
7.88711
7.54682
7.60784
7.72172
8.12127
8.54113
8.58578
8.40725
7.84369
8.03051
7.52546
7.12395
6.79731
7.09091
7.54365
7.55021
7.75514
7.0465
7.2266
7.41405
7.60179
7.54819
7.54814
7.76154
7.82483
7.75187
8.14417
7.61792
7.78669
7.89969
7.53713
7.49793
7.53873
7.25897
7.41456
7.58367
7.70665
7.15969
7.61865
7.40571
7.44172
7.60609
7.45185
7.51455
7.36363
6.65353
6.65985
6.38108
6.42583
6.39485
6.45546
6.89624
6.9228
7.27836
6.99744
7.20754
7.68216
7.71116
7.60943
7.56079
7.48046
7.40746
7.21725
7.22028
6.9853
6.83674
7.07677
6.73544
7.00797
6.78503
6.9079
6.76705
6.74743
7.09682
7.13966
7.23297
7.3204
7.43841
7.29094
7.59112
7.75277
7.46687
7.14342
7.25063
7.68581
8.16181
7.84041
7.89209
8.38746
8.02399
8.03591
7.91797
7.90075
8.17455
7.58613
7.7193
7.89024
7.88564
8.14808
7.95436
7.59836
7.10301
7.13793
7.36551
7.52281
7.93424
8.06345
7.9561
7.79969
7.73841
7.82681
7.83114
7.74475
7.614
7.36471
7.5613
7.42633
7.67718
7.55955
7.64941
7.61413
7.92809
7.52331
7.60525
7.55637
7.57125
7.68901
7.95499
7.92536
7.85626
7.97954
7.98183
8.55903
8.16635
8.43837
8.15363
8.17185
8.09651
7.89197
8.36278
8.26817
7.9945
7.86056
7.99937
7.80652
8.0127
7.58577
7.60466
7.9816
7.56712
7.21449
7.24168
7.55723
7.62019
7.91708
7.86451
7.88254
8.19769
8.30381
8.14181
8.23887
7.90024
8.42778
7.8157
8.07874
8.12293
8.27419
7.93459
7.72016
7.37448
7.36798
7.09139
6.99969
7.24985
6.6932
6.76395
6.85213
7.06192
7.34254
7.62973
7.72319
7.66409
7.97241
7.89227
8.338
7.96948
8.063
7.64257
7.77556
8.00586
8.20426
8.31215
8.13413
8.23513
8.14949
7.91814
7.96237
7.57936
7.21952
7.66824
7.82665
7.83422
7.817
7.48876
7.42511
7.28946
7.91857
7.9122
8.18135
8.82707
8.77065
8.89275
8.72011
8.33801
8.16635
8.35382
8.52579
8.32633
7.89692
7.72366
7.93423
8.14818
8.22164
7.73033
8.02279
7.96017
7.4186
7.31768
7.16269
7.36122
7.15052
7.30328
7.61437
7.57591
7.34858
7.26158
7.65924
7.80242
7.21063
7.55202
7.49082
7.63548
7.97148
7.81623
7.57968
7.01544
7.4387
7.17221
7.02581
7.01068
6.63481
6.85894
7.09911
6.65727
6.69421
6.72598
6.50663
6.50624
6.70949
6.79769
6.50762
7.00937
7.2797
7.60206
7.66642
7.62701
7.63513
7.28056
7.26342
7.063
7.06288
6.88288
6.98577
7.13461
7.09666
6.86804
6.98062
7.2113
7.14712
7.14339
7.33176
7.48971
8.07074
8.0453
7.86294
7.99684
8.07428
7.85824
8.0205
8.40101
8.03244
7.76015
7.83807
7.65538
7.49779
7.59573
7.40194
7.57635
7.50046
7.29112
7.57081
7.51773
7.31858
6.96335
7.27276
7.28679
7.4742
7.10684
7.18143
7.6098
7.33636
7.6769
7.452
7.25201
7.30231
7.55731
7.82394
8.78727
8.84706
8.79553
8.71376
8.97511
8.84442
8.96939
8.80546
8.5287
8.78122
8.58369
8.56087
8.57013
8.35564
8.06468
8.52165
8.65034
8.38547
8.13971
8.14011
8.07998
8.54403
8.4456
8.39425
8.61407
8.91499
9.19862
8.75961
8.20994
7.97716
8.12806
8.21102
8.46249
8.54333
9.15458
8.59998
8.4052
8.08921
7.93433
7.95074
7.8062
7.87022
7.5783
7.4712
7.5507
7.37926
7.67059
7.67557
7.65488
7.7937
8.27447
8.35341
8.1819
7.99054
8.11907
7.44145
7.22859
7.34023
7.54901
7.36905
7.71596
7.68092
7.57453
7.69949
7.65758
7.82127
7.44097
7.55008
7.47765
7.54955
7.60038
7.69398
7.71222
8.14523
7.93371
7.93187
7.98367
8.01924
7.96425
7.88822
8.33536
8.31
8.19426
8.11519
8.02499
7.85261
8.07202
7.55134
7.82128
8.16913
7.85682
8.14515
8.00526
7.81643
7.57073
7.82658
7.88999
7.92349
7.89332
8.03903
7.69036
7.90013
8.07546
7.98712
8.05046
7.95796
7.40419
7.90323
7.76271
7.95438
8.19748
8.17054
8.45813
8.1847
7.83973
7.64572
7.52619
7.04761
7.28143
7.6975
7.38403
7.52023
7.47103
7.39898
7.47487
7.51477
7.24615
7.04022
7.62598
7.48537
7.44342
7.74173
7.36709
7.63373
7.74119
7.98411
8.2233
8.25954
8.13316
8.88599
8.93794
8.01881
8.33569
8.12231
8.10782
7.97786
7.72915
7.94426
8.04842
8.16618
8.05446
8.08633
8.00016
8.09118
7.96673
8.07328
8.20703
8.19895
7.77695
7.6303
7.9452
8.19973
8.25714
7.92006
7.58548
7.58627
7.6354
7.82704
7.68275
7.76162
7.69349
7.32459
7.18189
7.06457
6.96135
7.2727
7.50102
7.4805
7.33672
7.54133
7.17434
7.29783
7.11264
7.19416
7.6149
7.4032
7.72867
7.2829
6.86104
7.5246
7.25335
7.04169
6.77101
6.80047
7.04613
6.96399
7.02394
6.59368
6.93218
7.03337
7.28618
7.53499
7.27098
7.27642
7.06714
7.06503
6.75847
6.94018
7.42898
7.42285
7.58521
8.19067
8.00905
7.71031
7.2037
7.35983
7.60623
7.43656
7.42165
7.53247
7.39375
7.48321
7.79768
8.07885
7.54844
7.7624
7.47927
7.48174
7.99861
7.91835
8.02192
8.36482
8.29242
7.70687
7.79241
7.50978
7.41397
7.22694
6.77148
7.10682
7.85029
7.29093
7.22693
6.81265
7.17045
6.9523
7.20258
7.14705
7.08688
7.10012
6.7205
6.82723
6.78591
6.14212
6.74639
6.4007
6.40621
6.73482
6.81828
6.76416
6.75302
6.57948
7.11251
7.64429
7.82082
7.33293
7.09264
7.68044
7.3785
7.16629
7.02114
7.57186
7.66427
7.65954
7.6344
7.72553
8.00863
7.86553
7.58635
7.59049
8.23532
8.42168
8.11065
7.94146
7.78432
7.75205
7.83039
7.72086
7.59479
7.64817
7.92442
7.52539
7.59679
7.11685
7.336
7.01033
7.17028
7.45177
7.32898
7.31597
7.53179
7.17449
6.96327
7.35969
7.61469
7.45018
7.22806
7.24343
7.5291
7.36421
7.33308
7.70748
7.71989
7.48476
7.56852
7.75501
7.88469
8.36429
8.49741
8.08391
8.02876
8.1929
8.13853
8.00635
7.69247
8.16183
8.40909
8.4659
8.21117
8.25801
8.43895
8.66414
8.71697
8.43555
7.89828
7.66236
7.53747
7.61919
7.41647
7.50563
7.35971
6.99748
7.00745
7.10064
7.53505
7.5129
7.52916
8.31309
8.07971
7.75881
7.8327
7.96222
8.09895
7.96112
7.49651
7.45182
7.38299
7.71257
7.36995
6.74013
7.03675
7.05869
7.12515
7.77751
7.91207
7.62834
7.44622
7.49979
7.90658
7.83491
7.93985
8.28628
8.5838
8.1116
8.32416
8.18902
8.27026
8.39376
8.26264
7.90748
8.21998
7.61715
7.43498
7.52932
8.31667
8.24995
8.47555
8.62634
8.32939
7.61694
7.43573
7.4424
7.02464
7.5839
7.62771
7.61817
7.57184
7.65287
7.38537
7.70036
7.48508
7.46854
8.00697
8.46147
8.47877
8.82142
8.49675
8.40422
8.58447
8.81582
8.47913
8.67786
8.58133
8.85261
8.5109
8.54322
8.70144
9.15091
9.16681
9.16956
9.04025
8.81366
8.71743
8.66531
8.45855
8.66183
8.23143
8.47834
8.53482
8.51398
8.62605
8.34383
8.73274
9.23298
8.96451
9.23773
9.03434
8.74282
8.56013
8.54624
8.20401
8.16315
8.29176
7.83237
7.65302
7.87832
8.03357
8.24675
8.74842
8.35937
8.47842
8.77274
8.31908
8.47373
8.14032
7.76024
7.34408
7.00338
7.4899
7.80202
7.63577
7.76275
7.30132
6.89914
7.77787
7.60636
7.70366
7.50001
7.58979
7.64378
7.7329
7.84769
7.6723
7.43539
7.84159
7.71453
7.37473
7.71357
7.53344
7.84768
7.76943
7.74982
7.76927
7.50277
7.24934
7.1497
7.42511
7.51887
7.49204
7.30084
7.28496
7.53147
7.87452
7.69692
7.67625
7.70479
7.90223
7.64973
7.73141
7.95224
7.83574
7.66172
7.65764
7.6094
8.10335
8.08096
7.73505
7.74419
7.56249
7.13641
7.04281
7.05963
6.85877
6.88214
6.77233
6.58434
6.74333
6.53985
6.63289
6.72545
6.80186
6.921
6.81928
6.88089
6.99223
6.93251
6.89086
6.88595
7.10623
7.35011
7.30756
7.41055
7.50726
7.38284
7.51032
7.58961
7.8119
7.62896
7.41431
7.3065
7.43522
7.33959
6.85906
7.14166
6.94796
7.48519
7.54603
7.86868
7.95198
7.98234
7.70954
7.67102
7.54425
7.34674
7.50979
7.87238
7.73955
7.65768
7.89556
7.90209
7.72845
7.49321
6.9063
7.043
7.30603
7.35323
6.96501
7.19078
7.37168
7.15344
7.78599
7.77202
7.89055
7.81176
8.3545
8.41623
8.23298
8.15228
8.56432
8.69159
8.5225
8.49319
8.74691
9.1337
9.42923
9.23751
8.6569
8.47057
7.97309
7.51028
8.07313
8.03621
7.84706
7.78992
7.4324
7.36779
7.45509
6.99665
7.29135
7.21504
7.03974
7.2245
6.96019
7.17206
7.14715
7.15999
7.66927
7.72556
7.94825
7.94679
7.66796
7.94093
7.68111
7.99809
8.26133
7.64757
7.57395
7.36427
7.288
7.41064
7.0986
7.54041
7.37988
6.91705
7.13778
6.90854
7.17973
7.13091
7.04217
7.4204
7.53764
7.42866
7.84015
7.37252
7.25501
7.11348
7.18653
7.06302
7.14718
7.47528
7.74716
7.62297
8.42278
8.64459
8.30682
8.12385
8.01712
7.49905
7.27404
7.68045
7.53179
7.44633
7.51217
7.45669
7.47312
7.20521
7.56579
7.54491
7.53106
7.61388
7.5389
7.66509
7.49332
7.53925
7.08852
6.96273
7.10266
7.59248
7.3221
7.70811
7.75545
7.29091
7.42895
7.14383
7.35199
6.90206
7.28288
7.0381
7.20525
7.41054
7.18711
7.04236
6.65197
6.73361
6.65946
6.90765
7.36214
7.7869
7.52162
7.65205
7.33089
7.5122
7.44745
7.40723
7.07127
7.42776
7.48171
7.4145
7.83292
7.45042
7.7965
7.5516
7.75397
7.71541
7.68534
7.71011
8.02593
8.08314
8.19849
8.02808
8.33614
8.2682
8.25486
8.15273
8.07936
8.02824
7.92643
7.56513
7.64342
7.96802
7.94589
7.77971
7.47881
7.65234
7.34921
7.1425
7.11186
7.36147
7.34445
7.17969
7.67006
7.92527
7.70376
7.94452
7.53689
7.39568
7.77188
7.40387
7.66596
7.62645
7.0534
7.2209
7.05312
7.18247
7.13083
6.83464
7.30937
7.34161
7.87041
7.91916
8.18189
7.82965
7.71463
8.15435
8.23644
8.16147
7.6879
8.06928
7.94069
8.17811
7.9558
8.30724
8.46235
8.55097
9.01663
8.54876
8.04513
7.97626
7.31358
7.15743
6.75174
6.99616
7.2019
6.99756
7.30469
7.59229
7.38724
7.32564
7.29551
7.45511
7.20824
7.75654
7.86584
8.05592
7.94281
7.91071
7.82114
7.86022
7.88764
7.9432
7.43203
7.51048
7.85156
7.91634
7.9783
7.91173
7.73876
7.91815
7.93598
7.62389
7.55364
7.33964
7.50695
6.98201
7.07147
6.8252
7.03608
7.34122
7.16413
7.1556
7.33809
7.03466
7.00785
6.75124
6.89554
6.83469
6.99482
7.13867
7.54872
7.51545
7.56395
7.46237
7.64798
7.98113
7.96524
7.57887
7.67951
8.04475
8.08513
8.28082
7.24808
6.97354
6.96977
7.24743
7.20797
7.15295
6.83012
6.90222
6.68287
6.89442
7.4614
7.41489
7.28411
7.47363
7.5211
7.81383
8.15386
8.22483
7.26321
7.25511
7.06319
7.08065
6.93502
6.81079
6.61672
6.38658
6.93403
7.01399
7.09856
7.36519
7.31623
7.2689
7.67504
7.59373
7.76677
7.79297
8.46132
7.86697
7.1792
6.97851
7.1373
7.20291
7.48284
7.50329
7.55818
7.89298
7.97958
8.00337
8.15947
8.02789
7.66839
7.70724
7.86146
7.84656
7.9006
7.85325
7.26085
7.4551
7.92786
8.22764
8.2838
7.97806
8.17605
8.44024
8.26415
8.32609
8.03432
7.67068
7.83552
7.48683
7.20735
7.10045
7.39492
7.39796
7.58727
7.56055
7.21872
7.05208
7.49563
7.51286
7.35672
7.67387
7.76839
7.3935
7.62848
7.7266
7.43529
7.25767
7.10363
7.65106
7.63724
7.53104
7.64676
7.89423
7.70466
7.54421
7.58394
7.53752
7.55464
7.45123
7.79145
7.64585
7.56889
7.46935
7.38456
7.55718
7.50137
7.44016
7.03082
6.99574
7.07582
6.79462
6.67135
6.8215
6.98768
6.99572
7.06228
7.68285
7.53929
7.23953
7.02354
7.03308
7.09167
7.24385
6.92126
7.20662
6.85678
7.60618
7.5573
7.16459
7.53799
7.8771
7.84946
7.72959
7.67283
7.40387
7.48885
7.39925
7.39603
7.52416
7.43721
7.20441
6.99988
6.78976
7.06629
7.30947
7.2451
7.18018
7.19939
7.29941
7.21526
7.66138
7.61548
7.29705
7.31416
6.97481
7.79139
7.42561
7.48942
7.0207
6.67337
6.83127
6.7183
7.11382
7.29399
7.34315
7.33776
7.17044
7.55514
7.50866
7.71431
7.50603
7.92082
7.8078
7.40389
7.08833
7.00202
7.20252
7.10817
7.05712
6.92646
6.86218
7.09662
7.07769
7.21216
7.24833
7.3281
7.37319
7.18629
7.41136
7.42625
7.62245
8.03779
7.68567
7.70167
8.01165
8.44841
8.23308
7.80787
8.3187
8.18136
7.90014
7.86669
8.11762
7.4554
7.54631
7.59111
7.78655
7.71555
7.5618
7.91129
8.0394
8.51392
8.45995
8.03011
7.85193
7.66908
7.84904
7.72249
7.61072
7.79591
7.79373
7.90702
7.91104
7.78821
7.59129
7.39695
7.39624
7.27592
7.3098
7.36566
7.03742
7.36294
7.32515
7.49104
7.69596
7.58738
7.16725
7.64846
7.88092
7.50619
7.51547
7.12361
7.57338
7.92453
7.74818
7.98326
7.94049
8.08517
8.60159
8.59259
9.04138
8.58753
8.76233
8.30894
8.35558
8.04925
8.11726
8.12962
7.98914
7.90294
7.87599
7.87879
7.81045
8.07734
8.23912
7.72956
7.52856
7.68576
7.67029
7.41226
7.36426
7.02161
6.85723
6.94018
6.83062
6.57844
6.47516
6.59161
6.45487
6.48512
6.75405
6.91712
7.13539
7.35138
7.37736
7.63394
7.58202
8.12514
8.51058
7.82998
7.63744
7.60984
7.54608
7.07582
6.87798
6.75573
6.53356
6.60773
6.25105
6.2554
6.31903
6.39476
6.5715
6.74327
6.82453
6.77923
7.16923
6.45086
6.24834
6.70943
6.68171
7.11166
7.09625
7.09827
6.7937
6.94767
7.13827
7.3629
7.12464
6.98158
7.42638
7.61906
7.95182
7.97437
7.87757
7.70404
7.96682
7.96986
7.25809
7.4301
7.35306
7.32142
7.56631
7.54907
7.3701
7.21511
7.32442
7.06487
7.13815
7.5256
7.38915
7.39599
7.58356
7.53578
7.02997
7.11697
7.4158
7.1823
7.3433
7.47417
7.35028
7.29147
7.76312
8.05711
8.20766
8.07563
8.11278
7.81901
7.74137
7.78101
7.77097
7.74187
7.95504
8.01356
8.16275
8.21999
8.26362
8.01654
8.18242
8.24234
8.02239
8.42172
8.57013
8.41356
7.85773
7.82421
7.50008
7.8881
7.88625
7.86248
7.80138
7.86505
7.90218
8.008
7.77673
7.61999
7.64937
7.40903
7.06405
6.9979
7.2915
7.18054
7.54832
7.89673
7.96947
7.85089
7.03851
7.08035
7.15735
7.03996
6.86816
6.75029
6.87047
7.15637
7.01457
7.16742
6.75099
6.86081
7.22676
7.35136
7.62525
7.14828
7.0723
7.04963
7.2705
7.11646
7.12247
7.10785
7.33829
7.58375
7.46181
7.17475
6.92768
6.63607
6.76832
7.10193
7.31393
6.57895
6.43725
6.40442
6.72053
7.34952
7.37446
7.4015
7.50972
7.21234
7.21712
7.02403
7.74633
7.5171
7.64577
7.76368
7.79084
8.10973
8.10572
8.2214
7.78504
7.4951
7.29698
7.52251
7.12177
7.02569
7.6104
7.43686
7.54631
7.41675
8.04136
8.26733
8.23744
7.85178
8.2644
8.31783
7.75169
7.64387
7.97078
8.03002
8.12563
8.05524
7.95599
7.86728
7.75465
7.85463
8.10808
7.72418
7.96529
8.08961
7.89792
7.89608
7.85296
7.72917
8.03622
7.83949
8.09735
8.14806
7.94927
7.5558
7.42379
7.56175
7.7537
7.45295
7.39649
6.99945
7.49176
7.06485
7.12327
6.81848
7.12309
7.43079
7.14353
7.62273
7.68248
7.64811
7.16784
6.90132
6.93696
6.69603
6.93442
6.45189
6.53396
6.68464
6.7162
6.74072
7.09796
7.2839
7.22539
7.35607
7.43048
7.14645
7.17669
7.1863
7.25878
6.99503
6.67002
7.06091
7.17683
7.45764
7.4867
7.60512
7.79037
7.72891
7.79421
7.69693
7.70875
8.0181
7.84153
7.64164
7.76449
7.858
7.85096
7.66923
7.65138
7.25561
7.65051
8.31606
7.72067
7.55905
8.00949
7.77864
7.81648
7.6537
7.27791
7.41011
7.2703
7.68096
7.54317
7.62091
7.67723
7.38283
7.45739
7.64301
7.31934
6.97038
6.71645
6.89049
6.80574
7.06097
7.29115
6.81899
6.71207
6.93478
7.13411
7.27563
7.26178
7.52292
7.26769
7.13081
6.74879
6.26864
7.00885
7.16809
6.94518
6.75558
6.71144
6.62574
6.399
7.14387
7.25904
7.10422
6.8597
6.84781
7.03568
7.19654
7.45771
7.07439
6.81601
6.80683
6.57831
6.81846
6.54831
6.59398
7.22205
6.97623
7.02309
7.31373
7.21471
7.16521
6.8153
6.54124
6.39461
6.39478
6.7763
6.91445
6.84636
7.09025
7.32
7.19806
7.08274
6.80173
7.06018
7.54291
7.80825
7.45094
8.00458
8.11481
7.40699
7.51889
7.54879
7.41025
7.83237
7.50848
7.73042
7.44886
7.50476
7.74931
8.11494
7.89344
7.38251
8.07531
7.37375
7.44442
6.90849
7.45323
7.40978
7.55455
7.1311
6.99724
7.05625
6.95057
7.74884
7.64549
7.72887
7.71449
7.86155
7.74185
7.69905
7.75744
7.36112
7.45143
7.40339
7.13527
6.93437
7.2756
7.14099
6.91897
6.75214
6.9194
6.95729
6.64289
6.99971
7.05503
7.43081
7.6647
7.99151
7.869
7.77577
7.39467
7.53133
7.25751
7.46646
7.28992
7.21584
7.34891
7.24767
7.55847
7.64246
8.04972
7.65595
7.21192
7.35453
7.34299
7.37864
7.66987
7.53613
7.6342
8.14975
8.62446
7.89104
7.62042
7.82134
8.08376
8.31695
8.2237
8.46538
8.269
8.43325
8.27779
8.53167
8.65599
8.64972
9.04041
8.79363
8.75842
8.96443
8.77159
8.71625
8.44106
8.34624
8.08417
8.12737
7.85184
7.73043
7.66343
8.0682
8.27629
8.08999
7.78126
7.50832
7.57041
7.46358
7.91319
7.56773
7.60987
7.34802
7.41231
7.62433
7.81415
7.79721
7.73174
7.33646
6.81711
6.82656
7.59265
7.60716
7.79264
7.61567
7.66824
7.85007
7.72158
7.60939
7.80054
8.34711
8.00018
8.12796
8.03667
7.68965
7.80601
7.90848
8.20288
8.13269
8.09845
8.27992
7.8278
7.9289
7.71861
8.30466
7.71026
7.24386
7.29261
7.71701
7.87558
7.90659
7.14639
6.89129
7.39359
7.63211
7.56287
7.29087
7.40719
7.56775
7.25896
7.29166
7.26976
7.08344
7.49033
7.96012
8.01446
8.39814
8.2239
7.9461
7.70116
7.84079
8.02867
8.1982
8.38758
8.30413
8.20144
7.75396
7.56933
7.72447
7.93169
7.76737
7.40388
7.48092
7.48483
7.58332
6.71019
6.63333
6.84016
6.75927
7.32205
6.9214
7.35377
7.86278
7.77086
7.834
8.19524
7.8613
7.94397
7.50257
7.3986
7.84731
8.03314
7.85652
7.72839
7.5558
7.64834
7.84597
7.89845
8.16051
8.73323
8.3277
7.82343
7.86735
7.58817
7.41702
7.61165
7.73811
7.86652
7.71874
7.59101
7.83687
7.35631
7.76345
7.62203
7.32542
6.71696
6.7485
6.54082
6.81378
7.23927
7.45161
7.33172
7.0355
7.09531
6.89059
7.08157
6.83526
7.07965
7.46585
7.59806
7.81182
7.63718
7.62439
7.59474
7.40016
7.52323
6.91306
6.78074
6.78492
7.1522
6.91143
7.07265
7.2828
7.7048
7.47517
7.76553
7.80856
7.83016
8.0906
8.17283
8.09021
8.20293
8.18964
8.22312
8.52131
8.69478
8.76455
8.80766
8.25239
8.36224
8.66303
8.65592
8.2134
8.06568
8.48724
8.23619
7.94103
8.00482
8.07186
8.25508
8.18982
8.19693
8.0361
7.50166
7.61231
7.23072
7.33924
7.47858
7.67446
7.947
8.2799
8.41858
8.40881
7.96349
8.12235
7.65966
7.64199
6.96186
7.43203
7.89653
7.87865
8.07089
8.19518
7.7319
7.39384
7.1673
7.49719
7.81874
8.07732
8.0684
8.61977
8.66474
7.90729
7.59324
7.52297
7.47724
7.26786
7.23645
7.577
7.96099
7.68776
7.795
7.45679
7.5444
7.93977
7.98033
7.75605
6.97789
7.18491
7.64224
7.89237
8.09445
7.97917
7.93101
7.34281
6.8561
6.80029
6.60697
6.72658
6.71403
6.50597
6.75243
6.92158
6.96965
6.55813
6.62456
6.78929
6.89069
7.38013
6.83823
7.0253
7.6392
7.31695
7.17456
6.99676
6.96764
6.86014
7.35575
7.09521
7.59893
7.50809
7.17945
6.99328
7.06151
6.94197
7.1586
7.24137
7.54078
7.95319
8.74248
8.26904
7.74164
7.3581
7.45989
7.29109
7.09834
7.16863
7.38434
7.34494
7.26306
7.52797
7.49262
7.25341
6.92443
6.62889
7.07338
6.6556
7.15132
8.03682
8.34152
8.0732
7.89963
7.85372
8.34903
8.59118
8.72424
8.40215
8.43258
8.1332
7.86927
7.68393
7.59656
7.59557
7.28432
7.5447
7.57517
7.77676
8.17268
8.17855
7.96558
7.92962
7.59317
7.59276
8.00994
8.08792
8.10265
7.68531
7.00742
6.57752
7.08665
7.22752
7.17897
7.44718
6.95892
6.84392
7.47853
7.56656
7.44663
7.6005
7.64009
7.67959
7.96884
7.65656
8.00877
8.16571
7.71356
8.14557
8.14492
7.77446
7.74631
7.74069
7.34988
7.3213
7.3055
7.33386
7.05504
7.29014
7.70289
8.01597
8.33503
7.93956
7.6122
7.54287
7.80627
7.44627
7.44792
7.0093
7.14185
7.46418
7.07528
7.43579
7.5291
7.31145
7.43797
7.36411
7.64399
7.6126
7.665
7.56288
7.39058
7.37321
7.41388
7.71038
7.71557
7.61033
7.27752
7.56746
7.60828
7.56866
7.72094
7.87201
7.59907
7.64409
7.98402
7.85329
7.34134
7.67222
7.71462
8.0119
7.60615
7.56078
7.74439
7.63369
7.72933
7.36034
7.84332
7.85903
7.79527
7.42899
6.98165
6.84458
6.99401
7.10263
7.01373
7.20438
7.50086
7.50388
7.9899
8.30424
8.27794
7.94137
7.5193
7.34826
7.05619
6.87524
6.63205
7.05763
6.72402
6.77247
6.94188
6.95493
7.03866
6.8826
6.86707
7.33391
7.30533
7.65373
7.47431
7.49241
7.45105
7.3523
7.35807
7.57038
7.41118
7.37507
7.51219
7.42998
7.19897
7.69256
7.51912
7.02857
7.0395
7.05832
7.16746
6.68094
6.94566
6.87576
6.87353
6.89165
6.76773
6.9658
6.99759
6.54969
6.64478
6.36826
6.26797
6.63854
6.47423
6.7337
6.92954
7.15208
7.10069
7.35121
7.86618
8.05623
7.97634
8.04793
7.87361
7.90707
8.1693
8.00217
8.35733
8.53244
7.87296
7.61923
7.78587
7.7897
8.04663
7.66887
7.76946
7.38189
7.70231
7.91078
8.21443
8.24252
8.26611
8.20448
8.14138
7.76894
8.17713
8.24164
8.05802
8.29488
8.31297
7.98561
7.79485
8.37315
8.29627
7.81584
7.47894
7.43361
7.55987
8.09185
8.01421
7.93092
8.37138
8.25229
8.35861
7.69448
8.09408
7.80198
7.68159
8.02552
8.32484
7.97455
7.69427
7.8363
8.45382
8.25221
8.36404
7.93688
7.62487
7.41978
7.2461
7.61446
7.57731
7.6327
7.74564
7.54343
7.79854
8.0943
7.98811
7.98798
7.85742
7.5937
7.54112
7.46983
7.82726
7.75417
7.51486
7.36369
7.64648
7.86919
8.17839
8.58514
8.80184
8.82803
8.20954
8.29168
7.9514
7.84093
7.8411
8.06499
8.02027
7.54354
7.71124
7.85449
7.75116
7.69185
7.65228
7.70394
7.70644
7.64824
7.15441
7.08564
7.09362
7.2199
7.36265
7.66133
7.82111
7.95633
8.04427
8.04705
7.9829
7.89138
7.57513
7.33478
7.47975
7.20767
7.44133
7.22014
7.26987
7.31547
7.31835
7.89011
8.25221
8.18201
8.64064
8.48574
8.54537
8.66139
8.20472
8.52484
8.22868
8.02763
7.97532
7.62314
7.91566
7.53711
7.19059
6.95167
7.17832
7.21788
7.53034
7.25955
7.35396
7.34041
7.1964
7.27377
7.44957
7.93929
7.78991
7.4957
7.69236
7.42803
7.61133
7.45778
7.57223
7.90769
7.63077
7.76896
7.93424
7.7034
7.59402
7.45248
7.49261
7.43137
7.50088
7.76061
7.55124
7.68658
7.41465
7.41403
8.2431
8.27065
7.78318
7.90065
8.00593
7.80054
7.93499
7.999
7.62476
7.61001
8.33935
8.03394
7.93952
7.98934
8.20895
8.33472
8.33118
8.05929
8.19926
8.06291
8.34727
8.33065
8.31916
8.55114
8.29468
8.00984
7.63097
8.04848
7.688
7.921
7.8463
7.76521
7.6476
7.59708
7.82911
7.91272
7.55269
7.68887
7.83106
7.71288
7.59705
7.18039
7.39744
6.67517
7.13545
7.09322
7.15277
7.47133
7.61727
7.52105
7.67207
7.74079
7.59493
7.6751
7.61232
7.91574
8.26518
7.69727
7.10554
7.03679
7.0152
7.31885
7.54464
7.70261
7.88158
7.5468
7.45342
7.26992
7.76757
7.61679
7.87834
8.16191
7.92037
7.89973
7.79805
7.80197
7.71509
7.73015
7.76384
8.08412
8.45989
8.81088
8.51839
8.4577
8.88555
8.14732
8.15651
8.259
8.24406
7.91268
7.77927
7.90208
7.61429
7.69849
7.8042
7.70471
8.18749
8.61344
8.29697
7.67489
7.71326
7.58509
7.06228
6.8576
6.90123
6.94294
6.84814
6.64707
7.04471
7.32808
7.10494
7.08585
7.4125
7.32934
7.20811
7.86127
7.80624
7.82781
8.01149
7.49219
7.10841
7.345
7.50101
7.05056
6.98785
7.24103
7.0275
7.25098
7.021
7.26759
7.46902
7.43305
7.41095
7.03621
7.27493
7.53951
7.69117
7.59405
7.4298
7.1997
6.82413
7.14222
7.52414
7.21361
7.533
7.39074
7.30109
6.88663
7.18305
7.03891
7.1705
7.13089
6.96962
6.89136
6.94169
7.21716
7.41432
7.60972
7.39862
7.22537
7.25046
7.31514
8.05911
7.73126
7.51495
7.28495
7.04393
7.28834
7.00084
7.07681
6.95775
7.00025
7.04879
6.7847
6.97303
7.36752
6.81221
6.7278
6.88054
6.72797
6.67796
6.78111
7.15923
7.11829
6.53062
6.59218
6.4018
6.76495
7.09909
6.95153
6.97446
6.76562
6.542
6.74623
6.95893
7.30174
7.44215
7.12985
7.63173
7.69644
7.49257
7.52377
7.35293
7.27452
7.6674
7.6818
7.86684
7.67532
7.45895
7.69804
7.99568
7.9353
7.89629
7.92572
7.09466
6.99016
6.83373
7.50409
7.40808
7.23541
7.12573
7.69069
7.9007
7.9202
7.49595
7.15208
7.03002
7.44896
7.80095
7.56304
7.84515
7.25332
7.37319
7.13333
7.04657
7.13006
7.1713
6.90039
7.06649
7.09459
6.93341
6.94756
6.63147
6.9952
6.77625
6.95762
7.05694
6.90765
6.93593
6.97311
6.62565
6.77203
7.18339
7.48908
7.30079
7.01694
7.05568
6.70708
6.74463
6.60683
6.70652
7.01841
7.12194
7.66794
7.30023
7.56825
7.58914
7.52313
7.95787
7.75767
7.6071
7.2468
7.16844
7.28351
7.39619
7.62589
7.47211
7.60721
7.44525
7.30036
7.59848
8.3561
8.279
8.20368
8.17814
8.4082
8.71991
8.71768
8.39279
8.34599
7.85676
7.95881
8.32966
8.07477
8.47381
8.37745
7.51785
7.40015
7.14434
7.29086
7.11066
6.86471
7.11014
7.49149
7.6641
7.77021
7.81213
7.91546
7.66833
7.73411
7.6098
7.33154
7.6437
7.53677
8.11256
8.13649
7.59422
7.47166
7.7604
7.15162
7.39351
7.67378
7.60661
7.46058
7.25705
7.27707
7.13741
7.02637
6.88433
7.0526
7.37599
7.43686
7.61812
7.62018
7.96427
7.60763
7.0696
6.976
6.92757
6.83394
6.86482
6.62611
6.85305
7.14735
7.22801
7.03665
7.05534
7.51688
7.69784
7.39835
7.83008
7.31411
7.35592
7.60262
7.45099
7.41694
6.84521
6.57967
6.65299
6.90959
6.72767
6.30197
6.25397
6.23593
6.31898
6.56443
6.34541
6.56482
6.79862
6.59705
6.70498
6.8906
6.63924
6.61366
6.78837
6.91522
6.99735
6.78682
6.98843
7.08799
6.77984
6.7188
7.35961
7.41512
7.24185
7.36002
7.536
7.68697
7.58251
7.81628
8.07058
8.006
8.38749
8.05293
7.97995
8.12841
7.96224
8.20239
8.36374
8.28109
8.08418
8.31448
8.41986
7.82873
7.80586
7.90268
7.46968
7.3084
7.88974
7.76607
7.38422
7.7008
7.30091
7.60597
7.73565
7.84206
7.71867
7.3935
7.84234
7.34394
7.35385
7.20347
7.5714
7.43892
7.24729
6.9735
7.11304
7.32375
7.63641
7.25668
6.99318
6.62592
6.3884
6.46666
6.49245
6.65233
6.85131
6.61542
6.71255
7.08065
6.98756
7.28518
7.31426
7.46556
7.45276
7.20077
7.31345
7.41414
7.4
7.26273
7.07526
7.18517
7.35302
7.74686
8.04848
7.33872
7.4378
7.33541
7.12053
7.08377
6.95363
7.20764
6.90362
6.98131
7.23416
7.27811
7.03255
7.0964
7.48624
7.46517
7.87344
7.5515
7.94062
7.47669
7.77773
7.73998
7.41215
7.5473
7.94011
8.2805
8.05906
8.09905
8.21091
7.80677
8.03125
8.27403
8.1629
8.08455
7.99218
7.81381
8.38214
7.94871
7.95339
7.78428
8.2286
8.13989
8.3506
8.27858
7.85595
7.57273
7.36406
7.41173
7.6689
7.83493
7.49955
7.55501
7.70159
7.74369
7.65097
7.87342
7.60816
7.68534
7.18779
6.43177
7.0045
7.22597
6.78297
7.3433
7.19749
7.23483
6.90333
6.72521
7.02636
6.99905
7.13937
7.43717
7.23377
7.24955
7.09792
7.53236
7.6606
7.54683
7.54731
7.6169
7.44767
7.25439
6.84173
6.96471
7.19311
7.39941
7.70894
7.7243
7.7622
7.75201
8.01965
7.36312
7.28634
7.2789
7.37581
7.54028
7.1304
7.6133
7.31166
6.89602
7.17572
7.54898
7.70453
7.92165
7.69827
8.47982
8.60658
8.92857
8.65558
8.00009
7.306
7.46757
7.55364
7.51254
7.73556
8.07633
8.22458
8.313
8.26017
8.21298
7.85865
7.63498
7.49934
7.45007
7.16763
7.73623
7.88872
8.17127
7.90718
8.11954
8.20678
7.64244
7.69867
7.6231
7.70508
7.55569
7.64004
7.69181
7.72496
7.85816
8.00356
7.62103
7.50441
7.4372
7.79776
7.85339
7.48699
7.9865
7.70922
7.97876
7.66475
7.64013
7.07526
6.87321
7.21297
7.20474
7.30675
7.44698
7.40304
7.45941
7.88999
7.98301
7.98774
8.45507
8.80462
8.37457
8.00669
8.24865
8.24005
8.09226
8.06961
7.98419
8.00866
7.30861
7.46051
6.86306
7.30916
7.14512
7.18679
7.42337
7.9496
8.18076
8.34659
8.57154
8.12901
8.36482
8.20366
7.83113
7.37263
7.06927
7.31483
7.25373
7.31024
7.88122
7.76607
7.30217
7.80771
7.92649
7.71019
7.5603
7.46353
7.37426
7.53686
7.69835
7.55567
6.98589
7.16948
7.18279
6.68596
6.77971
7.1235
7.22538
6.76514
7.16204
6.98238
6.61969
7.54274
7.50479
7.93469
7.7412
7.80174
7.54765
7.83147
7.91381
7.95446
7.79942
7.68893
7.62967
7.49113
7.23504
7.33888
7.45205
7.6917
7.7663
7.94348
8.01969
7.72789
7.98422
7.91659
7.66662
7.5442
7.95007
7.8616
7.62176
7.42534
7.65662
8.48254
8.43974
8.01561
7.74609
7.68454
7.93805
8.12259
8.76267
8.88053
9.06028
9.19215
8.74852
8.62811
8.13865
7.97966
7.79621
8.37355
8.62764
8.83891
8.68758
8.78514
8.66858
8.59424
8.51622
8.31206
8.11259
8.11808
8.18617
8.3377
8.31902
8.41877
7.84271
8.48765
8.24937
8.22281
8.43003
7.76494
7.96076
7.72869
7.82633
7.50337
7.81082
7.77843
7.24952
7.74468
7.75417
7.73651
7.67263
7.78467
7.81663
7.69655
7.49772
7.35107
7.36908
7.44475
7.47599
7.44252
7.38422
7.18242
7.10063
6.99073
7.04898
7.62086
7.76991
7.56168
7.44334
7.12172
7.05994
6.833
7.0949
7.06257
7.09573
7.15034
6.80342
6.70106
6.8137
7.686
7.68967
7.87371
7.7267
8.05807
7.81987
7.67846
6.98514
6.96229
6.96459
6.99057
6.81858
6.85374
6.70212
6.9161
6.44339
6.80528
6.6832
6.65343
6.59726
6.56314
7.15102
7.48078
7.01193
7.73555
7.92734
7.80613
7.90232
7.43684
7.49806
7.41993
7.89821
7.54366
7.29114
7.21725
7.34493
7.28541
7.33427
7.11473
7.06836
7.35874
7.70204
7.58313
7.95572
7.8051
7.72322
7.13638
7.12327
7.15896
7.12699
7.44611
7.46335
7.95469
7.72867
7.93332
7.6399
7.23021
7.14688
7.67404
7.78732
7.29439
7.45198
7.13702
6.99636
7.03796
6.71725
7.2239
7.1664
6.98424
7.43022
7.83213
8.21934
8.55061
8.45932
8.40793
8.62602
8.11099
8.51945
8.44783
8.21993
8.31281
7.73241
8.17589
7.78667
8.14522
7.82877
7.47385
7.74376
7.9907
7.70035
7.63717
7.28895
7.61551
7.57869
7.7193
7.69801
8.00383
7.81074
7.72738
8.00701
7.48989
7.48222
7.48397
7.57874
8.24875
7.60007
7.34709
7.276
7.78817
7.31401
7.39718
6.92228
7.23852
7.21141
7.68265
7.72143
7.50719
6.89267
6.52075
6.45087
6.72151
6.98073
6.81964
7.26647
7.21803
7.02151
6.91511
6.51566
6.59523
6.34509
6.68208
6.94051
6.99705
7.37365
7.59345
7.83527
7.86774
7.60126
8.05244
7.98392
7.68018
7.26673
7.14776
7.29247
7.37206
7.33754
7.82052
7.3296
7.3974
7.16397
7.40311
7.33517
7.41118
7.27979
7.58504
7.70182
7.29498
7.55163
7.59688
7.48174
7.90522
8.14444
7.78925
7.31958
7.68331
8.1959
8.02713
8.14257
8.02874
7.54735
7.66492
8.07977
8.21646
7.66518
7.92856
7.89993
7.71186
8.12516
8.15264
8.21118
8.31011
8.56496
8.38406
8.09376
7.76124
7.63421
7.05992
7.12777
7.08038
7.09503
7.21707
7.39125
7.33577
7.11158
7.21661
7.48667
7.72493
7.58012
7.63022
7.07694
7.28228
7.04225
7.35137
7.51218
7.74053
7.56395
7.79267
8.01785
7.40705
7.44314
7.38428
7.03778
6.9405
7.65031
7.58404
7.74847
7.62433
7.9251
7.64523
7.32112
7.76718
7.43006
7.57835
7.06979
7.14629
6.96679
7.31192
7.55445
7.80158
7.59846
7.74678
8.1852
8.06052
8.04244
8.06846
8.02486
8.28365
8.3612
8.36674
7.94465
8.24702
7.47559
7.9667
7.93747
7.6565
7.37733
7.1935
7.13619
6.82252
7.05125
7.45774
7.07215
6.92633
7.09781
6.94373
6.85293
7.09595
7.18164
6.99782
6.97021
7.39384
7.253
7.24433
7.10383
6.73252
6.5027
7.03653
7.49334
7.69181
7.8585
7.83486
8.34081
7.9879
7.73772
7.3193
7.04013
7.16442
7.14413
7.55361
7.62708
7.38853
7.33382
7.30522
7.70577
7.99183
7.38088
7.55081
7.79178
7.64688
7.82682
7.73188
7.30893
7.7026
7.62909
7.39997
7.41729
7.82338
7.81231
7.83481
7.77545
7.98772
8.27215
7.81885
7.85637
7.786
7.95543
7.76418
8.15792
8.22052
8.96181
8.84507
8.58725
8.44024
8.33756
7.83957
7.25345
7.2913
7.22664
7.30431
7.30422
7.71806
7.71644
7.63279
7.56568
7.73924
7.4649
7.52824
7.66154
7.45949
7.47954
7.72627
7.97829
7.66358
8.14134
7.80347
7.64688
7.97465
7.90767
8.14367
8.13409
8.22255
8.3729
7.90252
7.64328
7.55055
7.62242
7.73182
7.28931
7.91975
8.03855
8.20115
7.77175
7.75719
7.87012
8.0328
8.50654
7.99598
7.95715
7.87647
7.65391
7.58594
7.75215
7.67552
7.62348
7.29133
7.37323
7.30986
7.67588
7.85122
7.77204
7.64016
7.03285
6.80596
7.15188
6.86672
6.92257
6.99439
6.77116
6.54338
6.80897
7.33897
7.58806
7.93051
8.15568
8.29111
8.19459
8.08599
8.14838
8.03826
7.75384
7.74675
7.56791
7.2095
7.47417
7.5344
7.7012
8.11604
8.02214
7.85552
7.93961
7.89971
7.77042
7.7026
7.29729
7.64207
7.63435
7.48871
7.99394
8.29897
7.99553
8.18114
8.30328
8.32546
7.77799
7.38661
7.16965
6.87596
6.81775
7.11926
6.755
6.7173
6.848
6.5518
6.64318
6.63395
6.92317
7.03779
7.18427
6.87821
6.81929
7.19428
7.54127
7.67627
7.78421
7.98549
7.97038
7.96398
8.12616
8.15824
8.18794
8.3764
8.19212
8.43688
8.64422
8.46256
8.18315
7.84186
7.58588
7.89123
8.1609
8.0099
7.68946
7.52296
7.4664
7.41402
7.80045
8.25762
7.63056
7.0449
6.77756
6.96898
7.11829
7.3915
7.54433
8.12588
8.30055
8.083
7.75159
7.41955
7.4143
8.30294
8.05669
7.67951
7.61549
7.72955
7.88808
8.04533
7.70158
7.66088
7.57817
7.66499
7.53787
7.1739
6.67186
7.18541
7.3855
6.74093
7.16269
6.85636
6.96256
7.02854
7.36037
7.17419
7.13835
7.07502
7.1123
6.92244
6.95171
6.99191
6.75157
6.86392
6.86917
6.64336
6.44739
6.57201
6.81608
6.7301
6.55618
6.67531
7.16479
7.46867
7.62452
8.02637
7.7959
8.19626
7.58653
7.36477
7.16623
7.13641
7.12259
7.5634
7.56571
7.62134
7.65952
7.52936
7.58561
7.75088
7.10962
7.01763
6.69445
6.87588
6.75684
6.62933
6.9153
6.86444
7.08886
7.2931
7.57811
7.79621
7.62987
7.87371
7.80566
7.78509
7.47309
7.59685
7.42235
7.53814
7.28985
7.09055
7.10362
7.55494
7.56306
7.06037
7.61013
7.38391
7.32963
7.52437
7.67233
7.85885
7.65954
7.24946
7.57242
7.27703
7.09987
7.42668
7.62946
7.67139
7.51487
7.77309
8.23125
8.11121
8.13891
8.03142
7.46101
7.611
7.79807
7.86024
7.43894
7.24253
7.59027
7.76428
7.89932
8.09359
8.26475
8.77078
8.60075
8.56258
8.62406
8.94576
8.63504
8.32477
8.64084
8.76547
9.15675
9.15614
9.35614
8.06724
7.77884
7.9683
8.0405
7.89419
7.7457
7.25695
7.48217
7.67975
7.65012
7.66269
7.46748
7.67859
7.49537
7.26031
7.74073
7.85663
7.57321
7.55901
7.4017
7.41527
7.64645
7.82826
7.44338
7.54729
7.22077
7.17359
6.66979
7.17745
7.31709
6.91502
6.7438
6.98822
7.36606
7.56659
7.45947
7.43506
7.24555
7.44936
7.25391
6.98433
7.31533
7.72945
7.32991
7.25329
7.25137
7.37087
7.85208
8.00711
8.14789
7.84341
7.65921
7.68771
7.54551
7.55193
7.16738
7.35721
7.07278
7.04842
7.25142
7.62888
7.76618
7.85625
7.46703
7.52044
7.65479
7.52688
7.60048
7.78745
7.89766
8.33079
8.07579
8.36561
8.17528
8.41017
7.75254
7.8305
8.12247
8.14471
8.67507
8.45486
8.34209
8.75142
8.58201
7.91751
7.73507
7.70626
7.6412
7.76333
7.95758
7.79023
7.79284
7.77432
7.9454
8.21474
8.31224
7.47024
7.33233
7.47817
7.13975
7.30969
6.77948
7.0561
7.52837
7.01159
7.14145
6.85675
6.82349
7.20956
7.06636
7.18422
7.34808
7.32995
7.0132
7.00371
6.79298
7.01245
7.14052
7.13317
7.1808
7.22346
7.78827
7.66094
8.03949
7.46027
7.61876
7.34506
7.6028
7.52389
7.66774
7.86087
7.65334
7.93387
8.13184
8.28168
8.38035
7.89608
7.93527
7.48058
7.61496
7.53686
7.74034
7.86167
8.11907
7.72111
7.33023
7.19779
7.28004
7.19162
7.71303
7.62206
7.76487
7.63211
7.62939
8.04159
8.41414
7.85331
8.16233
7.85798
8.18345
7.66569
7.46252
7.55796
7.74658
7.80256
7.42547
7.75997
7.68731
7.65176
7.42016
7.19972
7.56584
7.39149
7.46543
7.35188
7.59091
7.71394
7.49509
8.25461
7.78428
7.97427
8.21125
7.88184
7.79586
8.11058
8.19024
8.37622
8.24293
7.7698
7.70743
7.76895
7.87967
7.94679
7.60958
7.52283
7.23162
7.01069
7.19738
7.53923
7.51123
7.56841
7.73855
7.82135
7.27924
7.89742
8.00021
8.19735
8.2783
8.45334
8.02904
7.6679
7.64292
8.04117
8.03827
7.64688
7.47702
7.12083
7.36639
7.09019
7.42563
7.61199
7.3479
7.54329
7.44906
7.78936
7.91968
7.46356
7.86716
7.8409
7.82176
7.38902
6.81317
6.26891
6.80957
6.9224
7.12796
7.2179
7.5308
7.65264
7.79694
7.58849
7.23547
7.0639
7.61688
7.47737
7.62105
7.56046
7.97154
7.96264
7.80032
7.62228
7.67418
7.18371
7.38724
7.55785
7.3551
7.50237
7.68419
7.73725
7.80109
7.83907
7.57905
7.85792
7.69742
7.87374
7.96597
8.13575
8.1602
8.16794
8.10167
7.59737
7.52197
7.17103
7.6211
7.6863
7.94468
7.97226
7.42531
7.22661
7.16035
6.97994
6.76031
7.20853
6.99583
7.70482
7.48299
7.68091
7.7076
7.79877
7.34925
7.33236
7.2617
7.40532
7.46156
7.3259
7.00825
7.21419
7.55259
7.73705
7.59795
7.38236
7.22005
7.71088
7.28041
7.48525
7.64224
7.84423
7.83236
7.69508
7.5383
7.42415
7.54031
7.62545
7.68261
8.2362
7.85754
7.85027
7.79646
7.21421
7.65028
8.00286
7.46797
7.41597
7.50047
7.64266
8.12338
8.24358
8.49299
8.29178
8.15272
8.48695
8.37159
7.91846
7.88911
7.94482
8.16575
8.06192
7.97925
7.9187
8.04082
7.99436
8.30113
8.50738
8.63275
8.44533
8.15032
8.15332
8.03518
7.9439
8.16232
7.95112
8.33088
8.12896
7.77604
7.52832
7.83019
7.36404
7.04149
7.20242
7.5417
7.6928
7.34142
7.2199
7.37657
7.39422
7.48356
7.49922
7.79915
7.55162
7.76186
7.2057
6.83365
7.6333
7.55985
7.65568
7.1606
7.39909
7.26102
7.01924
6.81126
6.99786
6.65166
6.95438
6.95592
7.29795
7.41104
7.11517
7.05208
6.88772
6.96325
6.84081
7.08067
7.2778
6.97091
6.66517
6.99085
7.00812
7.29897
7.31316
7.27888
7.20511
7.17057
7.59766
7.99138
7.67124
7.51589
7.67126
7.36876
7.22034
7.09938
7.35423
7.72521
7.52404
6.9328
6.808
6.95294
6.84405
7.24925
7.17882
6.69421
6.66822
7.1136
7.2016
7.38197
7.55351
7.25772
7.19179
7.17475
6.90859
6.59615
6.49608
6.96769
7.13155
7.16065
7.24859
7.23313
7.48357
7.36826
7.50189
7.40356
7.22102
7.20921
7.2767
7.07606
7.04119
7.38484
7.36996
7.1454
6.82632
7.32531
8.00785
7.79809
7.8702
8.0684
7.94475
7.98182
7.90762
7.06695
7.2153
7.36617
7.35694
7.01868
6.97696
6.63823
6.41682
6.25289
6.30018
6.29003
6.42104
6.40318
6.25411
6.40093
6.73648
6.94802
6.93559
7.12365
6.93161
7.679
7.03736
7.24433
7.59107
7.85344
7.65663
8.00257
7.77224
7.93221
7.94063
7.409
7.58065
7.67376
7.85653
7.89778
7.75044
7.27624
6.84347
7.05358
7.03291
7.52736
7.6593
7.44548
7.36513
7.75431
7.32999
7.21634
7.18112
7.20785
7.87431
7.7377
7.57864
7.61024
7.68055
7.91831
7.66559
7.66714
7.2755
7.22251
6.60989
7.26933
7.20891
7.33119
7.37069
7.35869
7.22729
7.70641
7.58477
7.68526
7.48807
7.64093
7.38168
7.31842
7.52485
7.5574
7.61048
7.33109
7.05518
7.24851
6.86278
6.89781
6.71731
6.78373
6.93555
7.12486
6.94343
7.12408
6.50038
6.71175
7.41003
7.4964
7.63661
7.56661
7.60198
7.58643
7.57166
7.37178
7.03851
6.95788
7.07099
7.46397
7.54856
7.28847
7.28046
7.31176
7.02673
6.88122
7.27917
7.34528
7.92572
8.17823
8.25292
8.03906
7.74514
7.26723
7.01526
7.10389
6.92762
7.08012
7.26732
7.78639
7.60715
7.81846
7.60838
7.86155
7.3633
7.34206
7.12699
7.26613
7.40831
6.98482
6.95677
6.97421
7.21978
7.48338
7.40101
7.32853
7.40902
7.02782
7.33076
7.2715
7.14816
7.09344
6.9458
6.7542
6.61677
6.72055
6.69729
6.66913
6.71332
6.76445
6.92407
6.81483
6.85682
6.89636
6.7794
6.83242
6.55297
6.48111
6.59152
6.8104
6.89167
7.24622
6.9386
7.16337
7.66358
7.63939
7.41475
7.3584
7.03594
7.25014
7.28052
6.87198
6.63777
6.86242
7.05655
7.33815
7.22852
7.73643
7.62955
7.66964
7.26259
6.989
6.7603
7.22453
7.10167
7.16745
7.32984
7.32731
7.25193
7.28824
7.33953
7.57689
7.47154
7.35029
7.26068
7.19108
6.90786
7.69935
7.39229
6.64929
6.77003
6.53999
6.64652
6.90586
6.87766
7.09405
6.89385
6.7366
6.6614
6.85199
6.81985
6.67269
6.70069
6.98763
6.8513
6.70922
6.87765
6.97453
7.03891
7.25344
7.44838
7.43617
7.52389
7.50821
7.59605
7.99003
7.73352
7.65782
7.47398
7.45406
7.65175
7.94055
7.77281
7.75767
7.46437
7.96783
7.67719
7.8429
8.23806
8.12752
8.07981
7.75932
7.76673
7.73672
7.80913
7.22202
7.09239
7.096
7.11718
7.85231
7.94164
8.00252
8.38799
8.13763
8.30937
8.06184
7.99818
7.72012
7.29249
7.27273
7.77902
7.83959
7.8365
7.41791
7.64609
7.54165
7.58853
7.71192
7.77081
7.72215
7.92313
7.92563
8.01879
7.86842
8.00054
7.79694
8.04345
8.58958
8.29301
7.91622
7.4637
6.76136
6.98532
7.25377
7.48745
7.4956
7.7452
7.98774
8.14659
8.21995
7.85761
8.16396
8.13778
8.3316
8.35541
8.02592
8.00574
7.64066
7.82088
8.18041
7.65019
7.84114
7.49479
7.43528
7.99957
7.82235
7.90713
8.00793
8.34124
8.0406
7.96332
7.50316
7.30051
7.83376
8.18368
7.97679
7.97747
8.12285
7.7618
7.53987
7.16475
7.19881
7.40001
7.90299
7.84187
8.08931
7.89605
7.95632
7.88716
7.8926
8.21219
8.35747
8.25963
7.90533
8.26215
8.74981
8.54475
7.69514
7.87588
8.17436
8.12565
8.06309
8.20909
8.03348
7.96126
8.05912
7.87347
8.45688
8.90811
8.72383
8.95499
8.96164
8.94173
8.51697
8.50287
8.14097
8.09351
8.13922
7.79366
7.77254
7.86677
7.64546
7.89553
7.67607
7.49925
7.57141
7.65363
7.44104
7.49016
7.54663
7.36575
7.25046
7.53598
7.63743
7.20371
7.43402
7.64818
7.33267
7.44576
7.6602
7.43883
7.43409
7.65079
7.51707
7.7737
7.8287
7.67268
7.85434
7.50393
7.50747
7.45647
7.39865
7.70583
7.92511
7.67527
8.02205
7.60655
7.63594
7.72326
7.95014
8.38952
8.48047
8.14998
7.86413
7.77207
7.68514
7.90436
7.77836
7.49018
7.94691
7.62603
7.61315
7.56983
7.74555
7.79683
8.05462
7.03006
7.29503
7.65453
8.01343
7.63737
7.37795
7.39295
8.0432
8.0366
7.76766
7.9086
8.10324
7.89634
7.88569
7.84189
8.05993
7.8393
7.67231
7.95813
8.06734
7.77707
7.81137
7.70437
7.47554
7.46252
7.53158
7.39193
7.67417
7.91534
7.37108
7.7343
7.958
7.88804
7.72094
7.88547
7.58098
7.8909
7.98013
7.774
7.93303
7.65445
7.64308
7.76622
7.8122
7.55783
7.66035
7.52503
7.75403
7.93288
7.82727
8.07847
8.37165
8.0282
7.58495
7.51356
7.94072
7.62091
7.6334
8.18789
8.77108
8.34979
8.24247
7.74833
8.33849
8.81683
8.05966
8.06696
8.45534
8.31169
7.68635
7.98392
8.01822
7.8176
7.69741
7.63694
7.92931
7.68139
7.54951
7.2139
7.08355
7.36298
7.23936
6.79934
6.94562
6.75723
6.93608
6.97395
7.50333
7.54248
7.03318
7.3468
7.2192
7.20236
7.46674
8.03851
8.05736
7.79699
7.88602
7.71056
7.38518
7.97563
8.41671
8.46756
8.47827
8.09797
7.89846
7.62811
7.45257
7.66185
7.47243
7.60346
7.58563
7.75526
7.99579
7.82329
7.77234
7.6717
7.79246
7.55442
7.56207
7.74456
7.83323
7.62543
7.69294
7.92201
7.59964
8.07734
8.49618
8.20791
8.31137
8.84066
8.48338
8.59774
8.46905
8.1541
7.76806
8.45903
8.85509
8.65038
8.33085
8.29864
8.23525
8.44853
8.6877
8.59779
8.2897
8.26252
8.10625
7.71223
7.62484
7.5398
7.75183
7.93994
7.79456
7.61331
7.82306
8.19685
8.33027
8.31699
8.46813
8.46301
8.63116
8.39672
8.01387
8.01431
7.78295
7.28632
7.42377
7.75162
8.11278
8.59259
8.81559
8.77481
8.58944
8.38964
8.20395
8.59704
8.93157
8.1065
7.88027
7.77186
7.77156
7.5424
7.43485
7.92121
7.84497
8.00337
8.31474
8.54601
8.05142
7.8032
7.89777
8.31186
8.07651
7.81749
8.11184
8.30128
7.89581
7.79357
7.38518
7.18631
7.20788
7.36092
7.29553
7.67112
7.36007
7.27991
7.06538
7.6966
8.00595
7.91003
7.79131
7.84885
7.34751
7.48277
7.63305
7.58033
7.54678
7.25402
7.31609
7.59761
7.11573
7.11194
7.08138
7.02187
7.04442
7.1304
7.35938
7.83605
7.72797
7.3928
7.5048
6.97819
6.9479
7.10806
6.75552
6.79421
6.80232
6.95537
7.14165
7.05417
6.98692
7.20424
6.92863
7.23914
7.54338
7.34341
7.56597
7.32956
7.31214
7.52244
7.10702
7.02523
6.99118
6.44495
6.78676
6.80646
6.6825
6.86467
7.1023
7.37498
7.5733
7.88674
8.12314
7.90437
7.87647
7.50048
7.48697
7.5848
7.83369
8.12261
7.92884
7.61772
7.62947
7.64964
7.69306
8.0069
7.46253
7.33751
7.5818
7.2909
7.24951
7.24544
6.92225
6.98408
7.14231
7.67752
7.47811
7.49647
7.05079
7.43215
7.70456
7.7341
7.94974
7.56341
7.46984
7.22893
7.53778
7.32238
7.31515
7.05455
7.29002
7.60605
7.70052
7.28936
7.28072
7.18122
6.95486
7.2164
7.0894
7.35574
7.22743
7.33695
7.74404
7.73833
7.64721
7.66184
8.12431
8.34576
8.25614
7.86683
7.7735
8.15939
7.97336
8.1985
7.8813
7.98972
7.67421
7.71509
7.90759
7.89291
7.58643
7.7434
7.36554
6.6541
6.43184
6.49979
6.68989
7.06325
7.24001
6.95909
7.1576
7.50695
7.21218
6.97074
7.10895
6.99079
6.77918
6.86589
7.25724
6.98787
7.36299
7.20291
7.01303
7.24828
7.23323
7.11503
7.36115
7.91937
7.7252
7.55453
7.37658
6.88054
6.72049
7.14321
7.35309
7.15502
7.38199
7.36234
7.19709
7.42073
7.46992
7.50241
7.19603
7.14798
7.16902
6.61456
6.81455
6.46954
6.35216
6.86378
6.60709
6.74904
6.89414
6.98097
6.96328
7.0107
6.94247
6.94971
7.06642
6.99439
7.04013
7.45187
7.24869
6.93931
6.98866
7.17558
6.63067
6.70666
6.63374
6.7841
6.73417
6.9435
7.06727
7.03833
7.33642
7.37604
7.03816
7.09184
7.00875
6.97677
6.72713
7.10425
6.77813
6.64034
7.07356
6.92179
7.03843
6.75578
7.65089
8.00766
7.74404
7.535
7.60027
7.78486
7.549
7.24448
7.15705
7.93614
7.619
7.34234
7.11206
7.31417
7.29044
7.12711
7.11064
7.25997
7.33409
7.31237
7.49176
7.08665
7.11704
7.17187
7.42684
7.87981
7.54239
7.64001
7.28957
7.52928
7.21859
7.47616
7.60199
8.0917
8.14939
7.99212
7.64943
7.77968
7.45685
7.66432
7.20979
7.22926
7.40287
7.47415
7.1849
7.10202
7.16039
7.36095
7.15589
7.22582
7.45666
7.66818
7.56485
7.53175
7.30776
7.78192
7.68696
7.86275
7.22535
7.21496
7.23202
7.07601
6.95922
7.47776
7.30408
6.85453
6.65675
6.5925
6.93339
7.01614
7.18259
7.16665
7.33834
7.34541
7.25459
7.0656
7.04086
7.24074
7.17412
7.32501
7.13226
7.06069
7.42962
7.71285
7.73526
7.69623
7.5131
7.7256
7.73825
8.05365
8.17422
7.84497
7.59105
7.48293
7.79977
8.01408
7.64335
7.82314
7.53405
7.8199
7.71699
7.27452
7.32015
7.34225
7.388
7.79846
7.7519
8.05931
8.1736
7.51989
8.27747
8.29797
8.14413
8.46094
8.6359
8.53921
8.37871
8.84051
8.74944
8.72611
8.44091
8.50655
8.33781
7.41498
7.10002
7.01865
7.03273
6.94093
7.02697
7.23842
7.17513
7.01089
7.21279
7.20113
7.29578
7.43735
7.36003
7.3037
7.78939
7.84438
8.04973
8.65811
8.00626
7.58968
7.6359
7.6911
7.82129
7.84967
8.05893
7.88745
8.50591
8.18175
7.87819
7.79104
7.69553
8.37571
8.47685
8.22116
8.23576
8.57273
8.02503
7.67436
7.93644
8.048
8.08857
8.09561
7.46514
7.30955
7.35851
7.73395
7.38575
7.69745
7.58116
8.19347
8.0806
8.40243
8.30386
7.61905
7.52364
7.66607
7.10111
7.02646
7.02535
7.7071
8.01866
7.44311
7.54857
7.80555
7.19364
7.22013
6.98199
6.77677
6.88628
7.236
6.86698
7.11816
7.35046
7.21636
7.38004
7.02989
7.55797
7.96713
7.55117
7.79897
7.59535
7.9478
8.24113
8.08635
8.2258
7.97245
8.03898
8.04623
7.89872
8.15973
8.18327
8.04575
7.82359
8.02978
7.80466
8.11575
8.01787
8.15281
7.64981
8.28927
8.07814
7.8126
8.02349
7.82459
7.3978
7.20287
7.68206
7.7109
7.55779
7.8301
7.82857
7.70037
8.26364
8.07869
7.40061
7.39721
7.40122
7.51965
7.14371
7.56423
7.25813
7.42385
7.67175
7.19943
7.36341
6.98562
7.45629
7.33466
7.59913
7.93984
7.47093
7.58999
7.71446
7.93008
7.51102
7.72964
7.48002
7.38131
7.50187
7.43862
7.29188
7.37283
7.4477
7.59631
7.31077
6.94252
6.92102
7.27108
6.80145
6.47723
6.7556
7.08911
7.97833
8.32596
7.61749
7.28705
7.48401
7.60283
7.21845
7.39029
7.41994
7.42192
7.3258
8.1419
7.93386
8.65833
8.78099
8.24291
8.09753
7.83236
7.54951
7.61243
7.54169
7.38483
7.5285
7.87747
7.47625
7.32761
7.12567
7.7677
7.77866
7.9034
8.04028
7.62711
7.37742
7.09164
7.1845
7.28847
7.15474
7.16085
7.1375
6.97068
6.59722
7.00803
7.10713
7.4263
7.22764
6.9618
7.13082
7.51565
7.55232
7.57789
7.51396
7.77218
7.2114
7.10052
7.07894
7.04187
7.03134
7.05186
7.55307
7.0329
7.0984
7.38827
7.40096
7.12418
7.17934
7.53092
7.51007
7.16044
7.42527
7.35789
7.21303
7.4678
7.62899
7.33918
7.33964
7.98618
8.15818
7.93001
7.7791
7.81511
8.23436
8.14296
8.24183
8.33439
8.24824
8.29032
8.22961
7.9226
8.13918
8.0103
7.82923
8.14664
8.10841
7.81978
7.3472
7.41513
7.3547
7.44869
7.76533
7.33472
7.3114
6.79848
7.09332
7.1761
7.19646
7.8859
7.58423
7.42863
7.49428
7.79823
8.23615
7.80476
7.63255
7.62996
7.24567
6.95296
6.7163
6.90215
7.15078
7.27814
7.03491
7.06557
6.7707
6.7908
6.79864
6.60918
6.75253
6.46097
6.85044
7.10252
7.47246
7.43386
7.79927
7.96949
7.80959
7.58165
7.4626
7.091
6.83567
7.44628
7.56827
8.0925
7.84526
8.16523
7.64713
7.27115
7.33856
7.10907
7.36995
7.20299
7.67829
7.6561
7.60369
7.67547
7.63619
7.64615
7.34461
7.07984
6.90731
7.13323
6.90019
6.68624
7.26739
7.13016
7.29933
7.52922
7.4247
7.37977
7.30754
7.10078
6.68193
6.96634
7.37611
7.25718
7.19019
7.06979
7.53046
7.5765
7.37137
7.04978
7.36583
7.19981
7.48083
7.68022
7.56676
7.36852
7.02064
7.31664
7.66601
7.17199
7.53751
7.6309
7.65749
7.62109
8.1855
8.047
7.59152
7.42019
7.2465
7.03926
7.2156
7.51875
7.56277
7.48939
7.20809
7.15598
7.54599
7.33325
6.99862
6.80993
6.31101
5.85714
6.25789
6.47472
6.20932
6.34423
6.83566
6.89581
6.5547
6.75376
6.83752
6.88929
7.02835
6.96225
7.02162
7.16347
6.87523
6.86352
7.0586
7.08091
7.10409
7.26933
7.1599
7.12049
7.3448
7.83413
7.76624
7.6437
7.59182
8.044
8.00081
7.52008
7.45882
7.43536
7.7505
7.83123
7.54579
7.20764
7.22871
7.38674
7.27914
7.37533
7.4909
7.3512
7.47688
7.80754
7.56886
7.52958
7.50357
7.93383
8.17022
8.51746
8.35866
8.34422
7.85951
7.91392
7.9255
7.71895
7.93962
8.03551
7.60596
7.46947
7.44859
7.69566
7.87533
8.29816
8.24927
8.29791
8.27564
8.24367
8.04083
7.64776
7.5445
7.72504
7.97816
7.96082
7.81504
7.54272
6.71413
6.74455
7.14677
7.32115
7.38709
7.67742
6.91097
7.19301
7.41891
7.74547
7.61844
7.3962
7.4578
7.51692
7.67438
7.42271
7.44813
7.72234
7.39845
7.23382
7.22133
8.00029
8.04606
8.13093
7.82387
7.90143
8.3653
8.26448
7.75481
8.18635
8.48676
9.18809
9.05756
9.29742
9.2389
8.947
8.78441
8.42136
8.57684
8.3026
8.12096
7.85448
7.84178
7.70553
7.59873
7.52681
7.9415
7.9938
7.72404
7.59237
8.06495
8.27566
7.8496
7.4989
7.07883
7.33748
7.40616
6.97781
7.28396
7.0299
6.88126
7.51824
7.7613
7.84253
7.46925
7.32179
7.35095
6.88009
6.68272
6.97806
7.01806
7.25051
7.16392
6.77018
7.06192
6.5381
6.76452
6.73423
6.89832
6.57386
6.78157
6.86953
7.26107
7.67222
7.77216
7.76392
7.68955
7.59737
7.57312
7.44461
7.78478
7.85569
7.80492
7.79134
7.59774
7.25758
6.5756
6.98941
6.83949
7.08027
7.16454
7.27902
7.40692
7.26163
7.13455
6.92068
6.9565
6.95047
7.14058
7.23951
7.2783
7.84193
7.36515
7.19177
7.1094
7.04509
6.98795
7.20116
7.46642
7.54176
7.53163
7.24286
6.9332
6.62901
6.73681
6.56824
6.70111
6.65504
6.57808
6.65149
6.73644
6.78835
6.5546
7.12638
7.504
7.66107
7.39071
7.44418
7.89601
7.90917
7.66191
8.04184
7.5791
7.14086
7.05184
7.20022
7.08394
7.23856
6.765
7.14259
6.80975
7.10757
7.0314
7.00208
7.30902
7.29224
6.91464
6.89854
7.41816
7.70017
7.3479
7.59949
7.52175
7.56446
7.20061
7.18021
7.65351
6.96442
7.26291
7.43133
7.17368
7.45224
7.68574
7.57578
7.81783
7.90113
7.56929
7.66949
7.58146
7.42716
7.29835
7.23966
7.5007
7.60703
7.34815
7.31526
7.32352
7.09994
7.20754
7.64172
7.87127
7.40549
7.65374
7.89285
7.69361
7.76124
7.38854
7.72902
7.34647
7.46793
7.1739
7.50648
6.87624
6.85084
6.94732
7.49246
7.14988
6.72634
7.15092
6.92732
7.02936
7.23214
7.43174
7.16404
7.47955
7.54622
7.89177
8.24145
8.07063
7.84901
8.32764
8.20945
8.37014
8.40152
8.39954
7.96429
8.41698
8.34017
8.48468
7.94328
7.18793
7.32023
7.54936
7.80306
7.62323
7.60431
7.42143
7.25983
7.66128
7.97106
7.68068
7.52914
7.50162
7.22908
7.54266
7.83605
7.82645
7.95896
7.57287
7.52619
8.10967
8.01973
8.32443
8.38724
8.28247
8.37813
8.3257
8.05496
7.76986
7.62419
7.98317
7.89554
7.42947
7.69005
6.7897
6.72111
6.95486
6.65987
6.43401
7.04639
7.15608
6.82143
7.29075
7.18632
7.16816
7.25647
7.26477
7.3712
7.39726
7.52367
7.48087
7.26864
7.6509
7.33527
7.34559
7.67671
7.72858
7.57506
7.47361
7.57075
7.79715
7.78766
7.9692
8.1763
8.29431
7.75058
7.43268
7.47431
7.60951
7.29194
7.3474
7.42352
7.54899
7.7234
7.45295
7.29194
7.32377
7.54734
7.63638
7.68186
7.62922
7.78197
7.80244
7.54567
7.47893
7.7084
7.66162
8.02454
8.16795
7.99461
7.20294
7.10114
6.96301
7.13
7.59729
7.3695
7.34066
7.48399
7.47373
7.56781
7.48882
7.43473
7.85022
7.8862
7.59986
7.65468
7.22613
7.59044
7.30003
7.41778
7.43913
7.20657
7.17511
6.89996
6.56615
6.86852
7.30521
7.38448
7.51815
7.08153
6.98477
6.88274
7.04403
7.33098
7.0621
7.0721
6.86023
7.02767
7.09401
6.9574
7.03674
7.36904
7.19221
7.07277
6.83965
7.18816
7.37439
7.27743
7.3513
7.07266
7.14362
7.21386
7.51739
7.64204
7.73599
7.99155
7.23599
6.99969
7.85699
7.7538
8.05795
7.96653
7.91561
7.77282
7.19792
6.99292
6.98456
7.10404
6.75737
7.17179
7.09225
7.17447
7.58938
7.05224
7.13105
7.00646
6.9309
7.15238
7.47577
7.4283
7.26988
7.18193
7.10944
7.51781
7.38844
7.10707
6.69972
7.0277
6.83396
7.06229
7.33307
7.50603
7.90079
7.68087
8.00619
8.13773
8.09045
8.23677
7.84895
7.37135
6.97042
6.9242
7.12283
7.23564
7.14947
7.01848
6.91768
6.80315
7.08247
7.22401
7.70296
7.52454
7.25568
7.38264
7.43599
7.49386
7.35842
7.36503
7.68535
7.46856
7.53905
7.82401
7.25444
7.02859
7.22539
6.46463
6.5109
6.53995
6.8295
7.22006
7.35178
7.06132
7.01534
6.99491
6.67629
6.60604
6.77969
7.40324
6.90243
6.89561
7.42984
7.46913
7.22628
7.19465
6.96615
6.69199
7.17604
6.63437
6.73337
6.6157
6.74785
7.3419
7.88996
7.81183
7.74898
8.14518
8.23558
7.76221
7.59922
7.32652
7.01642
7.30148
7.49798
7.29992
7.11656
7.2557
7.43771
7.28493
7.25778
6.89874
6.85348
7.13157
7.33739
7.39344
7.47241
7.50455
7.07613
7.52485
7.62989
7.61289
7.85075
7.68809
7.57995
7.6461
7.6861
7.90061
7.47803
7.4798
7.32423
7.00659
7.24306
7.26469
7.10743
6.97859
6.88598
6.90297
6.88824
6.78387
6.93426
7.01865
6.72407
6.96905
6.67686
7.32278
6.9418
6.89128
6.73764
7.16633
7.18655
7.41933
7.08577
7.03357
7.07976
7.19784
7.43437
7.80751
8.15445
7.95959
7.81868
8.47614
8.25984
8.47392
7.99749
7.84571
7.94546
7.59747
7.58681
6.9993
7.18563
7.2972
7.2399
7.3949
7.61313
7.79279
7.60277
7.47231
7.47206
7.46859
7.41847
7.64029
7.99763
7.60109
7.31534
7.3756
7.36641
7.39403
7.16284
7.63107
7.43511
7.34361
7.54847
7.96745
7.86037
7.65778
7.39819
7.73799
7.69933
7.83987
7.87168
7.60624
7.57102
7.50859
7.85716
8.23539
8.38661
8.20301
8.04329
7.85155
8.06166
8.10722
7.73605
7.61581
7.67001
7.18798
6.83584
6.89666
7.04035
7.15097
7.39302
7.84753
8.07336
7.76876
7.9701
8.12715
7.64125
7.5864
7.28877
7.46429
7.40458
7.42576
7.5619
7.4269
6.81799
7.03792
7.12623
7.45142
7.56679
7.44015
7.02001
7.11909
7.2565
7.28748
7.22959
7.4656
7.29109
7.57785
7.73755
7.31845
7.37205
7.04221
6.72312
6.85744
7.11773
6.84972
6.77629
7.11453
7.18045
7.46358
7.84098
7.73561
7.55542
7.64065
7.36717
7.15092
6.99369
7.2671
6.93436
6.78741
6.43918
6.77383
6.654
6.05543
6.98218
6.4358
6.49519
6.32602
6.11992
6.1405
6.40789
6.35665
7.07697
7.59866
7.73767
7.81865
7.35692
7.36321
7.37679
7.62673
7.38611
7.61096
8.00441
8.12671
8.37887
7.79244
7.72936
7.66075
7.8353
7.58208
7.90099
8.05439
7.87934
7.88227
8.08274
7.98866
7.9507
7.56487
7.70431
8.18767
7.88471
7.76672
7.78923
7.61727
7.62491
8.08963
8.00708
7.82745
7.68308
7.46834
7.77756
7.56156
7.93882
7.90577
7.89987
7.99547
8.11065
8.61344
8.18102
8.4338
8.091
7.55354
7.64937
7.7176
7.7888
7.95166
7.74568
7.81851
7.84966
8.06707
7.93214
7.81087
8.40826
7.54928
7.48977
7.72209
8.35931
8.41003
8.15048
8.18739
7.91435
7.15579
7.53958
7.73742
8.1503
7.85558
8.09808
7.96252
7.45477
7.52918
7.7429
7.53951
7.49245
7.15504
7.24335
7.21127
6.99522
7.12277
7.10331
7.25167
7.34571
7.48151
7.67367
7.45273
7.5005
7.20535
7.65399
7.81574
8.23689
8.30957
8.03577
7.84281
7.83639
7.44746
7.9098
7.78751
8.23817
8.06066
8.06729
8.05033
7.79137
7.95428
8.01845
7.748
7.63123
7.63818
7.31181
7.5822
7.91593
8.21814
8.04903
7.63705
7.82691
8.08352
8.25918
7.87864
8.04955
8.18644
8.13928
7.8332
7.90304
7.44345
7.7863
7.90716
7.73138
7.69208
7.92487
7.65244
8.02132
8.02956
7.93215
8.08294
7.75458
7.65294
7.51873
7.28028
7.21587
7.10767
7.32381
7.66528
7.69599
7.22135
7.18162
7.36212
7.41048
7.76831
7.08676
6.84058
7.05689
7.00563
7.08634
7.56612
7.42573
7.71719
7.65539
7.9119
7.53364
7.63054
7.78138
7.78915
7.56172
7.35143
7.31147
7.45515
7.18693
7.3453
7.47506
7.56006
7.48596
7.48906
7.5083
7.2715
6.92926
7.43203
7.85771
7.86996
7.91898
8.38184
8.34393
8.11413
7.85306
7.89713
7.95887
7.57585
7.60239
7.66082
7.64339
7.80776
7.91261
8.13422
7.8478
7.82362
7.84608
7.67903
8.10603
7.97551
7.89704
7.90726
7.3726
7.45915
7.69952
7.92938
8.59831
8.77922
8.34455
8.46602
8.08292
7.97314
8.4534
8.27745
8.61352
8.2424
7.82487
7.75118
7.6685
7.67882
7.40271
7.88324
7.5337
8.31736
8.0758
8.22881
7.82062
7.93388
8.42881
8.38564
8.35928
8.17711
8.39021
7.77318
7.68811
7.87097
7.67112
7.56806
7.8893
7.41115
7.48326
7.48766
7.72406
7.645
7.24283
7.16096
7.36299
7.31336
7.39569
7.65369
7.74829
7.45021
7.62805
7.53913
7.64304
7.75738
7.59406
6.98707
7.48516
7.40643
6.83958
7.03161
6.84538
6.77466
6.70927
6.67344
6.66108
6.68366
7.2066
7.53377
7.25713
6.83554
7.22973
7.07891
7.37526
7.58663
7.64398
6.97343
6.96359
7.24526
7.3407
7.49822
7.63958
7.92245
7.96569
8.10687
8.06035
7.80449
7.57996
7.64983
7.80489
8.71893
9.21528
9.13163
8.7773
8.34813
8.26746
7.95469
8.44651
8.55139
8.69506
8.74081
8.13346
8.31601
8.17565
7.86607
7.66585
7.33797
6.9096
7.15564
6.65696
7.04551
6.76441
6.9473
7.11189
6.93121
6.98306
7.08897
6.91657
7.33826
7.3115
7.53293
7.68738
7.84449
8.08574
8.18493
8.13788
7.8331
8.44826
7.70197
7.77159
7.67334
7.85801
7.97277
8.14629
8.03241
7.97971
8.11138
7.55005
7.58628
6.92598
6.75306
6.13801
6.48147
6.39757
6.54338
6.49509
6.68298
7.56187
7.9787
8.11224
8.27508
8.24217
8.35647
8.17164
7.69299
7.7346
8.24783
8.42746
8.39778
7.99657
7.61941
7.69525
7.60493
7.85778
7.6547
7.52387
7.51284
7.96984
7.9657
8.51069
8.45283
8.63393
8.66718
8.38126
7.9747
7.53752
7.31065
6.92724
7.15966
7.24311
7.07903
7.66246
7.31748
7.23308
7.58715
7.35533
7.84707
7.91197
8.10735
7.6717
7.50789
7.91205
8.53515
8.67334
8.51898
8.12694
7.92949
7.287
7.65918
7.66712
7.668
7.50267
7.9805
7.39847
7.36122
7.03233
7.20381
7.20024
7.40774
7.61756
7.75548
7.9929
7.96462
8.13344
8.27018
7.77148
7.35481
7.29347
7.36296
7.76402
7.69983
7.92289
7.4895
7.35336
7.29148
7.60962
7.39194
7.54177
7.73833
7.82132
7.41534
7.80967
7.46052
7.68699
7.58976
7.51505
7.53064
7.41826
7.69193
7.6288
7.59912
7.52463
7.59924
7.56356
7.76157
7.51383
7.59624
7.56147
7.65004
7.38294
7.34383
7.63321
7.63838
7.2672
6.53601
7.15331
7.29399
6.82921
6.87163
6.42285
6.31024
6.73649
6.8725
7.32506
6.96593
7.18354
7.222
7.40001
8.00964
8.13547
8.01839
7.55276
7.67569
8.11495
7.8249
7.87998
8.02732
7.94127
7.89951
7.81716
7.70123
7.89279
8.11238
8.19113
7.80584
7.66485
7.91271
8.12531
7.85927
7.79786
7.77863
7.71133
8.29984
8.23577
8.16523
8.08813
8.31782
7.9426
7.78231
7.81291
7.46742
7.96275
8.22124
8.41963
8.38893
7.96722
7.68824
7.51964
7.88442
7.67462
7.67944
8.17063
7.71228
8.11859
8.17843
7.59958
8.31539
7.64156
7.82157
8.03291
8.28625
7.8252
7.04317
6.95365
6.65495
7.0511
6.84909
7.09146
7.05894
7.32786
7.33831
7.69449
7.63419
7.60142
7.61406
7.71817
7.64818
7.68308
7.509
7.60228
7.02106
7.28196
6.97507
6.68503
6.81483
6.71128
6.90825
6.91759
6.8904
6.7145
6.72364
7.26904
7.24787
7.65916
7.59495
8.50173
8.0683
7.93694
8.14509
8.0081
7.32633
7.06359
7.26812
7.2462
7.2386
7.43271
7.64966
7.96387
7.98934
8.34226
8.24459
8.29302
8.15245
8.25747
8.32855
8.30235
8.13518
8.13771
7.87551
8.05542
8.28492
8.40869
8.28582
8.26021
8.64601
8.43373
7.9985
8.03215
8.20763
8.07336
7.96919
7.79606
7.88658
7.93292
7.91242
7.98918
8.28917
8.53995
8.37877
7.79418
7.55739
8.52865
8.19849
8.15652
7.8478
7.95228
8.14585
8.2034
8.20033
8.02984
8.52686
8.76866
8.74569
8.25007
7.5811
7.58546
7.36655
8.01708
8.21957
7.83446
7.14666
7.14245
7.25702
7.31628
7.41257
7.8587
7.66343
7.9085
7.84499
7.75737
7.82091
7.54775
7.59329
7.72381
7.5787
7.53949
7.47868
7.60657
7.99239
7.34042
6.99645
6.88305
7.44945
7.39003
7.16556
6.82715
7.26863
7.56784
7.61487
7.46699
7.42967
7.60347
7.68398
7.89393
8.29804
8.23763
7.98958
7.73994
7.06646
7.28697
7.14787
7.44448
7.17266
6.92904
7.09634
7.24181
7.00049
7.03282
6.82935
7.30121
7.23575
7.34252
7.31989
7.77339
8.02377
7.80734
7.46462
7.78919
7.83634
7.91589
8.37754
8.63274
8.5144
8.55975
8.13888
8.08143
8.47046
8.22391
8.18597
8.40257
9.1154
8.94828
8.48709
8.12609
8.68694
8.70534
8.29781
8.44948
8.40547
9.08222
8.67094
7.84154
7.48088
7.27409
7.5043
7.45888
7.62386
7.71284
7.58689
7.85452
8.11158
8.3095
8.42655
7.90853
8.07135
8.07815
7.95238
8.10656
8.09034
7.71708
7.51067
7.55858
7.57546
7.55886
7.81489
7.62745
7.96119
8.07098
8.38691
8.22676
7.85914
8.04597
8.23243
8.28057
8.2667
7.86018
7.95056
7.35222
7.20722
7.60792
7.83346
7.36648
7.77215
7.88752
7.60545
7.65339
7.93569
8.17665
8.49919
8.6133
8.6254
8.86939
8.44069
7.72885
7.62438
7.36263
6.92447
6.60187
7.0316
7.59917
7.30568
6.95823
6.99805
7.08392
7.50332
7.7519
7.40505
7.50545
7.55216
7.7133
7.52237
7.60351
7.28442
7.61398
7.26069
7.31632
6.98303
6.79102
7.0385
6.69282
6.77793
6.74894
7.22521
7.05913
7.21952
7.21098
7.00967
7.07262
6.91082
7.23255
7.09375
6.76857
6.89849
6.86097
6.89914
7.21501
7.06763
6.78289
6.82691
6.80694
7.37465
7.13654
7.26959
6.67868
6.68676
7.34678
7.36495
7.22543
7.05384
7.44461
7.58652
7.58518
7.62516
7.50811
7.83348
7.89397
7.95107
7.98392
8.81784
8.37807
8.2075
8.27323
7.99706
7.91733
8.01762
7.96664
7.64313
7.1376
7.028
7.29717
7.08681
7.43661
7.326
7.32556
7.29778
7.08452
7.35072
7.37043
7.33579
8.04225
8.17151
7.74151
7.79373
8.03067
8.12855
7.95046
7.34594
7.13195
7.58694
7.76758
7.30011
7.26839
7.49204
7.63983
8.06449
8.29877
8.16137
8.20606
8.23919
8.23012
8.02243
8.12506
7.85438
8.439
8.13056
8.22854
8.54909
8.7008
8.37913
8.10645
8.15286
8.31501
8.33411
8.26277
8.17346
8.26338
8.40699
8.30817
8.73758
8.96412
8.67972
8.7232
8.58873
8.13809
8.08031
8.15679
8.3977
8.23297
7.782
7.98476
7.74998
7.70439
7.59929
7.46138
7.59357
7.41791
7.71558
6.95263
7.33588
7.62867
7.37589
7.06214
7.08799
7.70139
7.45148
7.13473
7.02415
7.40578
7.08301
7.5633
7.09279
6.86668
6.83356
6.98107
7.11769
6.93132
6.81654
7.02522
7.25695
7.48248
7.29396
6.60844
6.97337
6.72998
6.84582
7.00426
7.11524
7.31987
7.60905
7.73997
7.79459
8.17012
8.2313
8.40358
8.12964
7.88529
7.97406
7.53292
7.8553
7.59948
7.64472
7.363
7.03113
7.11498
7.03272
7.31373
7.38946
7.53871
7.82683
7.79352
7.36564
7.59206
7.33292
7.23197
7.13241
7.29878
7.89397
7.70898
7.74078
7.79235
7.40001
7.53077
7.81113
7.79581
7.9498
8.21084
8.01192
8.08936
7.84523
7.94983
7.86517
7.91848
7.65107
7.45955
7.41674
7.3721
7.05375
7.00533
7.23716
7.0163
6.99762
6.81098
6.85036
6.98084
7.27597
7.19811
7.27443
7.26983
7.36487
7.89626
7.44198
7.90625
8.29598
7.7312
7.75962
8.07122
8.54704
7.99073
7.64468
7.41247
6.87974
6.78817
6.83356
6.65714
6.98268
7.38033
7.26753
7.36775
7.53614
6.78303
6.70129
6.79384
6.77621
6.80313
6.50488
7.10545
7.10961
7.01316
7.16795
7.38103
7.06557
6.94725
7.00191
7.49683
7.29756
7.08245
6.92117
7.62779
7.73058
7.67419
7.32958
6.83798
6.55141
6.84542
6.78359
6.73054
6.21787
6.34769
6.48738
6.53974
6.91583
7.12174
7.27952
7.19684
7.43508
7.51027
7.47183
7.51455
7.53229
7.58314
7.41688
7.6246
7.52436
7.38941
7.30066
7.20942
7.29112
7.07939
7.16845
7.55424
7.5515
7.338
7.49067
7.48707
7.48435
7.66356
7.91077
8.0057
7.83034
8.1304
7.93621
7.64376
7.584
7.26974
6.99565
6.96469
7.31915
7.1876
7.27609
7.63034
8.05901
7.58312
7.55856
7.35345
7.14077
7.56651
7.33994
7.4353
7.21081
7.18938
6.99842
6.93581
7.08905
7.30884
7.25163
7.90042
8.22562
8.24388
7.81339
8.17526
7.74217
7.67771
7.48844
7.43695
7.3791
7.68901
7.92522
7.90936
7.69544
7.6368
7.69733
7.69207
7.88515
7.64596
7.45396
7.45598
7.26661
7.25761
7.4422
7.40529
7.73088
7.89692
8.46971
8.85463
8.80258
8.62844
8.20085
8.26822
8.62602
8.70043
8.91173
8.79213
9.13979
8.84791
8.76852
8.83183
8.56011
8.25488
8.5852
9.10713
9.01603
8.78671
8.51615
8.91076
8.43335
8.39169
8.13054
7.9361
7.91721
7.78772
8.09759
8.31117
7.98828
8.10551
8.05441
8.63797
8.92664
8.98059
8.70064
8.29573
8.49124
8.55524
8.95612
8.87004
8.95499
8.16831
8.15805
8.08003
7.89403
7.97813
7.97743
8.19148
8.19141
8.14061
8.21353
8.411
8.75344
8.77418
8.32501
7.9789
7.6759
7.87943
7.76028
7.74074
7.85321
7.89144
7.92169
7.97757
7.95941
8.21074
7.95039
7.64108
8.10288
7.74244
8.17899
8.1588
7.98907
8.419
7.97475
8.31839
8.15246
7.83827
7.27388
6.94308
7.22734
7.54616
7.45516
7.7099
7.48136
7.1176
7.39534
7.61663
6.849
7.24503
7.58228
7.57628
7.12255
7.21061
7.10258
7.0869
6.88527
6.75829
6.98579
7.04616
7.22484
7.27697
7.25614
7.46462
7.20988
7.47573
7.2955
7.35761
7.46537
7.02785
7.19381
7.133
7.29929
7.07594
7.49798
7.47633
7.20696
7.2956
7.32217
7.62103
7.66698
7.41023
7.05861
7.33627
7.41519
7.05616
7.27195
7.82218
7.87368
7.77791
7.698
8.12354
7.6721
7.43707
7.56283
7.45123
7.72052
7.86551
7.37616
7.44339
7.71085
7.69483
7.94878
7.76202
7.49106
7.65855
7.33242
7.40261
7.11202
7.35673
7.92837
7.22284
6.99084
7.57787
7.66645
8.00697
8.23534
7.97036
7.84832
7.85208
7.62843
7.09149
7.45766
6.95954
7.37743
7.48994
7.73121
7.9858
7.60428
7.89557
7.89487
7.72495
7.86833
7.56495
7.99692
8.06938
8.41002
8.21128
7.96181
8.15383
7.93987
7.6618
7.54795
7.68457
7.70095
8.25974
8.07502
8.24447
7.58949
7.69331
7.83406
7.79768
7.88907
7.59049
7.30374
7.55767
7.45363
7.39334
7.18114
6.9838
7.25925
6.9268
7.09893
7.34314
7.15452
7.30898
7.62833
7.7473
7.9656
7.9978
7.62581
7.77123
7.56815
8.21942
7.9889
8.01277
8.12022
8.18565
8.12539
7.89885
7.91033
7.9185
7.90574
7.90838
7.64994
7.73052
7.3975
7.24715
7.26941
7.40544
7.37936
7.31965
7.38929
7.61481
7.88019
7.98821
8.11439
8.04541
8.06127
7.70372
7.9013
8.10723
7.74044
7.56094
7.39667
7.64516
7.6581
7.80501
7.89526
7.87422
8.05961
7.15222
7.52305
7.26592
7.16474
7.19484
7.69611
7.71152
7.27642
7.21187
7.0206
7.5949
7.42122
7.30806
7.38312
7.51499
7.22072
7.31513
7.4978
7.81681
7.08772
7.25067
7.37696
7.48421
7.72228
7.71844
7.89798
7.72955
8.16065
8.47213
7.90713
7.87913
7.62304
7.61975
8.1878
8.16874
7.69893
7.62881
7.20591
7.67922
7.89563
8.00973
7.7467
7.62899
7.80873
7.33658
7.23994
7.15118
