-8.43329
-8.24149
-8.1915
-8.10591
-8.07354
-7.97762
-7.98518
-7.9138
-7.87205
-7.83368
-7.82857
-7.8677
-7.87358
-7.88791
-7.86259
-7.75572
-7.72466
-7.62703
-7.65443
-7.47339
-7.53205
-7.506
-7.58152
-7.67642
-7.72772
-7.63544
-7.63136
-7.6342
-7.63677
-7.64918
-7.61708
-7.64169
-7.68654
-7.67813
-7.64139
-7.59948
-7.61842
-7.65796
-7.67656
-7.73837
-7.70002
-7.5903
-7.50883
-7.54947
-7.63685
-7.6698
-7.60479
-7.64701
-7.66377
-7.603
-7.58016
-7.61591
-7.6097
-7.58096
-7.65079
-7.68516
-7.7777
-7.77325
-7.79858
-7.69047
-7.7318
-7.72345
-7.68945
-7.70205
-7.65502
-7.62131
-7.60428
-7.60589
-7.69576
-7.65808
-7.67194
-7.61871
-7.56882
-7.62205
-7.65691
-7.57064
-7.54588
-7.68166
-7.78937
-7.80273
-7.76307
-7.71299
-7.74751
-7.70425
-7.65296
-7.59429
-7.63209
-7.66365
-7.61402
-7.61002
-7.60418
-7.60056
-7.61738
-7.62989
-7.60817
-7.59572
-7.53486
-7.56497
-7.5703
-7.55248
-7.54707
-7.5115
-7.48237
-7.49845
-7.50579
-7.4988
-7.47699
-7.48899
-7.51143
-7.51173
-7.52751
-7.54707
-7.56543
-7.53525
-7.56842
-7.58752
-7.57019
-7.50884
-7.51548
-7.55143
-7.45995
-7.4689
-7.45695
-7.45913
-7.50758
-7.5694
-7.6335
-7.59422
-7.56511
-7.66434
-7.5968
-7.61528
-7.61687
-7.61516
-7.50938
-7.56354
-7.6038
-7.59437
-7.58058
-7.54709
-7.58387
-7.5811
-7.53336
-7.59564
-7.53458
-7.46357
-7.46075
-7.46086
-7.53513
-7.52515
-7.47488
-7.46229
-7.50521
-7.51831
-7.54686
-7.57346
-7.48348
-7.53949
-7.41306
-7.40697
-7.47626
-7.49154
-7.48027
-7.55121
-7.51204
-7.505
-7.46487
-7.45535
-7.5216
-7.51088
-7.52046
-7.45904
-7.52712
-7.52547
-7.61657
-7.56127
-7.51419
-7.52767
-7.53353
-7.5665
-7.59441
-7.66794
-7.66107
-7.46037
-7.53106
-7.49189
-7.4376
-7.43966
-7.44442
-7.42904
-7.40918
-7.42657
-7.44674
-7.57462
-7.52886
-7.65105
-7.56233
-7.65024
-7.65204
-7.58397
-7.63151
-7.61891
-7.62414
-7.66105
-7.68685
-7.59982
-7.58828
-7.53636
-7.58883
-7.61952
-7.67922
-7.58722
-7.59181
-7.49895
-7.38757
-7.43817
-7.51782
-7.53407
-7.59314
-7.61635
-7.59325
-7.64302
-7.59743
-7.6138
-7.67211
-7.67369
-7.66566
-7.61238
-7.65657
-7.63626
-7.67114
-7.65733
-7.64783
-7.69856
-7.68861
-7.73984
-7.71088
-7.66148
-7.53991
-7.50133
-7.63746
-7.61705
-7.63432
-7.61754
-7.53325
-7.50575
-7.43917
-7.50159
-7.43365
-7.48381
-7.3885
-7.4688
-7.55596
-7.63241
-7.67465
-7.6648
-7.67836
-7.64892
-7.65701
-7.70916
-7.77473
-7.7902
-7.77641
-7.72463
-7.67489
-7.608
-7.5733
-7.56252
-7.62956
-7.59904
-7.45095
-7.48756
-7.50138
-7.52695
-7.50092
-7.47727
-7.49565
-7.5265
-7.40633
-7.40121
-7.45065
-7.49022
-7.48921
-7.52506
-7.67035
-7.6155
-7.56708
-7.50796
-7.50379
-7.49846
-7.56014
-7.64171
-7.62193
-7.57686
-7.55722
-7.54494
-7.59832
-7.59114
-7.57794
-7.54488
-7.53683
-7.56913
-7.58334
-7.45262
-7.4676
-7.53
-7.504
-7.39391
-7.34213
-7.39638
-7.34838
-7.36937
-7.44432
-7.43934
-7.41671
-7.49415
-7.47736
-7.52974
-7.55464
-7.60174
-7.54118
-7.55309
-7.48412
-7.49601
-7.48271
-7.45653
-7.45576
-7.48335
-7.52842
-7.47448
-7.54014
-7.50945
-7.52192
-7.51042
-7.47662
-7.43243
-7.43446
-7.49513
-7.48842
-7.52717
-7.61171
-7.57679
-7.68051
-7.62809
-7.62548
-7.64191
-7.55864
-7.50137
-7.61305
-7.65692
-7.63815
-7.62689
-7.601
-7.56089
-7.51991
-7.54228
-7.5594
-7.6256
-7.6169
-7.67221
-7.69433
-7.58524
-7.68299
-7.71614
-7.72386
-7.66031
-7.589
-7.64485
-7.59129
-7.51045
-7.54154
-7.55243
-7.56987
-7.61072
-7.56763
-7.61732
-7.70573
-7.72534
-7.72723
-7.67423
-7.66057
-7.70995
-7.69678
-7.64513
-7.7005
-7.69731
-7.63642
-7.60081
-7.62709
-7.55512
-7.55009
-7.49838
-7.44709
-7.4576
-7.41058
-7.44808
-7.51778
-7.59978
-7.59566
-7.55213
-7.5567
-7.51669
-7.50209
-7.51257
-7.55788
-7.60109
-7.59587
-7.54143
-7.54636
-7.60528
-7.62148
-7.60005
-7.61873
-7.59815
-7.60406
-7.60875
-7.55486
-7.59001
-7.54916
-7.57674
-7.63269
-7.74435
-7.62659
-7.57415
-7.64684
-7.5786
-7.47659
-7.50628
-7.494
-7.52056
-7.52184
-7.48902
-7.48274
-7.41164
-7.52811
-7.53348
-7.45361
-7.43842
-7.43376
-7.42991
-7.47665
-7.51575
-7.60404
-7.59768
-7.5597
-7.57066
-7.50926
-7.55296
-7.52169
-7.52222
-7.50263
-7.50718
-7.46163
-7.44379
-7.44393
-7.46522
-7.47441
-7.3629
-7.43728
-7.45935
-7.43874
-7.47597
-7.49819
-7.54428
-7.57428
-7.61119
-7.63033
-7.67726
-7.70712
-7.7663
-7.69165
-7.66367
-7.57971
-7.56322
-7.62056
-7.60327
-7.55342
-7.59371
-7.60147
-7.50877
-7.4911
-7.54559
-7.56923
-7.54431
-7.58038
-7.64018
-7.52292
-7.53962
-7.52248
-7.52982
-7.5657
-7.50723
-7.48604
-7.48404
-7.54305
-7.54668
-7.62222
-7.64863
-7.6659
-7.61013
-7.59146
-7.62797
-7.74842
-7.67157
-7.72041
-7.73335
-7.68786
-7.7177
-7.68752
-7.74659
-7.73461
-7.65068
-7.64265
-7.66016
-7.60427
-7.67185
-7.57324
-7.66508
-7.62675
-7.67686
-7.64472
-7.57518
-7.56356
-7.60247
-7.57678
-7.58753
-7.61998
-7.68559
-7.70738
-7.72718
-7.68519
-7.66561
-7.55583
-7.5931
-7.60329
-7.57472
-7.67653
-7.65537
-7.66115
-7.67847
-7.65048
-7.61325
-7.63649
-7.61725
-7.70366
-7.67661
-7.6894
-7.63796
-7.5983
-7.57714
-7.60487
-7.5034
-7.43673
-7.41757
-7.4595
-7.44972
-7.52047
-7.63016
-7.55045
-7.55055
-7.51307
-7.57641
-7.56621
-7.50368
-7.51188
-7.51203
-7.45043
-7.4854
-7.4845
-7.49022
-7.52542
-7.5345
-7.50844
-7.48225
-7.48837
-7.41924
-7.45587
-7.48929
-7.48763
-7.45169
-7.43091
-7.38316
-7.50271
-7.55998
-7.54186
-7.48946
-7.45639
-7.39198
-7.44803
-7.50365
-7.51416
-7.52114
-7.60171
-7.58655
-7.60062
-7.65253
-7.61243
-7.678
-7.66433
-7.688
-7.66483
-7.6241
-7.5936
-7.58985
-7.59806
-7.58704
-7.61097
-7.61962
-7.58831
-7.61581
-7.61247
-7.66084
-7.71029
-7.67041
-7.63595
-7.65759
-7.62749
-7.62034
-7.72659
-7.71906
-7.69483
-7.64664
-7.66401
-7.61595
-7.66985
-7.66894
-7.62304
-7.57221
-7.53513
-7.57432
-7.62534
-7.49606
-7.57975
-7.66089
-7.63338
-7.6731
-7.69931
-7.72928
-7.68029
-7.65467
-7.56704
-7.49558
-7.50685
-7.53249
-7.57327
-7.58373
-7.55116
-7.5734
-7.54711
-7.54404
-7.58796
-7.55654
-7.53243
-7.50757
-7.58385
-7.58981
-7.53387
-7.60799
-7.62142
-7.58918
-7.61099
-7.66355
-7.70918
-7.7111
-7.63519
-7.54875
-7.52526
-7.57868
-7.52773
-7.55506
-7.55704
-7.60101
-7.58448
-7.67252
-7.65119
-7.67309
-7.66526
-7.75485
-7.75851
-7.68199
-7.67706
-7.72559
-7.76234
-7.78004
-7.71475
-7.7706
-7.72115
-7.64603
-7.61273
-7.58859
-7.591
-7.59436
-7.5534
-7.44117
-7.51245
-7.55799
-7.48099
-7.50793
-7.54204
-7.58482
-7.53522
-7.50608
-7.50619
-7.52777
-7.53352
-7.51681
-7.50308
-7.46332
-7.46855
-7.53479
-7.53084
-7.51018
-7.44975
-7.43973
-7.47094
-7.50339
-7.48183
-7.47862
-7.55496
-7.49198
-7.50533
-7.50351
-7.52358
-7.49552
-7.48878
-7.49291
-7.48808
-7.5599
-7.60588
-7.48231
-7.56103
-7.54585
-7.55632
-7.5446
-7.48265
-7.47139
-7.50274
-7.51123
-7.46208
-7.4377
-7.48394
-7.57874
-7.5003
-7.52756
-7.51971
-7.55898
-7.59317
-7.57444
-7.49425
-7.52493
-7.44288
-7.40954
-7.38564
-7.50479
-7.51213
-7.49726
-7.43254
-7.49674
-7.50472
-7.52531
-7.55432
-7.58624
-7.62249
-7.6531
-7.59657
-7.59388
-7.54993
-7.48753
-7.52149
-7.62209
-7.64715
-7.66897
-7.71133
-7.7816
-7.71358
-7.73725
-7.72686
-7.65129
-7.60738
-7.58442
-7.56391
-7.57937
-7.61592
-7.65657
-7.62289
-7.60573
-7.59268
-7.60424
-7.62333
-7.59727
-7.63374
-7.69218
-7.69918
-7.70376
-7.74229
-7.69952
-7.63938
-7.56562
-7.53771
-7.54953
-7.4891
-7.52966
-7.57761
-7.6331
-7.55064
-7.55312
-7.58521
-7.54092
-7.5236
-7.52667
-7.49328
-7.52948
-7.45666
-7.52242
-7.62148
-7.65172
-7.64513
-7.66225
-7.65558
-7.57509
-7.58347
-7.58353
-7.55507
-7.52496
-7.47869
-7.44386
-7.51655
-7.41016
-7.42128
-7.4601
-7.46392
-7.42538
-7.37285
-7.40496
-7.40041
-7.36779
-7.37136
-7.39333
-7.40378
-7.3789
-7.42075
-7.48188
-7.45453
-7.41443
-7.43609
-7.44882
-7.55043
-7.51532
-7.52418
-7.49546
-7.49443
-7.51163
-7.40564
-7.45057
-7.42085
-7.53366
-7.60476
-7.56228
-7.59776
-7.60617
-7.60117
-7.6439
-7.64709
-7.66187
-7.68402
-7.65516
-7.64815
-7.6146
-7.597
-7.6196
-7.61237
-7.61953
-7.61919
-7.6347
-7.66559
-7.65302
-7.62837
-7.54355
-7.5616
-7.55505
-7.53908
-7.53154
-7.51587
-7.46046
-7.44879
-7.48109
-7.4796
-7.52544
-7.55003
-7.54591
-7.51146
-7.44254
-7.45595
-7.4702
-7.5029
-7.46081
-7.48781
-7.55803
-7.53334
-7.53854
-7.49966
-7.56983
-7.64146
-7.62824
-7.68862
-7.66609
-7.6386
-7.73457
-7.63594
-7.60187
-7.59649
-7.52434
-7.58913
-7.67106
-7.62933
-7.57001
-7.44054
-7.33181
-7.36836
-7.34056
-7.36432
-7.38784
-7.47215
-7.46274
-7.52004
-7.57114
-7.61463
-7.60989
-7.62049
-7.58889
-7.55568
-7.51975
-7.51721
-7.53877
-7.59911
-7.53518
-7.56767
-7.53739
-7.55577
-7.60463
-7.52232
-7.47202
-7.58294
-7.66149
-7.61092
-7.61954
-7.5449
-7.58875
-7.62049
-7.54895
-7.53528
-7.57831
-7.4864
-7.4994
-7.43928
-7.45887
-7.52528
-7.50465
-7.44263
-7.49062
-7.42159
-7.45158
-7.45298
-7.43556
-7.42428
-7.49986
-7.49007
-7.45222
-7.47632
-7.50849
-7.58821
-7.58614
-7.55234
-7.57927
-7.57486
-7.63817
-7.66423
-7.68169
-7.56561
-7.56093
-7.58532
-7.57394
-7.51815
-7.53657
-7.55349
-7.5341
-7.44063
-7.43965
-7.45658
-7.52624
-7.51342
-7.51043
-7.51514
-7.54609
-7.59594
-7.61453
-7.5583
-7.54355
-7.58026
-7.55165
-7.59877
-7.61962
-7.6062
-7.62583
-7.61832
-7.64338
-7.76151
-7.77807
-7.74692
-7.6646
-7.68023
-7.65948
-7.60824
-7.54638
-7.57634
-7.52729
-7.52998
-7.60335
-7.57323
-7.49798
-7.5497
-7.50004
-7.49464
-7.55054
-7.57698
-7.52176
-7.46224
-7.47594
-7.47902
-7.4864
-7.45024
-7.46291
-7.45454
-7.47425
-7.55189
-7.54085
-7.5124
-7.4893
-7.52601
-7.49546
-7.49743
-7.46433
-7.47968
-7.52982
-7.56753
-7.54627
-7.53263
-7.57822
-7.5987
-7.5674
-7.59308
-7.59389
-7.62077
-7.59464
-7.67657
-7.58113
-7.52669
-7.47073
-7.4543
-7.51147
-7.53991
-7.54864
-7.56266
-7.61703
-7.58014
-7.51133
-7.53511
-7.46206
-7.45204
-7.39269
-7.40975
-7.38989
-7.36342
-7.40446
-7.34805
-7.44265
-7.46608
-7.43843
-7.30311
-7.34744
-7.33593
-7.36643
-7.43485
-7.43886
-7.50707
-7.49344
-7.44108
-7.4479
-7.43005
-7.43156
-7.36723
-7.4569
-7.49506
-7.46872
-7.49301
-7.54451
-7.56141
-7.43316
-7.36389
-7.35163
-7.37159
-7.45123
-7.39557
-7.44813
-7.39741
-7.47786
-7.45894
-7.40461
-7.4138
-7.45865
-7.447
-7.4339
-7.46491
-7.52039
-7.49317
-7.45444
-7.46794
-7.5336
-7.48407
-7.5106
-7.54757
-7.55825
-7.5021
-7.53888
-7.52412
-7.47856
-7.4815
-7.51181
-7.55331
-7.6048
-7.55757
-7.48846
-7.40125
-7.49923
-7.51692
-7.48925
-7.54556
-7.56314
-7.59549
-7.63768
-7.71588
-7.6611
-7.6898
-7.66495
-7.7058
-7.65067
-7.64762
-7.63449
-7.60165
-7.58833
-7.57719
-7.55775
-7.55226
-7.5428
-7.58691
-7.62635
-7.54734
-7.51995
-7.50283
-7.52917
-7.54802
-7.51757
-7.56046
-7.57372
-7.54929
-7.54965
-7.56579
-7.59649
-7.61296
-7.6182
-7.62556
-7.66676
-7.66189
-7.55464
-7.54936
-7.6439
-7.6355
-7.65405
-7.58503
-7.47962
-7.44142
-7.5679
-7.49703
-7.40267
-7.47247
-7.51747
-7.53348
-7.5454
-7.58801
-7.53145
-7.52651
-7.5833
-7.50347
-7.52567
-7.61958
-7.69921
-7.60485
-7.56813
-7.54078
-7.47869
-7.48032
-7.46042
-7.38645
-7.37889
-7.43053
-7.4597
-7.45177
-7.45242
-7.41901
-7.49217
-7.53195
-7.61677
-7.58693
-7.59591
-7.61615
-7.59884
-7.51892
-7.52586
-7.59372
-7.61714
-7.60997
-7.62992
-7.62894
-7.61702
-7.61586
-7.58414
-7.54092
-7.49549
-7.45589
-7.51022
-7.52993
-7.5549
-7.49606
-7.4802
-7.45079
-7.43099
-7.38268
-7.48712
-7.48522
-7.47873
-7.45718
-7.5429
-7.54211
-7.56019
-7.53148
-7.47384
-7.50963
-7.51872
-7.58195
-7.56876
-7.58959
-7.66467
-7.56578
-7.59268
-7.61955
-7.53379
-7.50593
-7.5112
-7.52208
-7.4762
-7.50729
-7.50562
-7.50968
-7.43596
-7.45738
-7.48114
-7.54463
-7.57723
-7.57096
-7.57112
-7.58278
-7.54094
-7.57
-7.61025
-7.53792
-7.51517
-7.49452
-7.55712
-7.50622
-7.44369
-7.45713
-7.49192
-7.50425
-7.44263
-7.51303
-7.45884
-7.39473
-7.55164
-7.56086
-7.50634
-7.46767
-7.47678
-7.36346
-7.39421
-7.45058
-7.47893
-7.49803
-7.45751
-7.47962
-7.53167
-7.50828
-7.5336
-7.48385
-7.45283
-7.44539
-7.48572
-7.51937
-7.48647
-7.42424
-7.4301
-7.38288
-7.45204
-7.4012
-7.37463
-7.4177
-7.43092
-7.48302
-7.49176
-7.57233
-7.55421
-7.54256
-7.56675
-7.58814
-7.63139
-7.63927
-7.55346
-7.51744
-7.56677
-7.58786
-7.69214
-7.62819
-7.58325
-7.58343
-7.54728
-7.52405
-7.49752
-7.54219
-7.54803
-7.6427
-7.67413
-7.68203
-7.72906
-7.68085
-7.66762
-7.66123
-7.69343
-7.63159
-7.56271
-7.65293
-7.6519
-7.5681
-7.5609
-7.60064
-7.64996
-7.65477
-7.56274
-7.61195
-7.55875
-7.52047
-7.49883
-7.47597
-7.58374
-7.53888
-7.52649
-7.52543
-7.56582
-7.5461
-7.52745
-7.53329
-7.5222
-7.50457
-7.54894
-7.51168
-7.5077
-7.46723
-7.50777
-7.52303
-7.49625
-7.53956
-7.54137
-7.55304
-7.53826
-7.53004
-7.43337
-7.47784
-7.46595
-7.48885
-7.41871
-7.42371
-7.39994
-7.39226
-7.47754
-7.54251
-7.52159
-7.4577
-7.41598
-7.44086
-7.46812
-7.5161
-7.61184
-7.58316
-7.55369
-7.59447
-7.55866
-7.60167
-7.50327
-7.46334
-7.53545
-7.54459
-7.4574
-7.49116
-7.50904
-7.47566
-7.52165
-7.4609
-7.55552
-7.61353
-7.60081
-7.65517
-7.62101
-7.52836
-7.5488
-7.52741
-7.46585
-7.54354
-7.47542
-7.44915
-7.41105
-7.45041
-7.46319
-7.45998
-7.54258
-7.56295
-7.63023
-7.61588
-7.5682
-7.50759
-7.48383
-7.52861
-7.49614
-7.48687
-7.49155
-7.48579
-7.44731
-7.41627
-7.46592
-7.53581
-7.53872
-7.56328
-7.5427
-7.52736
-7.53717
-7.57832
-7.52308
-7.40711
-7.46624
-7.52976
-7.52713
-7.53849
-7.55329
-7.56338
-7.61886
-7.60993
-7.61689
-7.60854
-7.64775
-7.51683
-7.51069
-7.45631
-7.5416
-7.53908
-7.50134
-7.51965
-7.5191
-7.57229
-7.57102
-7.58715
-7.56319
-7.56919
-7.58192
-7.50324
-7.57426
-7.59169
-7.60394
-7.61002
-7.63942
-7.62851
-7.6238
-7.61438
-7.63932
-7.62455
-7.57683
-7.61083
-7.59975
-7.56334
-7.52234
-7.5733
-7.56875
-7.55895
-7.5387
-7.48343
-7.47093
-7.48491
-7.53099
-7.47016
-7.54715
-7.55353
-7.54389
-7.50525
-7.52678
-7.52123
-7.51897
-7.55583
-7.62696
-7.56082
-7.53853
-7.59759
-7.6246
-7.6378
-7.64588
-7.6011
-7.61894
-7.61252
-7.55969
-7.59023
-7.52048
-7.45968
-7.50143
-7.46899
-7.5227
-7.5407
-7.55201
-7.41458
-7.44238
-7.53438
-7.54208
-7.59134
-7.52889
-7.55395
-7.44584
-7.43383
-7.44225
-7.44378
-7.47285
-7.42256
-7.45216
-7.45106
-7.51292
-7.55573
-7.51312
-7.56738
-7.53904
-7.5417
-7.54108
-7.48304
-7.5053
-7.50453
-7.51218
-7.45582
-7.47741
-7.44602
-7.51936
-7.50264
-7.56954
-7.50024
-7.44995
-7.38372
-7.35569
-7.45202
-7.5804
-7.59795
-7.62334
-7.62258
-7.57472
-7.66341
-7.62099
-7.54594
-7.55768
-7.51978
-7.53964
-7.51939
-7.55354
-7.51387
-7.50155
-7.49401
-7.43759
-7.50559
-7.58071
-7.59128
-7.55246
-7.65749
-7.62474
-7.61418
-7.64914
-7.58128
-7.5873
-7.56514
-7.5458
-7.55306
-7.52218
-7.49901
-7.54378
-7.58366
-7.58795
-7.61296
-7.59993
-7.53773
-7.61821
-7.55752
-7.53783
-7.51263
-7.46735
-7.44716
-7.40097
-7.4516
-7.51608
-7.60709
-7.63295
-7.56085
-7.66237
-7.63495
-7.55121
-7.54865
-7.5625
-7.56931
-7.54031
-7.51029
-7.47013
-7.56386
-7.54248
-7.50216
-7.49354
-7.49906
-7.55574
-7.56075
-7.55673
-7.49171
-7.45998
-7.5091
-7.51999
-7.53954
-7.55532
-7.53965
-7.57296
-7.59596
-7.49365
-7.46508
-7.47153
-7.37779
-7.48219
-7.5551
-7.49807
-7.5953
-7.56013
-7.61561
-7.54465
-7.52288
-7.53515
-7.45246
-7.51945
-7.55929
-7.51472
-7.53588
-7.49367
-7.53272
-7.49858
-7.49729
-7.46473
-7.46909
-7.52489
-7.57678
-7.60136
-7.6096
-7.59072
-7.59537
-7.56916
-7.59667
-7.59891
-7.63001
-7.60462
-7.59408
-7.63113
-7.55646
-7.57272
-7.65169
-7.58442
-7.60427
-7.59363
-7.61037
-7.58935
-7.61098
-7.57697
-7.67926
-7.5948
-7.47813
-7.52046
-7.52498
-7.50235
-7.49748
-7.4411
-7.46303
-7.45485
-7.48769
-7.47368
-7.46542
-7.51476
-7.56429
-7.54837
-7.56812
-7.45561
-7.43511
-7.45622
-7.4994
-7.49282
-7.55657
-7.51289
-7.53212
-7.53547
-7.53334
-7.56995
-7.59447
-7.55996
-7.52102
-7.53584
-7.52412
-7.48713
-7.59081
-7.58478
-7.60162
-7.68143
-7.67447
-7.57833
-7.58482
-7.60622
-7.56054
-7.53018
-7.4565
-7.39848
-7.41602
-7.45006
-7.42032
-7.46318
-7.43688
-7.4254
-7.34347
-7.39659
-7.42334
-7.36685
-7.36778
-7.46236
-7.53359
-7.49536
-7.46081
-7.42519
-7.42182
-7.45528
-7.52016
-7.44119
-7.47519
-7.44788
-7.52628
-7.51445
-7.48691
-7.52779
-7.51774
-7.61406
-7.57461
-7.60119
-7.49145
-7.59971
-7.61607
-7.65231
-7.56399
-7.46396
-7.56394
-7.48298
-7.50799
-7.59475
-7.57493
-7.57249
-7.59754
-7.58987
-7.53804
-7.61072
-7.60756
-7.56091
-7.56861
-7.56539
-7.5506
-7.47469
-7.47006
-7.58275
-7.42653
-7.36009
-7.4091
-7.39511
-7.48759
-7.54972
-7.53007
-7.59298
-7.54757
-7.49791
-7.55889
-7.52672
-7.57947
-7.53334
-7.51399
-7.51086
-7.51473
-7.49514
-7.42806
-7.31049
-7.40675
-7.48135
-7.46626
-7.51329
-7.50128
-7.55991
-7.53797
-7.54036
-7.53093
-7.50195
-7.47812
-7.45664
-7.37755
-7.34179
-7.31678
-7.2502
-7.34127
-7.28855
-7.27313
-7.33718
-7.40018
-7.43258
-7.43207
-7.49983
-7.51247
-7.51229
-7.53767
-7.51075
-7.53535
-7.50681
-7.58411
-7.61011
-7.58675
-7.59433
-7.67224
-7.65109
-7.61078
-7.65744
-7.63043
-7.58509
-7.57758
-7.51875
-7.53624
-7.65889
-7.55772
-7.52609
-7.58678
-7.60273
-7.58805
-7.59646
-7.64155
-7.58697
-7.63249
-7.6343
-7.65986
-7.65937
-7.6263
-7.63937
-7.61216
-7.56907
-7.55926
-7.57237
-7.63735
-7.65009
-7.65499
-7.67717
-7.62512
-7.6818
-7.69075
-7.65717
-7.6407
-7.55079
-7.53326
-7.50464
-7.54926
-7.60093
-7.68314
-7.66038
-7.69927
-7.66432
-7.67561
-7.68094
-7.63373
-7.62527
-7.5981
-7.58804
-7.61539
-7.58466
-7.57254
-7.5268
-7.50425
-7.49726
-7.5729
-7.56235
-7.56941
-7.6128
-7.59878
-7.67065
-7.71037
-7.68387
-7.71697
-7.63776
-7.58407
-7.56426
-7.52807
-7.5412
-7.5111
-7.5612
-7.53532
-7.60333
-7.64219
-7.63749
-7.60844
-7.59305
-7.54577
-7.55693
-7.50542
-7.49153
-7.54207
-7.63734
-7.62396
-7.65433
-7.62698
-7.61659
-7.62552
-7.62823
-7.66299
-7.60984
-7.58615
-7.58219
-7.50457
-7.46224
-7.45361
-7.46042
-7.47833
-7.52189
-7.49113
-7.3938
-7.43673
-7.44593
-7.49521
-7.56942
-7.5742
-7.53241
-7.50827
-7.55045
-7.60939
-7.63491
-7.68689
-7.62575
-7.61238
-7.70502
-7.63917
-7.72092
-7.79165
-7.75391
-7.67457
-7.66319
-7.529
-7.57448
-7.63303
-7.63868
-7.64674
-7.64533
-7.63777
-7.65488
-7.63872
-7.68822
-7.66337
-7.67373
-7.61818
-7.60736
-7.5901
-7.61205
-7.60676
-7.54822
-7.54081
-7.5556
-7.54141
-7.53105
-7.60756
-7.64341
-7.57519
-7.50952
-7.57293
-7.6199
-7.62692
-7.61956
-7.5829
-7.55112
-7.50404
-7.54098
-7.47869
-7.50128
-7.45194
-7.52604
-7.51914
-7.56114
-7.51657
-7.50553
-7.46956
-7.43446
-7.48569
-7.46357
-7.55833
-7.39635
-7.48529
-7.42841
-7.41264
-7.47542
-7.49557
-7.43464
-7.43033
-7.48267
-7.45334
-7.49938
-7.56526
-7.49387
-7.45736
-7.48835
-7.51249
-7.49164
-7.52662
-7.5828
-7.51251
-7.53599
-7.49042
-7.36935
-7.534
-7.51628
-7.45793
-7.52576
-7.51966
-7.55685
-7.52568
-7.51361
-7.45749
-7.47448
-7.48009
-7.44614
-7.44949
-7.48854
-7.55896
-7.57921
-7.57669
-7.55077
-7.51651
-7.46434
-7.53677
-7.44002
-7.48365
-7.52605
-7.46312
-7.54832
-7.67903
-7.61593
-7.63538
-7.63384
-7.64369
-7.54935
-7.57538
-7.60887
-7.63611
-7.62765
-7.66173
-7.67172
-7.60506
-7.54201
-7.55533
-7.53788
-7.56262
-7.60832
-7.63775
-7.62145
-7.65491
-7.59024
-7.68196
-7.77245
-7.70294
-7.73383
-7.68463
-7.68852
-7.57392
-7.57463
-7.60777
-7.60266
-7.62897
-7.57587
-7.55536
-7.50342
-7.53822
-7.56739
-7.62977
-7.54641
-7.53234
-7.53633
-7.58871
-7.50583
-7.46723
-7.52476
-7.50159
-7.53839
-7.51296
-7.4722
-7.48539
-7.48899
-7.43763
-7.42739
-7.41363
-7.41363
-7.39476
-7.46592
-7.50861
-7.50178
-7.51291
-7.45521
-7.51931
-7.41259
-7.51757
-7.532
-7.46755
-7.47772
-7.54101
-7.47199
-7.45404
-7.40042
-7.51533
-7.51998
-7.55034
-7.50666
-7.49419
-7.52508
-7.48576
-7.61438
-7.67785
-7.7433
-7.69946
-7.60616
-7.58012
-7.62537
-7.61312
-7.65655
-7.66968
-7.59185
-7.5785
-7.57718
-7.5177
-7.53135
-7.52975
-7.52805
-7.58996
-7.54368
-7.54409
-7.59991
-7.62985
-7.52448
-7.62332
-7.55371
-7.65344
-7.65188
-7.66326
-7.56014
-7.61221
-7.66047
-7.65541
-7.57427
-7.50561
-7.49284
-7.49803
-7.54733
-7.54836
-7.48921
-7.55015
-7.53868
-7.52618
-7.44413
-7.36749
-7.36244
-7.40262
-7.49975
-7.47855
-7.56357
-7.63794
-7.69801
-7.63567
-7.55237
-7.55068
-7.51694
-7.64532
-7.61516
-7.58194
-7.55347
-7.56401
-7.56265
-7.52909
-7.52408
-7.52663
-7.4598
-7.55174
-7.51947
-7.49729
-7.55966
-7.56514
-7.55893
-7.60623
-7.57783
-7.5495
-7.52117
-7.61806
-7.53974
-7.57419
-7.56476
-7.53515
-7.56625
-7.55604
-7.57968
-7.71348
-7.71079
-7.76388
-7.75313
-7.76262
-7.74909
-7.67206
-7.67258
-7.6077
-7.65589
-7.62064
-7.53487
-7.52132
-7.54293
-7.55195
-7.5689
-7.5853
-7.61543
-7.62083
-7.66255
-7.69147
-7.64504
-7.70534
-7.65633
-7.6986
-7.67709
-7.70143
-7.69926
-7.6444
-7.62675
-7.61242
-7.59484
-7.5707
-7.59947
-7.53941
-7.51045
-7.5685
-7.62407
-7.60657
-7.52674
-7.44927
-7.50531
-7.49439
-7.40613
-7.47053
-7.46526
-7.48501
-7.49596
-7.44462
-7.55167
-7.529
-7.49823
-7.49692
-7.44813
-7.48209
-7.54925
-7.64144
-7.63416
-7.59129
-7.56341
-7.49565
-7.47528
-7.48921
-7.51877
-7.52892
-7.51305
-7.51422
-7.53003
-7.5566
-7.59625
-7.56676
-7.58983
-7.54448
-7.56215
-7.54256
-7.54754
-7.48362
-7.56144
-7.54308
-7.55585
-7.5554
-7.53356
-7.48002
-7.48505
-7.50131
-7.47127
-7.47737
-7.38371
-7.45443
-7.40893
-7.4543
-7.44586
-7.46092
-7.49536
-7.41628
-7.43666
-7.49091
-7.51155
-7.49084
-7.51882
-7.47835
-7.55253
-7.54582
-7.47873
-7.55524
-7.61393
-7.61308
-7.55967
-7.54243
-7.49335
-7.50275
-7.5032
-7.44391
-7.4243
-7.45291
-7.43375
-7.49389
-7.3968
-7.51139
-7.46262
-7.45288
-7.42193
-7.48796
-7.52818
-7.5898
-7.58866
-7.63301
-7.64916
-7.60497
-7.70764
-7.69875
-7.68307
-7.6382
-7.59376
-7.53464
-7.52594
-7.53695
-7.48149
-7.49504
-7.41968
-7.48095
-7.46104
-7.53795
-7.5148
-7.47581
-7.44068
-7.42489
-7.45218
-7.43513
-7.45339
-7.49512
-7.48758
-7.55413
-7.61514
-7.5322
-7.50679
-7.50387
-7.50493
-7.5613
-7.57974
-7.6064
-7.49437
-7.49312
-7.44884
-7.33145
-7.33782
-7.31639
-7.34503
-7.41365
-7.45281
-7.42232
-7.38359
-7.41761
-7.49516
-7.52419
-7.48335
-7.44256
-7.43299
-7.52162
-7.4666
-7.47635
-7.58221
-7.59666
-7.62207
-7.584
-7.62712
-7.60516
-7.54703
-7.55324
-7.59549
-7.60749
-7.53391
-7.51047
-7.61565
-7.55302
-7.57025
-7.54189
-7.48277
-7.51
-7.55409
-7.64953
-7.57005
-7.62163
-7.64254
-7.64801
-7.71539
-7.67415
-7.63265
-7.70851
-7.70754
-7.70594
-7.74687
-7.73467
-7.70161
-7.68051
-7.73408
-7.64355
-7.59488
-7.54287
-7.52909
-7.54187
-7.53862
-7.60157
-7.60664
-7.64653
-7.63743
-7.66914
-7.65008
-7.61804
-7.62539
-7.67141
-7.65742
-7.61403
-7.62375
-7.6208
-7.5857
-7.56162
-7.46173
-7.46894
-7.50264
-7.4751
-7.46455
-7.50435
-7.4752
-7.40763
-7.47314
-7.52043
-7.5066
-7.53604
-7.56311
-7.54833
-7.57943
-7.54788
-7.56417
-7.60621
-7.5588
-7.57139
-7.61061
-7.66994
-7.60628
-7.60517
-7.57675
-7.63992
-7.63144
-7.54711
-7.59816
-7.53288
-7.57132
-7.60181
-7.58891
-7.54018
-7.49867
-7.32691
-7.31682
-7.33371
-7.34857
-7.30066
-7.32157
-7.30475
-7.33531
-7.38206
-7.33656
-7.37121
-7.37637
-7.3735
-7.41098
-7.46154
-7.38729
-7.35428
-7.40179
-7.44408
-7.45076
-7.45819
-7.37954
-7.40508
-7.40814
-7.36258
-7.3056
-7.2564
-7.3338
-7.42912
-7.47498
-7.45462
-7.43227
-7.38846
-7.37921
-7.26459
-7.36109
-7.39889
-7.45473
-7.4847
-7.48984
-7.50561
-7.49877
-7.55093
-7.56919
-7.55008
-7.58985
-7.5369
-7.53866
-7.54398
-7.51314
-7.42645
-7.40953
-7.43962
-7.46549
-7.44645
-7.57212
-7.60822
-7.58378
-7.54536
-7.57815
-7.52157
-7.5322
-7.54782
-7.52471
-7.53199
-7.50087
-7.56946
-7.54569
-7.5665
-7.55158
-7.54606
-7.53558
-7.53226
-7.4578
-7.49432
-7.49436
-7.48116
-7.47645
-7.4832
-7.49426
-7.41583
-7.42422
-7.4386
-7.45316
-7.47374
-7.50117
-7.469
-7.55945
-7.51167
-7.44404
-7.50851
-7.45036
-7.47142
-7.50564
-7.55066
-7.50712
-7.49532
-7.48557
-7.49016
-7.46165
-7.53224
-7.4851
-7.45625
-7.47302
-7.46613
-7.47488
-7.57661
-7.49099
-7.51339
-7.4709
-7.42766
-7.43403
-7.38114
-7.4264
-7.49164
-7.52822
-7.55156
-7.64211
-7.59844
-7.52571
-7.58005
-7.56253
-7.57271
-7.5798
-7.5657
-7.55245
-7.6045
-7.64138
-7.53222
-7.56151
-7.57486
-7.52128
-7.58597
-7.53617
-7.51286
-7.47512
-7.43898
-7.43006
-7.45138
-7.31119
-7.30175
-7.46297
-7.41265
-7.44966
-7.45282
-7.47276
-7.52154
-7.48488
-7.46073
-7.43728
-7.45803
-7.45697
-7.46684
-7.45594
-7.48352
-7.46618
-7.44225
-7.44416
-7.5231
-7.54973
-7.49384
-7.44546
-7.44244
-7.49699
-7.55969
-7.55628
-7.54901
-7.51689
-7.54878
-7.52885
-7.53279
-7.59586
-7.62093
-7.64557
-7.66167
-7.60854
-7.56539
-7.56858
-7.59088
-7.55486
-7.62312
-7.60158
-7.64008
-7.62742
-7.55694
-7.597
-7.54068
-7.61704
-7.68927
-7.5668
-7.61933
-7.6545
-7.70552
-7.70003
-7.65344
-7.66753
-7.64925
-7.72745
-7.66353
-7.64764
-7.60506
-7.56087
-7.60902
-7.60809
-7.64547
-7.64208
-7.70098
-7.66359
-7.58323
-7.57736
-7.55014
-7.44407
-7.4745
-7.53039
-7.61896
-7.58868
-7.53894
-7.56501
-7.56468
-7.5475
-7.57369
-7.55679
-7.50009
-7.44882
-7.54592
-7.50891
-7.56618
-7.56467
-7.46671
-7.48594
-7.46973
-7.40975
-7.42282
-7.52316
-7.50275
-7.55199
-7.57225
-7.6061
-7.69321
-7.63234
-7.49739
-7.59663
-7.60491
-7.68284
-7.62163
-7.66045
-7.61113
-7.61475
-7.62894
-7.63258
-7.69726
-7.67481
-7.68573
-7.80315
-7.6947
-7.7601
-7.76237
-7.70553
-7.69142
-7.69782
-7.70601
-7.73482
-7.63682
-7.54271
-7.51435
-7.60134
-7.63879
-7.53498
-7.59061
-7.62484
-7.64961
-7.55002
-7.52843
-7.53123
-7.53422
-7.52299
-7.47107
-7.49835
-7.55457
-7.54896
-7.43208
-7.40063
-7.45592
-7.48415
-7.5114
-7.51818
-7.50643
-7.52378
-7.54843
-7.54154
-7.4913
-7.55913
-7.54764
-7.62974
-7.58575
-7.65336
-7.62244
-7.5756
-7.59114
-7.59577
-7.55807
-7.62047
-7.65966
-7.58465
-7.5352
-7.56545
-7.60336
-7.60833
-7.55553
-7.58456
-7.58355
-7.5153
-7.51277
-7.55724
-7.5456
-7.51905
-7.48879
-7.39311
-7.37882
-7.45931
-7.47285
-7.4385
-7.4457
-7.47157
-7.53027
-7.44193
-7.39829
-7.3885
-7.43462
-7.42342
-7.39154
-7.35393
-7.33785
-7.38826
-7.48743
-7.53602
-7.55072
-7.53501
-7.56886
-7.55612
-7.58774
-7.65478
-7.65095
-7.63771
-7.55718
-7.5704
-7.56123
-7.4193
-7.46338
-7.52177
-7.50583
-7.47967
-7.4494
-7.47033
-7.56118
-7.5721
-7.58252
-7.52392
-7.59479
-7.70199
-7.64715
-7.644
-7.63199
-7.51723
-7.49686
-7.54842
-7.57801
-7.57103
-7.49235
-7.50434
-7.48372
-7.42363
-7.36853
-7.46228
-7.41919
-7.44204
-7.42478
-7.40158
-7.4312
-7.4907
-7.43154
-7.54171
-7.57598
-7.55875
-7.42239
-7.43122
-7.39231
-7.3668
-7.41628
-7.5401
-7.57272
-7.57176
-7.64588
-7.54222
-7.53344
-7.53838
-7.5446
-7.53015
-7.57575
-7.52617
-7.56698
-7.57316
-7.47178
-7.38567
-7.38189
-7.32196
-7.38689
-7.40101
-7.36642
-7.33443
-7.39731
-7.35765
-7.37726
-7.33054
-7.39075
-7.38057
-7.3525
-7.2697
-7.27118
-7.26671
-7.28836
-7.32982
-7.3479
-7.35435
-7.39299
-7.35677
-7.42998
-7.37827
-7.36907
-7.37273
-7.35068
-7.39438
-7.31961
-7.23346
-7.28822
-7.23672
-7.28132
-7.32874
-7.36411
-7.36756
-7.42391
-7.43575
-7.4151
-7.49686
-7.53051
-7.49342
-7.46565
-7.42828
-7.33399
-7.40214
-7.38105
-7.33062
-7.412
-7.39002
-7.4435
-7.51674
-7.59382
-7.65426
-7.56595
-7.51625
-7.54721
-7.52481
-7.60682
-7.67604
-7.51363
-7.54503
-7.53013
-7.56272
-7.5537
-7.53711
-7.52376
-7.50335
-7.5411
-7.58686
-7.51096
-7.53204
-7.59441
-7.53563
-7.56746
-7.51603
-7.52862
-7.52825
-7.51439
-7.56528
-7.60612
-7.62914
-7.5835
-7.56424
-7.57373
-7.60573
-7.60965
-7.5715
-7.50956
-7.53519
-7.53861
-7.53066
-7.4958
-7.55229
-7.53463
-7.49057
-7.5086
-7.53374
-7.53296
-7.54527
-7.45484
-7.46177
-7.52472
-7.51942
-7.55028
-7.62799
-7.64165
-7.63771
-7.67335
-7.66801
-7.68719
-7.72577
-7.69736
-7.7348
-7.71722
-7.70545
-7.69102
-7.67332
-7.68717
-7.68093
-7.65997
-7.66339
-7.67385
-7.67699
-7.63463
-7.592
-7.60251
-7.58522
-7.56864
-7.58411
-7.55895
-7.54519
-7.49849
-7.53276
-7.57051
-7.59119
-7.57171
-7.59026
-7.67805
-7.62535
-7.65984
-7.55984
-7.55091
-7.49673
-7.48059
-7.47317
-7.52746
-7.53126
-7.55087
-7.5878
-7.56222
-7.4966
-7.51643
-7.52727
-7.48052
-7.48521
-7.51685
-7.56225
-7.67049
-7.64536
-7.59719
-7.59348
-7.65749
-7.62243
-7.58301
-7.62302
-7.50827
-7.50595
-7.48518
-7.49664
-7.40634
-7.4016
-7.43168
-7.44527
-7.36798
-7.34612
-7.36899
-7.37952
-7.33707
-7.2568
-7.20997
-7.24463
-7.35686
-7.39126
-7.48072
-7.56603
-7.46182
-7.46035
-7.49801
-7.51189
-7.57728
-7.5933
-7.56985
-7.65179
-7.59787
-7.61023
-7.64285
-7.61134
-7.66361
-7.62406
-7.62332
-7.61827
-7.52922
-7.51982
-7.47805
-7.48138
-7.53911
-7.48418
-7.52665
-7.47475
-7.42625
-7.53994
-7.55485
-7.5904
-7.60253
-7.58443
-7.63895
-7.5566
-7.58753
-7.66558
-7.62877
-7.67318
-7.62025
-7.63172
-7.65031
-7.5727
-7.55542
-7.56902
-7.49828
-7.57686
-7.6017
-7.62909
-7.61965
-7.63943
-7.62437
-7.56354
-7.51688
-7.53657
-7.39261
-7.35657
-7.41821
-7.45345
-7.46871
-7.56758
-7.60753
-7.53815
-7.56048
-7.57145
-7.55859
-7.5701
-7.56185
-7.61544
-7.5506
-7.55263
-7.55788
-7.54015
-7.54811
-7.52862
-7.55855
-7.54839
-7.63869
-7.66598
-7.63595
-7.54473
-7.59392
-7.5255
-7.52082
-7.5947
-7.57319
-7.62445
-7.58597
-7.67353
-7.60753
-7.65143
-7.62026
-7.57869
-7.61249
-7.64285
-7.7102
-7.69559
-7.71554
-7.67027
-7.58772
-7.50756
-7.55957
-7.53661
-7.59212
-7.5644
-7.56962
-7.58243
-7.6421
-7.57987
-7.57617
-7.58554
-7.50932
-7.57076
-7.50957
-7.5511
-7.50817
-7.5184
-7.52838
-7.5276
-7.48067
-7.46585
-7.44996
-7.47913
-7.42591
-7.43846
-7.43598
-7.44991
-7.46869
-7.46935
-7.48335
-7.54645
-7.53519
-7.4807
-7.47754
-7.50672
-7.56711
-7.52964
-7.58762
-7.62551
-7.63339
-7.58438
-7.59009
-7.62242
-7.53155
-7.48931
-7.53323
-7.49151
-7.55934
-7.58372
-7.51664
-7.58424
-7.5365
-7.54049
-7.64512
-7.6143
-7.6448
-7.61869
-7.62687
-7.67674
-7.59624
-7.59225
-7.49057
-7.48909
-7.43569
-7.50318
-7.52322
-7.44674
-7.42866
-7.44533
-7.53534
-7.46482
-7.49029
-7.44621
-7.48727
-7.42834
-7.40309
-7.38423
-7.29616
-7.37881
-7.46504
-7.47651
-7.59757
-7.63221
-7.70172
-7.65854
-7.61974
-7.65495
-7.59867
-7.5427
-7.58198
-7.59265
-7.59564
-7.57046
-7.6137
-7.51185
-7.49584
-7.46707
-7.48711
-7.49006
-7.50926
-7.50691
-7.50401
-7.48871
-7.57676
-7.5643
-7.50296
-7.49072
-7.48059
-7.49884
-7.52834
-7.49597
-7.49184
-7.54847
-7.56081
-7.59781
-7.56713
-7.65784
-7.64558
-7.68817
-7.65388
-7.59545
-7.62935
-7.63142
-7.59274
-7.64659
-7.64924
-7.69448
-7.67388
-7.68455
-7.65596
-7.62793
-7.55333
-7.55986
-7.55237
-7.57312
-7.54183
-7.4793
-7.48121
-7.55422
-7.54289
-7.47261
-7.46948
-7.42735
-7.60255
-7.65325
-7.65611
-7.6032
-7.61181
-7.62325
-7.68729
-7.67596
-7.7158
-7.67665
-7.56944
-7.57638
-7.60571
-7.56547
-7.55669
-7.501
-7.44785
-7.4371
-7.60726
-7.60906
-7.64108
-7.63787
-7.6582
-7.68442
-7.7224
-7.76196
-7.67016
-7.65953
-7.64489
-7.59732
-7.59671
-7.60281
-7.53201
-7.54435
-7.51449
-7.5077
-7.39162
-7.49799
-7.62428
-7.65941
-7.62803
-7.61438
-7.56053
-7.56323
-7.55572
-7.49978
-7.47747
-7.47114
-7.4437
-7.46286
-7.52952
-7.52129
-7.49928
-7.50268
-7.49427
-7.50257
-7.60585
-7.56576
-7.48508
-7.43062
-7.42341
-7.47559
-7.44048
-7.39109
-7.42676
-7.41303
-7.46727
-7.52847
-7.50263
-7.56252
-7.61754
-7.63495
-7.58271
-7.58167
-7.54203
-7.54994
-7.61053
-7.64406
-7.56198
-7.55321
-7.58271
-7.53283
-7.51568
-7.58145
-7.53657
-7.52123
-7.57252
-7.60147
-7.63261
-7.53578
-7.53891
-7.56153
-7.54034
-7.49113
-7.52936
-7.55516
-7.5468
-7.55701
-7.55924
-7.57307
-7.5114
-7.54042
-7.55105
-7.56815
-7.58556
-7.54963
-7.56108
-7.57841
-7.65288
-7.65534
-7.63742
-7.68258
-7.70529
-7.67331
-7.64384
-7.64096
-7.6304
-7.51639
-7.55092
-7.60887
-7.64828
-7.64516
-7.63981
-7.61512
-7.66603
-7.61531
-7.67928
-7.54429
-7.54938
-7.62005
-7.55545
-7.49459
-7.50499
-7.52352
-7.53595
-7.58605
-7.57055
-7.58469
-7.58179
-7.56306
-7.57822
-7.62158
-7.65972
-7.69501
-7.64879
-7.60371
-7.6133
-7.62588
-7.62246
-7.59841
-7.61399
-7.53468
-7.5447
-7.5979
-7.5848
-7.65037
-7.5058
-7.57059
-7.55544
-7.64474
-7.70071
-7.67202
-7.69889
-7.63221
-7.59985
-7.59393
-7.58703
-7.61581
-7.54718
-7.55443
-7.51629
-7.55564
-7.47809
-7.50214
-7.57927
-7.64012
-7.65389
-7.62013
-7.63476
-7.6415
-7.66243
-7.6741
-7.62714
-7.63972
-7.62264
-7.61141
-7.59898
-7.59088
-7.6251
-7.57796
-7.57676
-7.55089
-7.476
-7.53345
-7.53208
-7.47304
-7.38835
-7.42604
-7.50605
-7.41595
-7.43866
-7.4874
-7.49605
-7.4483
-7.56618
-7.55539
-7.54828
-7.50988
-7.51753
-7.54758
-7.48582
-7.46559
-7.37786
-7.38707
-7.46671
-7.49791
-7.53245
-7.49359
-7.5213
-7.53988
-7.51472
-7.518
-7.49757
-7.49721
-7.52046
-7.55536
-7.59083
-7.5897
-7.61127
-7.60436
-7.59245
-7.65138
-7.58738
-7.59546
-7.55994
-7.52364
-7.54667
-7.61992
-7.53333
-7.49831
-7.56773
-7.5643
-7.62913
-7.54566
-7.48263
-7.52523
-7.48524
-7.48858
-7.46558
-7.36515
-7.37152
-7.29029
-7.37348
-7.33724
-7.4183
-7.41485
-7.47418
-7.46336
-7.45463
-7.47961
-7.49588
-7.50351
-7.50405
-7.51397
-7.46542
-7.43657
-7.52936
-7.56606
-7.53732
-7.53926
-7.58055
-7.59123
-7.65626
-7.68721
-7.66749
-7.68364
-7.72596
-7.74877
-7.73313
-7.76307
-7.75218
-7.69984
-7.67093
-7.63782
-7.60062
-7.59687
-7.55323
-7.56318
-7.46654
-7.39139
-7.5087
-7.54511
-7.55467
-7.56617
-7.64867
-7.68412
-7.70117
-7.7415
-7.72334
-7.78784
-7.79043
-7.77262
-7.76148
-7.73459
-7.70298
-7.69051
-7.69763
-7.62498
-7.75893
-7.79552
-7.71195
-7.71853
-7.64065
-7.63802
-7.63635
-7.6929
-7.66579
-7.62726
-7.59054
-7.63542
-7.6541
-7.58057
-7.54485
-7.49029
-7.48269
-7.49724
-7.52682
-7.47966
-7.47436
-7.59741
-7.57385
-7.58314
-7.58772
-7.54311
-7.54741
-7.57523
-7.61186
-7.58688
-7.63552
-7.62252
-7.55369
-7.58384
-7.58386
-7.54478
-7.55643
-7.6487
-7.63329
-7.58006
-7.623
-7.59729
-7.57043
-7.58618
-7.59917
-7.51574
-7.46423
-7.43103
-7.4596
-7.45098
-7.49862
-7.50689
-7.50062
-7.49966
-7.50189
-7.46856
-7.46245
-7.43809
-7.43208
-7.424
-7.46532
-7.43923
-7.42959
-7.46423
-7.39683
-7.36854
-7.39504
-7.49749
-7.51014
-7.56561
-7.49334
-7.49321
-7.49384
-7.49581
-7.48307
-7.47773
-7.45605
-7.50849
-7.54097
-7.53802
-7.57996
-7.6481
-7.66032
-7.60667
-7.62686
-7.55928
-7.49274
-7.4772
-7.50233
-7.65232
-7.64651
-7.62797
-7.64805
-7.67831
-7.70363
-7.68289
-7.6294
-7.65458
-7.6296
-7.69671
-7.67883
-7.61163
-7.59232
-7.53986
-7.61879
-7.63154
-7.64062
-7.59841
-7.62822
-7.62491
-7.63104
-7.59012
-7.54945
-7.56689
-7.61983
-7.66769
-7.72135
-7.69762
-7.62963
-7.58787
-7.71779
-7.74784
-7.75518
-7.69914
-7.58244
-7.57912
-7.57544
-7.5521
-7.6039
-7.60052
-7.64134
-7.51347
-7.55598
-7.53552
-7.51529
-7.51255
-7.45406
-7.45805
-7.44208
-7.52006
-7.57385
-7.61267
-7.56996
-7.6424
-7.65063
-7.54223
-7.56875
-7.55014
-7.56818
-7.46246
-7.41728
-7.41653
-7.49067
-7.41807
-7.41568
-7.51577
-7.53403
-7.46959
-7.46647
-7.45182
-7.45646
-7.47879
-7.48901
-7.51914
-7.50534
-7.46374
-7.5289
-7.48441
-7.4587
-7.49455
-7.49245
-7.50064
-7.52047
-7.4678
-7.49889
-7.45026
-7.44457
-7.48206
-7.55402
-7.57203
-7.54173
-7.50896
-7.56051
-7.5777
-7.65025
-7.55243
-7.63673
-7.63279
-7.68756
-7.62761
-7.57641
-7.62699
-7.54022
-7.5261
-7.53221
-7.62057
-7.6721
-7.6666
-7.71334
-7.66685
-7.75835
-7.74088
-7.71509
-7.71363
-7.70476
-7.64202
-7.60799
-7.61842
-7.59391
-7.58266
-7.62494
-7.62411
-7.62128
-7.61025
-7.65973
-7.7129
-7.63986
-7.61993
-7.57418
-7.56721
-7.54968
-7.51573
-7.53034
-7.52067
-7.53347
-7.53174
-7.47844
-7.50033
-7.53636
-7.5179
-7.49719
-7.5019
-7.53174
-7.53539
-7.60989
-7.53005
-7.41411
-7.52263
-7.54916
-7.46108
-7.50725
-7.50192
-7.52873
-7.60362
-7.5743
-7.59737
-7.52489
-7.54962
-7.543
-7.53927
-7.59138
-7.57294
-7.54094
-7.59979
-7.65897
-7.70484
-7.67686
-7.68885
-7.64856
-7.60402
-7.69113
-7.71077
-7.66659
-7.62862
-7.60776
-7.61483
-7.56854
-7.6083
-7.63462
-7.69833
-7.78543
-7.65473
-7.62115
-7.67134
-7.70105
-7.70865
-7.72894
-7.76195
-7.63087
-7.6054
-7.63055
-7.67626
-7.67902
-7.64452
-7.62
-7.56876
-7.6361
-7.6838
-7.68301
-7.72551
-7.68164
-7.72691
-7.72302
-7.61489
-7.66233
-7.64886
-7.5977
-7.61718
-7.6214
-7.68639
-7.73797
-7.76269
-7.76026
-7.69699
-7.66872
-7.68089
-7.64128
-7.59697
-7.62231
-7.63308
-7.69669
-7.65244
-7.5659
-7.51032
-7.57528
-7.47066
-7.44988
-7.57292
-7.55606
-7.55381
-7.58243
-7.50678
-7.56038
-7.52381
-7.57717
-7.56185
-7.52386
-7.45518
-7.49685
-7.58466
-7.45099
-7.57991
-7.56461
-7.66247
-7.5651
-7.57488
-7.54517
-7.6209
-7.6417
-7.63522
-7.65648
-7.51986
-7.5285
-7.51468
-7.51625
-7.49154
-7.51858
-7.52135
-7.51293
-7.58755
-7.57381
-7.58208
-7.62918
-7.66517
-7.60985
-7.63397
-7.6714
-7.69371
-7.66481
-7.66144
-7.71476
-7.64459
-7.63298
-7.56795
-7.53089
-7.46961
-7.49455
-7.50911
-7.5815
-7.55837
-7.60838
-7.57246
-7.61525
-7.62557
-7.60492
-7.62334
-7.56171
-7.54546
-7.47236
-7.53598
-7.62027
-7.59617
-7.60202
-7.5961
-7.54283
-7.56172
-7.55094
-7.4544
-7.36792
-7.49863
-7.5435
-7.50531
-7.45378
-7.41605
-7.43949
-7.40063
-7.42892
-7.39288
-7.42074
-7.3809
-7.35845
-7.35014
-7.28067
-7.32432
-7.32927
-7.28821
-7.32491
-7.33536
-7.38854
-7.40874
-7.45774
-7.45351
-7.49796
-7.51832
-7.53077
-7.45747
-7.41454
-7.44745
-7.51095
-7.56066
-7.55155
-7.56341
-7.49074
-7.55309
-7.53772
-7.58801
-7.5701
-7.53298
-7.49756
-7.49986
-7.51017
-7.58487
-7.68042
-7.68
-7.53613
-7.53743
-7.50731
-7.53094
-7.51892
-7.49255
-7.52208
-7.54392
-7.5095
-7.40748
-7.47519
-7.44567
-7.46262
-7.53052
-7.50737
-7.49049
-7.43239
-7.45643
-7.45808
-7.42344
-7.50567
-7.48725
-7.52699
-7.41527
-7.52427
-7.60346
-7.59878
-7.52262
-7.49328
-7.48906
-7.62524
-7.66779
-7.57718
-7.53916
-7.54708
-7.60012
-7.58204
-7.55495
-7.6137
-7.60943
-7.60998
-7.64038
-7.56747
-7.48406
-7.47347
-7.40739
-7.44136
-7.48419
-7.52811
-7.50169
-7.46624
-7.44086
-7.40608
-7.41261
-7.43466
-7.51774
-7.55219
-7.52378
-7.49832
-7.52954
-7.59187
-7.57604
-7.56898
-7.55053
-7.70528
-7.72157
-7.6868
-7.70682
-7.60525
-7.67472
-7.59754
-7.50332
-7.51694
-7.51522
-7.4432
-7.50395
-7.48844
-7.56432
-7.58211
-7.50301
-7.47186
-7.50287
-7.52261
-7.56126
-7.53931
-7.50672
-7.50001
-7.45115
-7.34148
-7.41785
-7.50536
-7.49805
-7.54532
-7.57744
-7.53974
-7.51998
-7.49858
-7.52568
-7.54875
-7.50494
-7.58676
-7.51026
-7.54138
-7.59219
-7.70441
-7.69811
-7.73925
-7.69221
-7.61314
-7.57691
-7.59686
-7.65181
-7.64153
-7.67751
-7.6434
-7.68534
-7.64743
-7.57871
-7.55812
-7.51514
-7.54207
-7.5439
-7.53926
-7.57672
-7.55899
-7.66507
-7.69154
-7.6905
-7.62146
-7.66873
-7.65209
-7.61189
-7.54029
-7.5738
-7.52394
-7.51217
-7.49996
-7.45578
-7.44413
-7.45395
-7.42884
-7.4395
-7.43405
-7.3818
-7.34682
-7.33786
-7.33022
-7.42538
-7.40458
-7.34737
-7.35354
-7.43551
-7.46594
-7.38896
-7.42971
-7.47981
-7.46757
-7.45536
-7.42641
-7.43653
-7.42883
-7.45814
-7.55089
-7.53351
-7.61021
-7.59081
-7.56601
-7.52698
-7.47884
-7.41845
-7.39303
-7.39641
-7.47691
-7.4491
-7.52829
-7.5284
-7.65159
-7.56706
-7.48595
-7.4942
-7.46274
-7.4394
-7.52244
-7.58511
-7.62594
-7.56653
-7.50638
-7.46159
-7.46444
-7.36244
-7.35947
-7.49558
-7.54324
-7.55122
-7.56489
-7.60394
-7.6073
-7.55315
-7.48184
-7.53192
-7.50909
-7.57195
-7.55343
-7.4764
-7.46435
-7.50832
-7.65427
-7.62153
-7.5402
-7.49844
-7.46117
-7.48169
-7.49259
-7.59453
-7.6812
-7.69069
-7.72413
-7.70072
-7.70025
-7.73856
-7.69639
-7.67133
-7.66065
-7.73862
-7.72921
-7.69705
-7.67882
-7.59283
-7.69012
-7.65648
-7.53855
-7.59653
-7.62329
-7.6517
-7.6566
-7.67529
-7.58794
-7.63974
-7.54679
-7.56928
-7.62459
-7.66221
-7.64417
-7.66447
-7.62657
-7.61177
-7.55284
-7.47862
-7.33637
-7.4253
-7.51555
-7.57576
-7.56404
-7.59741
-7.63148
-7.62148
-7.584
-7.59142
-7.60239
-7.5536
-7.55828
-7.60332
-7.66504
-7.71911
-7.64395
-7.72068
-7.63188
-7.46712
-7.41194
-7.45984
-7.49455
-7.49902
-7.40879
-7.36494
-7.34679
-7.40588
-7.39595
-7.44899
-7.49099
-7.52123
-7.54063
-7.54154
-7.60309
-7.55636
-7.55095
-7.51145
-7.44191
-7.44073
-7.48468
-7.49105
-7.55215
-7.54639
-7.46433
-7.46305
-7.46134
-7.53148
-7.65654
-7.73067
-7.63872
-7.6057
-7.62139
-7.57352
-7.65649
-7.67551
-7.56295
-7.54015
-7.56828
-7.54403
-7.53907
-7.52816
-7.47703
-7.53125
-7.47063
-7.44502
-7.52517
-7.44967
-7.44935
-7.51955
-7.52174
-7.52116
-7.59106
-7.59224
-7.58885
-7.58543
-7.63995
-7.5953
-7.51866
-7.47078
-7.41638
-7.48154
-7.53771
-7.54771
-7.50403
-7.57019
-7.56805
-7.64503
-7.61936
-7.56219
-7.63324
-7.56543
-7.55425
-7.59722
-7.57237
-7.58843
-7.53479
-7.53932
-7.53424
-7.54504
-7.58766
-7.58572
-7.58119
-7.52415
-7.52302
-7.54044
-7.60173
-7.55928
-7.5511
-7.55517
-7.52339
-7.4991
-7.55065
-7.54294
-7.47515
-7.4983
-7.59355
-7.53896
-7.52702
-7.46843
-7.54195
-7.54851
-7.51818
-7.54081
-7.52123
-7.58419
-7.49686
-7.4979
-7.51325
-7.58187
-7.66161
-7.68442
-7.65627
-7.63376
-7.65027
-7.6182
-7.56842
-7.56972
-7.4746
-7.41678
-7.41618
-7.48091
-7.55975
-7.59243
-7.63892
-7.66865
-7.7161
-7.64369
-7.69962
-7.69012
-7.65567
-7.65248
-7.63835
-7.66548
-7.66517
-7.58377
-7.59116
-7.52302
-7.56171
-7.57063
-7.57158
-7.59316
-7.59223
-7.55747
-7.58822
-7.59368
-7.56755
-7.57595
-7.61587
-7.52398
-7.5556
-7.64481
-7.64296
-7.64014
-7.61859
-7.7004
-7.665
-7.67531
-7.67698
-7.67914
-7.69771
-7.66358
-7.66344
-7.74055
-7.72357
-7.76939
-7.78548
-7.71317
-7.74429
-7.70093
-7.66621
-7.62431
-7.63243
-7.58757
-7.4954
-7.45896
-7.4776
-7.4644
-7.49132
-7.48704
-7.44168
-7.47011
-7.40169
-7.37876
-7.49506
-7.54189
-7.5143
-7.51172
-7.46934
-7.535
-7.5166
-7.58179
-7.5247
-7.48574
-7.43519
-7.42655
-7.42133
-7.43347
-7.43996
-7.50553
-7.43486
-7.4249
-7.45806
-7.41712
-7.42277
-7.47976
-7.51542
-7.40933
-7.4207
-7.50359
-7.56435
-7.57752
-7.54951
-7.44887
-7.46334
-7.47912
-7.40507
-7.42242
-7.40541
-7.52747
-7.45461
-7.50661
-7.5269
-7.46587
-7.41454
-7.47454
-7.53111
-7.5032
-7.38681
-7.42486
-7.39936
-7.48198
-7.5408
-7.5664
-7.60042
-7.53385
-7.53993
-7.53132
-7.51125
-7.55077
-7.50965
-7.45456
-7.46835
-7.47071
-7.4964
-7.54589
-7.55389
-7.57406
-7.50727
-7.52531
-7.56961
-7.59445
-7.54894
-7.50222
-7.44633
-7.36811
-7.32812
-7.32309
-7.43728
-7.41894
-7.48196
-7.50164
-7.49384
-7.44631
-7.4603
-7.5514
-7.51504
-7.49277
-7.51788
-7.52944
-7.54101
-7.53132
-7.5286
-7.54105
-7.62272
-7.6391
-7.63489
-7.61824
-7.58952
-7.53119
-7.50291
-7.48092
-7.47134
-7.47089
-7.48519
-7.49742
-7.55167
-7.59853
-7.574
-7.61435
-7.57196
-7.6199
-7.6086
-7.5979
-7.60115
-7.49832
-7.43568
-7.44981
-7.37149
-7.39738
-7.37587
-7.35446
-7.43555
-7.37405
-7.42576
-7.46166
-7.47233
-7.53759
-7.48959
-7.5604
-7.62271
-7.66608
-7.62118
-7.61462
-7.56007
-7.61163
-7.60018
-7.59724
-7.6195
-7.60655
-7.56908
-7.47121
-7.50152
-7.55124
-7.5184
-7.56962
-7.53449
-7.56396
-7.54259
-7.47868
-7.53472
-7.5096
-7.49087
-7.53383
-7.54673
-7.56961
-7.56377
-7.57788
-7.56085
-7.51383
-7.54881
-7.52445
-7.57349
-7.57384
-7.43074
-7.41911
-7.50988
-7.48964
-7.47869
-7.51188
-7.48722
-7.47661
-7.54704
-7.54808
-7.41364
-7.46382
-7.47803
-7.46624
-7.42886
-7.40726
-7.41221
-7.46137
-7.43202
-7.45725
-7.41629
-7.41833
-7.41796
-7.38002
-7.41926
-7.46251
-7.54042
-7.46454
-7.52813
-7.48331
-7.50233
-7.51515
-7.53245
-7.54103
-7.499
-7.48791
-7.55127
-7.52448
-7.49706
-7.51293
-7.53597
-7.61151
-7.5715
-7.70768
-7.62195
-7.63574
-7.6278
-7.5765
-7.55036
-7.5653
-7.53866
-7.52572
-7.54659
-7.53244
-7.53866
-7.48528
-7.42304
-7.52197
-7.63549
-7.64831
-7.64803
-7.59594
-7.5472
-7.51866
-7.48542
-7.54554
-7.56484
-7.59783
-7.50606
-7.53364
-7.4877
-7.43397
-7.48144
-7.49395
-7.50943
-7.51222
-7.52857
-7.52055
-7.51493
-7.45844
-7.39807
-7.3304
-7.38254
-7.39294
-7.30921
-7.44287
-7.44652
-7.42302
-7.4255
-7.48887
-7.51012
-7.49278
-7.54091
-7.52276
-7.50461
-7.52868
-7.43398
-7.35962
-7.41712
-7.52895
-7.52142
-7.54119
-7.63721
-7.67559
-7.67327
-7.66364
-7.67795
-7.71462
-7.64584
-7.59663
-7.63198
-7.63454
-7.58019
-7.59541
-7.61409
-7.50418
-7.51427
-7.5075
-7.47112
-7.56526
-7.63478
-7.59386
-7.56668
-7.64075
-7.64744
-7.60591
-7.64634
-7.60677
-7.64849
-7.61706
-7.57698
-7.58345
-7.58323
-7.6523
-7.60724
-7.55676
-7.53284
-7.5426
-7.57572
-7.62465
-7.68425
-7.62572
-7.55626
-7.61465
-7.56536
-7.58617
-7.5979
-7.66904
-7.61737
-7.64336
-7.63063
-7.63358
-7.65469
-7.67189
-7.65932
-7.62386
-7.58989
-7.5521
-7.59526
-7.62781
-7.61149
-7.60316
-7.46644
-7.5276
-7.5666
-7.60114
-7.64204
-7.60142
-7.64809
-7.63799
-7.65597
-7.65226
-7.64324
-7.68717
-7.65147
-7.57947
-7.68937
-7.70182
-7.67885
-7.70687
-7.71976
-7.70453
-7.62715
-7.6348
-7.73528
-7.72396
-7.75706
-7.69365
-7.63759
-7.65992
-7.65523
-7.69787
-7.74189
-7.69984
-7.66244
-7.59611
-7.57151
-7.62643
-7.53986
-7.52826
-7.57071
-7.56623
-7.59714
-7.60849
-7.53961
-7.53508
-7.50053
-7.53249
-7.56628
-7.52865
-7.47128
-7.48427
-7.49293
-7.4904
-7.63792
-7.65596
-7.68405
-7.56105
-7.56879
-7.59898
-7.6203
-7.51836
-7.48377
-7.47818
-7.5584
-7.62351
-7.64764
-7.57437
-7.5093
-7.5574
-7.5066
-7.61463
-7.58877
-7.63117
-7.64873
-7.63321
-7.62308
-7.67557
-7.64512
-7.6386
-7.66282
-7.66957
-7.72252
-7.66367
-7.70186
-7.66247
-7.64321
-7.66972
-7.67003
-7.66186
-7.72089
-7.69359
-7.61869
-7.56735
-7.60487
-7.65219
-7.63844
-7.70317
-7.69704
-7.72207
-7.70438
-7.65234
-7.63118
-7.53209
-7.60079
-7.55554
-7.55562
-7.56282
-7.48842
-7.5227
-7.54465
-7.61189
-7.62208
-7.60303
-7.57718
-7.5339
-7.56365
-7.54201
-7.5742
-7.60068
-7.54956
-7.41507
-7.42377
-7.43684
-7.44763
-7.40238
-7.34027
-7.341
-7.40777
-7.41671
-7.50059
-7.48078
-7.41432
-7.4619
-7.38639
-7.39933
-7.55247
-7.57347
-7.62293
-7.6034
-7.63795
-7.68236
-7.63527
-7.56727
-7.53576
-7.51796
-7.51487
-7.4974
-7.54209
-7.52591
-7.54958
-7.60029
-7.54511
-7.56116
-7.45582
-7.44628
-7.5433
-7.568
-7.51838
-7.62516
-7.58188
-7.53305
-7.54334
-7.56609
-7.60504
-7.60322
-7.63294
-7.65052
-7.67957
-7.6461
-7.58799
-7.57432
-7.54864
-7.54741
-7.4845
-7.54564
-7.64209
-7.66225
-7.66989
-7.6856
-7.6834
-7.72961
-7.68874
-7.63555
-7.62321
-7.65449
-7.64587
-7.56083
-7.52961
-7.58785
-7.5116
-7.59729
-7.58679
-7.53914
-7.57025
-7.57801
-7.68528
-7.73365
-7.71887
-7.67183
-7.70436
-7.78087
-7.7956
-7.79609
-7.77891
-7.73397
-7.77816
-7.73544
-7.69209
-7.72679
-7.70832
-7.67459
-7.72208
-7.72824
-7.69491
-7.67066
-7.65416
-7.69066
-7.64879
-7.62833
-7.68914
-7.70265
-7.58504
-7.57745
-7.60681
-7.58598
-7.56166
-7.52798
-7.54869
-7.51011
-7.46568
-7.47789
-7.40957
-7.47497
-7.49232
-7.45343
-7.47821
-7.4361
-7.40891
-7.42802
-7.46514
-7.4211
-7.40569
-7.50463
-7.50387
-7.48566
-7.56367
-7.59308
-7.48155
-7.50481
-7.58276
-7.52764
-7.59703
-7.54594
-7.52369
-7.50316
-7.52437
-7.58328
-7.49933
-7.59243
-7.59268
-7.61445
-7.55085
-7.57326
-7.60714
-7.65146
-7.62743
-7.59124
-7.5393
-7.60386
-7.65015
-7.72076
-7.7599
-7.74792
-7.75057
-7.71799
-7.68361
-7.72694
-7.71009
-7.64809
-7.6609
-7.60813
-7.6016
-7.57288
-7.57037
-7.612
-7.59389
-7.58161
-7.58133
-7.60538
-7.63789
-7.6209
-7.59799
-7.51989
-7.46221
-7.587
-7.56597
-7.58965
-7.63251
-7.63723
-7.66267
-7.61774
-7.67692
-7.65871
-7.61596
-7.60656
-7.64575
-7.63374
-7.56653
-7.5707
-7.49417
-7.55941
-7.4861
-7.56924
-7.51531
-7.52493
-7.58105
-7.55274
-7.48531
-7.4233
-7.46528
-7.46336
-7.44124
-7.50835
-7.47053
-7.42629
-7.45304
-7.46641
-7.48211
-7.5112
-7.40373
-7.48209
-7.48576
-7.51185
-7.43638
-7.4497
-7.40948
-7.42283
-7.50186
-7.54985
-7.58117
-7.5775
-7.52924
-7.50121
-7.56241
-7.55504
-7.52668
-7.51978
-7.53423
-7.49887
-7.54471
-7.53031
-7.61086
-7.749
-7.6529
-7.61604
-7.69291
-7.59324
-7.61775
-7.61331
-7.66965
-7.70463
-7.64823
-7.65821
-7.6257
-7.57756
-7.61241
-7.60339
-7.63252
-7.55959
-7.53787
-7.56037
-7.55274
-7.54229
-7.57225
-7.60501
-7.68093
-7.66089
-7.61736
-7.5813
-7.52419
-7.515
-7.51696
-7.51966
-7.47042
-7.588
-7.60039
-7.59895
-7.5781
-7.54721
-7.62217
-7.53081
-7.58398
-7.66033
-7.61435
-7.54759
-7.52156
-7.47334
-7.51335
-7.37369
-7.35285
-7.29523
-7.34643
-7.46583
-7.58691
-7.5647
-7.54994
-7.56008
-7.52159
-7.45815
-7.42937
-7.40882
-7.41943
-7.42309
-7.48948
-7.53213
-7.55784
-7.56883
-7.62148
-7.51883
-7.48825
-7.44661
-7.49042
-7.44743
-7.43304
-7.53887
-7.52943
-7.54118
-7.53002
-7.55856
-7.53862
-7.52719
-7.52686
-7.50832
-7.48132
-7.54948
-7.5686
-7.57964
-7.51587
-7.50295
-7.57151
-7.47194
-7.52938
-7.482
-7.53302
-7.53808
-7.64284
-7.67541
-7.61613
-7.61651
-7.59884
-7.57255
-7.58115
-7.56898
-7.49499
-7.48239
-7.47864
-7.39851
-7.32961
-7.41257
-7.47447
-7.43062
-7.42506
-7.45311
-7.45693
-7.47245
-7.46683
-7.59301
-7.57257
-7.6821
-7.60358
-7.63242
-7.62125
-7.57466
-7.4754
-7.43155
-7.40227
-7.36552
-7.45058
-7.40204
-7.43427
-7.49974
-7.58074
-7.63738
-7.59811
-7.60148
-7.59088
-7.48419
-7.50311
-7.59205
-7.50589
-7.4828
-7.52397
-7.55384
-7.56245
-7.58702
-7.56061
-7.53077
-7.55023
-7.65592
-7.62073
-7.62177
-7.70767
-7.69008
-7.62734
-7.6115
-7.69897
-7.63261
-7.65583
-7.71804
-7.55281
-7.55938
-7.48783
-7.51541
-7.5048
-7.55338
-7.50618
-7.48998
-7.487
-7.51486
-7.53428
-7.54747
-7.56422
-7.61166
-7.59054
-7.57465
-7.52777
-7.50613
-7.47665
-7.46533
-7.52173
-7.47029
-7.48095
-7.53111
-7.55163
-7.47354
-7.49343
-7.53383
-7.573
-7.53347
-7.3859
-7.3932
-7.46691
-7.5175
-7.53033
-7.48868
-7.45081
-7.34212
-7.31753
-7.28351
-7.25878
-7.33665
-7.35807
-7.44713
-7.47745
-7.50923
-7.40299
-7.35592
-7.31707
-7.34533
-7.32887
-7.34983
-7.36015
-7.37045
-7.40796
-7.4479
-7.44505
-7.42964
-7.40461
-7.40656
-7.39284
-7.49469
-7.38646
-7.43248
-7.43556
-7.40132
-7.51206
-7.4713
-7.51546
-7.49532
-7.55894
-7.5032
-7.51677
-7.61192
-7.52517
-7.52057
-7.52609
-7.5335
-7.50988
-7.49953
-7.52448
-7.55792
-7.58282
-7.57548
-7.5631
-7.56124
-7.57352
-7.58697
-7.61624
-7.63121
-7.65352
-7.64519
-7.54241
-7.51247
-7.55075
-7.58234
-7.63679
-7.64072
-7.68033
-7.63824
-7.64778
-7.63819
-7.62434
-7.68721
-7.70169
-7.68658
-7.52873
-7.52375
-7.48473
-7.51742
-7.45169
-7.49691
-7.52473
-7.65001
-7.6529
-7.65785
-7.65264
-7.6836
-7.67549
-7.70425
-7.66436
-7.7457
-7.68618
-7.7072
-7.70955
-7.71921
-7.72766
-7.61619
-7.55707
-7.64094
-7.50709
-7.47632
-7.49812
-7.48996
-7.57927
-7.56174
-7.57774
-7.49703
-7.55358
-7.60613
-7.61494
-7.59701
-7.60366
-7.59736
-7.63536
-7.64776
-7.59332
-7.5256
-7.5512
-7.49038
-7.5123
-7.52999
-7.62923
-7.63215
-7.62991
-7.63864
-7.57956
-7.57408
-7.482
-7.52873
-7.49145
-7.54072
-7.62012
-7.62779
-7.5339
-7.51208
-7.60369
-7.57751
-7.63298
-7.66282
-7.6526
-7.71046
-7.6183
-7.61978
-7.65027
-7.56974
-7.49968
-7.43387
-7.37297
-7.39119
-7.39409
-7.36063
-7.45968
-7.38185
-7.39552
-7.4319
-7.42031
-7.52086
-7.43837
-7.51
-7.43779
-7.50083
-7.56432
-7.51269
-7.47475
-7.52677
-7.54124
-7.60143
-7.54285
-7.54562
-7.51925
-7.52345
-7.46783
-7.50363
-7.52217
-7.47251
-7.56914
-7.57085
-7.57275
-7.55357
-7.42883
-7.54809
-7.58691
-7.60488
-7.51906
-7.60737
-7.58907
-7.6758
-7.61863
-7.62298
-7.53975
-7.52964
-7.56841
-7.68127
-7.74307
-7.75153
-7.70453
-7.66377
-7.69382
-7.60624
-7.61672
-7.64528
-7.66328
-7.73278
-7.72179
-7.7657
-7.70852
-7.6637
-7.65417
-7.58336
-7.54321
-7.49525
-7.49212
-7.53801
-7.45287
-7.47213
-7.52716
-7.6024
-7.62233
-7.59428
-7.58472
-7.5961
-7.50691
-7.59431
-7.58468
-7.62506
-7.57943
-7.59681
-7.5783
-7.60661
-7.55267
-7.52692
-7.59822
-7.54985
-7.53894
-7.5621
-7.48372
-7.44059
-7.50643
-7.59405
-7.53154
-7.43946
-7.46412
-7.44708
-7.46222
-7.55118
-7.53271
-7.4681
-7.4451
-7.54284
-7.49437
-7.49682
-7.52669
-7.45645
-7.45572
-7.44425
-7.42126
-7.37725
-7.4078
-7.46513
-7.52135
-7.54527
-7.64784
-7.63401
-7.63998
-7.63722
-7.61293
-7.58308
-7.59529
-7.64282
-7.62088
-7.56913
-7.52816
-7.55818
-7.544
-7.64371
-7.60353
-7.64931
-7.59198
-7.55424
-7.5126
-7.54191
-7.50402
-7.46426
-7.57366
-7.57017
-7.58396
-7.65081
-7.66507
-7.53762
-7.55257
-7.52712
-7.54874
-7.48406
-7.53655
-7.59366
-7.51603
-7.57124
-7.54638
-7.63528
-7.62357
-7.65529
-7.59091
-7.55022
-7.50507
-7.54805
-7.52471
-7.44101
-7.46672
-7.4606
-7.45284
-7.46536
-7.42082
-7.40116
-7.39629
-7.47558
-7.42167
-7.56689
-7.47568
-7.4791
-7.53632
-7.58485
-7.61742
-7.62807
-7.68393
-7.64469
-7.56774
-7.6414
-7.67022
-7.63369
-7.66531
-7.67743
-7.63644
-7.61899
-7.65815
-7.66053
-7.58828
-7.61379
-7.61242
-7.63383
-7.69925
-7.74161
-7.65568
-7.56745
-7.53291
-7.50584
-7.49676
-7.40714
-7.47363
-7.51847
-7.59597
-7.64868
-7.63241
-7.63011
-7.56826
-7.5475
-7.58374
-7.5982
-7.60567
-7.53679
-7.48588
-7.58997
-7.56257
-7.5239
-7.55075
-7.51049
-7.5277
-7.60362
-7.53093
-7.54419
-7.58163
-7.58273
-7.50709
-7.50751
-7.49817
-7.50954
-7.47065
-7.4178
-7.49799
-7.4958
-7.50705
-7.4741
-7.50472
-7.43549
-7.42135
-7.28481
-7.31549
-7.36747
-7.39257
-7.40994
-7.50146
-7.60889
-7.60166
-7.61395
-7.59681
-7.60033
-7.52094
-7.52283
-7.53974
-7.55058
-7.5195
-7.56637
-7.5589
-7.5332
-7.5724
-7.56982
-7.5214
-7.46877
-7.53036
-7.45006
-7.5134
-7.53315
-7.47748
-7.4899
-7.44708
-7.44737
-7.43717
-7.4054
-7.48419
-7.5288
-7.55419
-7.54818
-7.52995
-7.60524
-7.48937
-7.46947
-7.44755
-7.52387
-7.52395
-7.50472
-7.47397
-7.38305
-7.47203
-7.48269
-7.49135
-7.53435
-7.54653
-7.52391
-7.53951
-7.54246
-7.59982
-7.58225
-7.59617
-7.53117
-7.50206
-7.51317
-7.5383
-7.64387
-7.68817
-7.62709
-7.67958
-7.66812
-7.65309
-7.69767
-7.74455
-7.69577
-7.59949
-7.55172
-7.48342
-7.4412
-7.41694
-7.43156
-7.4507
-7.43936
-7.45651
-7.51251
-7.51245
-7.54649
-7.61587
-7.56647
-7.55903
-7.52303
-7.45093
-7.47487
-7.50946
-7.4858
-7.49271
-7.5174
-7.52832
-7.59441
-7.52528
-7.53215
-7.55927
-7.46633
-7.42106
-7.47665
-7.44049
-7.41715
-7.409
-7.51037
-7.58678
-7.62178
-7.67836
-7.68029
-7.62812
-7.69708
-7.7032
-7.67747
-7.72991
-7.71085
-7.71715
-7.66453
-7.64107
-7.60948
-7.66873
-7.68265
-7.61844
-7.55525
-7.53389
-7.51056
-7.47229
-7.48386
-7.4786
-7.44831
-7.44275
-7.43381
-7.40205
-7.43415
-7.3887
-7.34586
-7.3825
-7.44213
-7.49994
-7.54668
-7.49425
-7.44469
-7.47719
-7.53218
-7.5634
-7.57304
-7.58511
-7.51781
-7.43815
-7.54827
-7.65004
-7.69986
-7.66381
-7.63594
-7.58738
-7.56086
-7.45494
-7.42383
-7.46724
-7.53262
-7.58697
-7.58568
-7.43123
-7.47422
-7.54121
-7.55603
-7.53378
-7.50955
-7.47136
-7.52908
-7.53736
-7.54819
-7.53784
-7.5619
-7.62842
-7.71477
-7.62543
-7.5875
-7.69786
-7.62116
-7.67625
-7.65496
-7.64487
-7.58287
-7.61596
-7.62692
-7.64152
-7.6392
-7.66741
-7.65999
-7.64963
-7.69153
-7.66869
-7.66078
-7.70745
-7.74212
-7.72045
-7.68141
-7.7013
-7.73102
-7.71508
-7.62834
-7.56914
-7.5446
-7.47337
-7.51182
-7.43351
-7.54753
-7.59154
-7.62292
-7.62399
-7.62301
-7.53928
-7.54156
-7.53506
-7.5345
-7.55111
-7.54035
-7.51601
-7.6287
-7.6409
-7.6989
-7.6638
-7.68728
-7.71165
-7.66254
-7.66718
-7.63401
-7.60272
-7.55007
-7.51864
-7.54522
-7.49679
-7.51004
-7.5131
-7.56659
-7.54237
-7.56823
-7.55166
-7.60103
-7.63376
-7.63733
-7.55323
-7.55728
-7.65214
-7.55593
-7.59614
-7.60243
-7.56328
-7.53943
-7.5017
-7.53889
-7.61722
-7.55334
-7.6008
-7.62892
-7.57187
-7.53679
-7.53173
-7.56196
-7.51299
-7.42857
-7.44505
-7.43942
-7.45973
-7.55841
-7.53541
-7.50046
-7.48581
-7.56487
-7.60089
-7.53969
-7.51529
-7.48613
-7.4516
-7.42096
-7.32789
-7.3585
-7.36496
-7.36284
-7.30606
-7.35938
-7.412
-7.36036
-7.33523
-7.26372
-7.26404
-7.23106
-7.45953
-7.51292
-7.47434
-7.4635
-7.4922
-7.51936
-7.61631
-7.56807
-7.52448
-7.53161
-7.5289
-7.57147
-7.53799
-7.57053
-7.61383
-7.52782
-7.50859
-7.55798
-7.55679
-7.5869
-7.58236
-7.54217
-7.50949
-7.57669
-7.55185
-7.61695
-7.6253
-7.70857
-7.6168
-7.59835
-7.67241
-7.70401
-7.66175
-7.5915
-7.56131
-7.58203
-7.58132
-7.612
-7.57526
-7.60716
-7.65609
-7.5942
-7.51443
-7.5791
-7.59995
-7.5973
-7.57423
-7.49175
-7.46825
-7.44213
-7.49798
-7.53069
-7.52567
-7.55413
-7.55173
-7.62361
-7.58948
-7.64234
-7.64664
-7.6087
-7.54258
-7.51692
-7.49986
-7.57657
-7.5658
-7.53629
-7.55841
-7.53897
-7.51072
-7.49469
-7.41243
-7.46064
-7.40979
-7.44167
-7.40218
-7.51875
-7.5017
-7.45314
-7.4434
-7.34848
-7.38665
-7.41716
-7.34116
-7.3713
-7.49072
-7.52491
-7.52794
-7.53617
-7.51513
-7.48239
-7.51556
-7.50397
-7.50892
-7.47883
-7.4357
-7.42473
-7.57629
-7.5989
-7.57368
-7.63763
-7.60257
-7.70171
-7.64699
-7.55739
-7.64981
-7.62914
-7.67876
-7.68237
-7.60885
-7.64229
-7.61576
-7.58347
-7.58883
-7.64619
-7.64688
-7.6887
-7.65359
-7.63196
-7.62999
-7.62557
-7.61393
-7.51565
-7.53896
-7.47037
-7.58066
-7.55271
-7.59719
-7.54579
-7.56196
-7.53259
-7.49904
-7.54134
-7.48927
-7.45498
-7.42664
-7.40564
-7.49225
-7.48618
-7.56834
-7.54882
-7.56149
-7.5276
-7.50582
-7.46052
-7.52441
-7.59128
-7.61041
-7.59891
-7.61961
-7.5262
-7.54114
-7.52313
-7.54526
-7.54219
-7.47017
-7.39908
-7.50189
-7.44905
-7.50487
-7.44838
-7.5444
-7.57831
-7.5578
-7.52854
-7.51486
-7.58337
-7.52215
-7.5308
-7.53402
-7.57473
-7.6116
-7.54624
-7.58209
-7.56682
-7.58715
-7.54726
-7.52311
-7.55823
-7.42242
-7.51771
-7.47973
-7.43194
-7.48782
-7.49831
-7.4529
-7.43958
-7.40148
-7.43136
-7.51898
-7.52952
-7.51724
-7.49144
-7.47824
-7.54464
-7.55858
-7.60629
-7.65076
-7.61247
-7.55565
-7.55486
-7.53636
-7.50523
-7.4937
-7.59893
-7.48846
-7.48032
-7.44743
-7.4323
-7.39842
-7.47908
-7.5335
-7.54125
-7.47124
-7.46858
-7.53977
-7.57449
-7.63099
-7.58565
-7.64028
-7.57986
-7.54326
-7.59471
-7.55121
-7.57123
-7.50904
-7.49115
-7.57556
-7.49989
-7.50285
-7.51148
-7.58798
-7.69049
-7.78923
-7.69272
-7.66864
-7.63227
-7.62059
-7.56666
-7.54082
-7.51211
-7.54466
-7.61064
-7.64497
-7.54511
-7.57031
-7.53871
-7.55147
-7.47682
-7.47515
-7.51096
-7.5405
-7.52437
-7.61842
-7.58155
-7.55324
-7.58696
-7.55946
-7.53019
-7.51273
-7.5032
-7.49629
-7.54409
-7.49501
-7.52458
-7.49265
-7.47584
-7.44403
-7.43876
-7.43568
-7.44856
-7.53602
-7.54899
-7.61652
-7.53429
-7.52938
-7.48307
-7.48088
-7.57366
-7.60678
-7.61961
-7.65109
-7.69294
-7.6113
-7.64536
-7.51904
-7.55839
-7.52603
-7.5199
-7.50218
-7.5881
-7.59545
-7.60458
-7.58177
-7.57631
-7.59939
-7.64953
-7.60873
-7.5527
-7.51369
-7.54535
-7.5806
-7.60871
-7.51581
-7.59307
-7.55627
-7.53359
-7.49496
-7.50647
-7.5254
-7.54838
-7.56957
-7.55302
-7.53819
-7.52799
-7.43037
-7.49879
-7.50431
-7.51558
-7.62086
-7.5401
-7.47064
-7.5651
-7.57981
-7.57144
-7.54604
-7.46655
-7.43313
-7.39448
-7.42649
-7.45416
-7.38178
-7.40167
-7.48622
-7.48562
-7.47969
-7.43694
-7.46329
-7.47766
-7.48994
-7.46827
-7.47618
-7.41867
-7.39035
-7.36332
-7.39538
-7.44509
-7.44501
-7.46503
-7.48245
-7.44127
-7.47893
-7.41263
-7.45357
-7.5113
-7.55293
-7.49933
-7.58064
-7.64165
-7.61364
-7.55243
-7.52998
-7.58746
-7.61424
-7.58346
-7.57688
-7.56258
-7.56074
-7.51576
-7.56164
-7.52119
-7.61551
-7.67947
-7.53781
-7.54872
-7.5329
-7.61499
-7.57204
-7.59487
-7.64716
-7.68261
-7.65501
-7.70983
-7.65145
-7.65467
-7.59786
-7.58031
-7.63514
-7.64564
-7.67152
-7.66051
-7.68229
-7.63477
-7.60081
-7.6579
-7.7149
-7.6572
-7.65638
-7.60451
-7.60245
-7.60671
-7.62242
-7.62097
-7.54355
-7.47668
-7.53056
-7.56185
-7.53575
-7.58428
-7.60973
-7.62787
-7.58515
-7.52348
-7.55893
-7.66366
-7.68771
-7.66541
-7.6799
-7.60607
-7.61702
-7.7072
-7.71403
-7.63267
-7.61604
-7.5883
-7.55563
-7.61372
-7.62261
-7.6244
-7.67485
-7.73061
-7.74686
-7.66626
-7.63994
-7.63486
-7.61629
-7.61523
-7.57297
-7.57916
-7.55936
-7.58281
-7.61606
-7.62453
-7.61004
-7.64724
-7.65528
-7.59729
-7.59378
-7.62726
-7.68036
-7.59138
-7.47393
-7.51294
-7.50516
-7.4674
-7.49043
-7.47531
-7.48761
-7.64018
-7.61444
-7.59199
-7.59678
-7.66259
-7.66707
-7.72138
-7.75729
-7.7861
-7.77628
-7.77689
-7.75514
-7.75713
-7.78287
-7.76135
-7.70123
-7.6623
-7.66954
-7.62878
-7.66817
-7.53651
-7.64495
-7.60223
-7.54325
-7.49569
-7.5311
-7.46537
-7.50583
-7.4789
-7.47719
-7.57735
-7.54503
-7.52526
-7.49758
-7.48542
-7.50584
-7.59559
-7.67689
-7.63919
-7.64358
-7.55206
-7.53182
-7.56996
-7.58993
-7.52167
-7.60301
-7.6231
-7.63577
-7.63147
-7.50916
-7.53319
-7.56617
-7.55325
-7.53884
-7.49478
-7.53781
-7.54
-7.60458
-7.61573
-7.72418
-7.61226
-7.61868
-7.60186
-7.59215
-7.59133
-7.61317
-7.53346
-7.54815
-7.52593
-7.56732
-7.54363
-7.58733
-7.59283
-7.55047
-7.544
-7.53849
-7.59177
-7.64094
-7.60241
-7.66659
-7.66753
-7.70192
-7.69282
-7.66911
-7.63405
-7.66893
-7.63047
-7.74625
-7.71146
-7.58271
-7.56974
-7.54195
-7.55397
-7.55053
-7.55081
-7.5537
-7.59486
-7.6501
-7.6661
-7.64641
-7.58035
-7.55932
-7.60726
-7.60781
-7.59996
-7.65266
-7.67516
-7.60719
-7.59553
-7.48964
-7.44293
-7.42973
-7.4675
-7.52335
-7.60825
-7.65555
-7.64733
-7.67984
-7.65327
-7.61328
-7.52005
-7.55226
-7.51337
-7.54946
-7.50294
-7.59464
-7.59852
-7.63306
-7.61027
-7.58189
-7.66157
-7.66404
-7.66123
-7.61804
-7.57379
-7.5866
-7.59054
-7.5778
-7.64406
-7.58325
-7.58956
-7.61443
-7.6301
-7.66226
-7.69896
-7.72218
-7.70281
-7.70808
-7.70919
-7.70375
-7.69345
-7.65979
-7.68102
-7.67626
-7.6685
-7.69528
-7.68722
-7.73288
-7.74492
-7.72291
-7.68369
-7.67722
-7.61245
-7.66463
-7.62378
-7.53271
-7.54028
-7.58073
-7.59302
-7.64809
-7.60436
-7.60215
-7.67239
-7.71528
-7.6755
-7.64368
-7.59456
-7.61087
-7.51963
-7.53704
-7.53022
-7.60175
-7.64816
-7.69574
-7.61158
-7.63613
-7.61734
-7.59345
-7.59233
-7.60791
-7.60201
-7.59215
-7.54983
-7.5714
-7.59529
-7.61164
-7.6228
-7.67156
-7.52597
-7.58014
-7.71852
-7.69635
-7.73355
-7.71445
-7.66639
-7.67433
-7.63693
-7.67587
-7.70335
-7.71327
-7.68303
-7.69236
-7.72094
-7.72093
-7.67134
-7.68987
-7.71581
-7.68526
-7.6663
-7.6555
-7.60846
-7.57431
-7.57587
-7.55827
-7.56038
-7.54441
-7.47754
-7.52485
-7.53535
-7.56854
-7.57211
-7.53677
-7.48863
-7.52397
-7.52607
-7.57806
-7.49083
-7.53835
-7.50827
-7.43615
-7.45979
-7.46892
-7.52391
-7.52043
-7.52547
-7.50334
-7.6056
-7.63018
-7.63268
-7.63572
-7.50897
-7.48995
-7.48114
-7.41497
-7.45666
-7.42572
-7.47233
-7.48137
-7.52566
-7.60472
-7.60722
-7.51599
-7.50917
-7.50812
-7.58115
-7.54268
-7.55753
-7.54208
-7.52083
-7.51066
-7.5194
-7.48923
-7.49319
-7.47811
-7.506
-7.4787
-7.51398
-7.46792
-7.37261
-7.43223
-7.49997
-7.58049
-7.69984
-7.65986
-7.61024
-7.56925
-7.56995
-7.52786
-7.4806
-7.44775
-7.44001
-7.5081
-7.44761
-7.44872
-7.41244
-7.40678
-7.47035
-7.47099
-7.52772
-7.49189
-7.43171
-7.52619
-7.49874
-7.56422
-7.57465
-7.47313
-7.50436
-7.49199
-7.47657
-7.41676
-7.48013
-7.4914
-7.5722
-7.60501
-7.50941
-7.45204
-7.48711
-7.4845
-7.45723
-7.52883
-7.56504
-7.62418
-7.62128
-7.58255
-7.4814
-7.50372
-7.46112
-7.4949
-7.48528
-7.50562
-7.50325
-7.4496
-7.42598
-7.43297
-7.49426
-7.42892
-7.33909
-7.3808
-7.53343
-7.50373
-7.44679
-7.4569
-7.4676
-7.44437
-7.47156
-7.48601
-7.46785
-7.49906
-7.39515
-7.31568
-7.35305
-7.30703
-7.31082
-7.31279
-7.3877
-7.39204
-7.4522
-7.46248
-7.45129
-7.5139
-7.51664
-7.4964
-7.53075
-7.48789
-7.52204
-7.55726
-7.54884
-7.53498
-7.57518
-7.56408
-7.55504
-7.58506
-7.60576
-7.55876
-7.53854
-7.61839
-7.57914
-7.54096
-7.58825
-7.57396
-7.5377
-7.5755
-7.57371
-7.53496
-7.55499
-7.50307
-7.49699
-7.52598
-7.49354
-7.55699
-7.55588
-7.56383
-7.57322
-7.51405
-7.48024
-7.52661
-7.45843
-7.54315
-7.53357
-7.51713
-7.4828
-7.40713
-7.39275
-7.45429
-7.4963
-7.5063
-7.52228
-7.47774
-7.50719
-7.56311
-7.48189
-7.53668
-7.54678
-7.55658
-7.51971
-7.50825
-7.45293
-7.64121
-7.59662
-7.53168
-7.46401
-7.52866
-7.58367
-7.58006
-7.4598
-7.4669
-7.51973
-7.49616
-7.4601
-7.50005
-7.49719
-7.50518
-7.46536
-7.50743
-7.53328
-7.47988
-7.46307
-7.51354
-7.50838
-7.52881
-7.56838
-7.56928
-7.56226
-7.58849
-7.53538
-7.48724
-7.59213
-7.53337
-7.49057
-7.50786
-7.52621
-7.49789
-7.55082
-7.48934
-7.47565
-7.51253
-7.48498
-7.53629
-7.54021
-7.51199
-7.50816
-7.55389
-7.53537
-7.55791
-7.51853
-7.49242
-7.51664
-7.46713
-7.41706
-7.47466
-7.55258
-7.56585
-7.48517
-7.54576
-7.54185
-7.43511
-7.33645
-7.41559
-7.43532
-7.52406
-7.41809
-7.34047
-7.47035
-7.46969
-7.39715
-7.41142
-7.52606
-7.46863
-7.465
-7.50179
-7.52628
-7.54038
-7.48453
-7.53238
-7.56341
-7.62362
-7.6465
-7.60178
-7.62029
-7.69622
-7.66595
-7.70227
-7.6685
-7.65756
-7.56541
-7.56244
-7.65251
-7.59748
-7.62271
-7.62104
-7.56987
-7.46975
-7.46245
-7.50908
-7.49731
-7.52979
-7.58897
-7.48344
-7.4061
-7.39421
-7.39477
-7.45687
-7.49223
-7.5336
-7.56374
-7.52675
-7.56276
-7.54119
-7.54611
-7.51201
-7.47325
-7.50438
-7.51365
-7.52722
-7.50419
-7.54638
-7.54877
-7.52116
-7.50828
-7.54331
-7.5265
-7.49181
-7.55051
-7.46247
-7.384
-7.4342
-7.4132
-7.31897
-7.38594
-7.36253
-7.38822
-7.44619
-7.51761
-7.39061
-7.31244
-7.35935
-7.41938
-7.4264
-7.43452
-7.39852
-7.3482
-7.36636
-7.42212
-7.42659
-7.45562
-7.51755
-7.53242
-7.54783
-7.51028
-7.47613
-7.50344
-7.54425
-7.5071
-7.44346
-7.41851
-7.42223
-7.39402
-7.39085
-7.35774
-7.40441
-7.48187
-7.47253
-7.51115
-7.60344
-7.56946
-7.5076
-7.44761
-7.36628
-7.3273
-7.34096
-7.378
-7.41212
-7.44461
-7.37286
-7.31271
-7.46244
-7.50524
-7.52095
-7.51876
-7.56431
-7.57874
-7.48585
-7.51026
-7.48013
-7.41629
-7.37395
-7.46888
-7.51582
-7.49231
-7.41738
-7.46054
-7.50506
-7.45621
-7.41644
-7.49648
-7.5122
-7.59038
-7.61812
-7.61129
-7.58736
-7.60367
-7.53434
-7.58487
-7.60224
-7.63915
-7.52286
-7.45989
-7.48017
-7.50424
-7.49092
-7.5811
-7.56061
-7.53342
-7.54646
-7.55
-7.60323
-7.59166
-7.53659
-7.62398
-7.62343
-7.6375
-7.64537
-7.64833
-7.63321
-7.59277
-7.50551
-7.51782
-7.57547
-7.55442
-7.64964
-7.65755
-7.63157
-7.69547
-7.68626
-7.68905
-7.65595
-7.626
-7.64802
-7.65546
-7.61186
-7.66317
-7.60628
-7.55518
-7.58979
-7.54983
-7.58871
-7.5891
-7.56066
-7.63836
-7.64824
-7.6525
-7.75109
-7.6892
-7.68693
-7.71317
-7.67367
-7.63399
-7.5877
-7.54892
-7.49398
-7.44535
-7.48857
-7.49881
-7.55937
-7.55941
-7.53978
-7.49813
-7.44026
-7.48089
-7.53576
-7.53654
-7.53733
-7.53173
-7.47609
-7.573
-7.59256
-7.54507
-7.59712
-7.60911
-7.61172
-7.67047
-7.66033
-7.63652
-7.53911
-7.57119
-7.5675
-7.64373
-7.57494
-7.53353
-7.52301
-7.48257
-7.55648
-7.57189
-7.6109
-7.55472
-7.59641
-7.60346
-7.64718
-7.60396
-7.54684
-7.52982
-7.60205
-7.60307
-7.62188
-7.65543
-7.61258
-7.63879
-7.58631
-7.6141
-7.5867
-7.51594
-7.51219
-7.52774
-7.52812
-7.45033
-7.42028
-7.43168
-7.49665
-7.51298
-7.44029
-7.4782
-7.43987
-7.49697
-7.47802
-7.53528
-7.52558
-7.49072
-7.49988
-7.55287
-7.52193
-7.58874
-7.71595
-7.75562
-7.74198
-7.70804
-7.64213
-7.61009
-7.65761
-7.62058
-7.56008
-7.61002
-7.65818
-7.63232
-7.65485
-7.69198
-7.67319
-7.59961
-7.64568
-7.57902
-7.6091
-7.64321
-7.59872
-7.5984
-7.62823
-7.58068
-7.48089
-7.51582
-7.54278
-7.57999
-7.67697
-7.70534
-7.62628
-7.59054
-7.62328
-7.58416
-7.5838
-7.61189
-7.57187
-7.56526
-7.56828
-7.61511
-7.62809
-7.62338
-7.7282
-7.6926
-7.75204
-7.77081
-7.68122
-7.7246
-7.70069
-7.67052
-7.65466
-7.65817
-7.64577
-7.65991
-7.65788
-7.64342
-7.65427
-7.64622
-7.57564
-7.61322
-7.67213
-7.66047
-7.63494
-7.73269
-7.71508
-7.72965
-7.70327
-7.70596
-7.66453
-7.63983
-7.64544
-7.59334
-7.58726
-7.64223
-7.63604
-7.65183
-7.66173
-7.71045
-7.64192
-7.70001
-7.72568
-7.64936
-7.67353
-7.65836
-7.70502
-7.5465
-7.47505
-7.5187
-7.55993
-7.54952
-7.51488
-7.5528
-7.60619
-7.63022
-7.48545
-7.54284
-7.59542
-7.62837
-7.59152
-7.59668
-7.62936
-7.63337
-7.6109
-7.59731
-7.59897
-7.56696
-7.63694
-7.63606
-7.62641
-7.58024
-7.48895
-7.55404
-7.53867
-7.59887
-7.5574
-7.61207
-7.56644
-7.54834
-7.45573
-7.44745
-7.4771
-7.53784
-7.51085
-7.56106
-7.5255
-7.60956
-7.61413
-7.58031
-7.56741
-7.61475
-7.63238
-7.62246
-7.59197
-7.63145
-7.61885
-7.57218
-7.5302
-7.55282
-7.55957
-7.59816
-7.51323
-7.52438
-7.50107
-7.61257
-7.61689
-7.61065
-7.63968
-7.66213
-7.56688
-7.59937
-7.68265
-7.7171
-7.72743
-7.66815
-7.65276
-7.62498
-7.62481
-7.59625
-7.59263
-7.60662
-7.63753
-7.6439
-7.60978
-7.62609
-7.59705
-7.63456
-7.64349
-7.57248
-7.52708
-7.52355
-7.5271
-7.56319
-7.51545
-7.52259
-7.46139
-7.43786
-7.49896
-7.55379
-7.57076
-7.5138
-7.47576
-7.53461
-7.50155
-7.55582
-7.50763
-7.51886
-7.60118
-7.59586
-7.58949
-7.58205
-7.50659
-7.52173
-7.4693
-7.44617
-7.56315
-7.42554
-7.41525
-7.44263
-7.39028
-7.36183
-7.38488
-7.40835
-7.32182
-7.34726
-7.35573
-7.39992
-7.38776
-7.41289
-7.58062
-7.63359
-7.64574
-7.64676
-7.66138
-7.64482
-7.60687
-7.6148
-7.64982
-7.61712
-7.61586
-7.59631
-7.56478
-7.5769
-7.58948
-7.5072
-7.49844
-7.4627
-7.35435
-7.47152
-7.55022
-7.53926
-7.52922
-7.50453
-7.50479
-7.46617
-7.49494
-7.38023
-7.4423
-7.49412
-7.50967
-7.52664
-7.39958
-7.37637
-7.42652
-7.42134
-7.35947
-7.46322
-7.5268
-7.47946
-7.46384
-7.45248
-7.45273
-7.56258
-7.58867
-7.58256
-7.51575
-7.58139
-7.52977
-7.54763
-7.44017
-7.46325
-7.40903
-7.42558
-7.54659
-7.56162
-7.54123
-7.6349
-7.64531
-7.64848
-7.53225
-7.47353
-7.58011
-7.55884
-7.51517
-7.62092
-7.61743
-7.65603
-7.69798
-7.67398
-7.61106
-7.6808
-7.63251
-7.58799
-7.61526
-7.58621
-7.64918
-7.55533
-7.47478
-7.54488
-7.50339
-7.54594
-7.47785
-7.42683
-7.45433
-7.43175
-7.48415
-7.46855
-7.46656
-7.492
-7.4446
-7.44409
-7.46366
-7.50649
-7.47404
-7.50788
-7.4522
-7.4688
-7.4445
-7.54149
-7.41443
-7.45701
-7.50618
-7.47621
-7.50527
-7.57696
-7.61611
-7.52784
-7.5215
-7.54683
-7.49873
-7.4932
-7.5158
-7.41496
-7.45338
-7.57835
-7.57814
-7.57568
-7.55747
-7.62808
-7.54998
-7.60991
-7.57829
-7.53469
-7.61679
-7.5865
-7.65552
-7.56742
-7.58919
-7.54545
-7.47638
-7.56228
-7.54671
-7.52529
-7.48856
-7.56156
-7.51925
-7.56781
-7.58513
-7.56555
-7.57288
-7.60232
-7.58383
-7.57021
-7.54521
-7.59816
-7.65969
-7.66574
-7.60817
-7.69541
-7.74731
-7.69266
-7.63607
-7.48101
-7.42166
-7.54758
-7.60658
-7.57889
-7.55418
-7.61999
-7.59344
-7.58571
-7.58676
-7.60262
-7.46084
-7.495
-7.37113
-7.33978
-7.43349
-7.46396
-7.51132
-7.55874
-7.5447
-7.56006
-7.58463
-7.55449
-7.49515
-7.57083
-7.60066
-7.63101
-7.51403
-7.51857
-7.4961
-7.46293
-7.53947
-7.5856
-7.63653
-7.61553
-7.59639
-7.61952
-7.61796
-7.621
-7.65721
-7.72187
-7.64681
-7.6307
-7.57741
-7.61358
-7.66296
-7.63155
-7.56479
-7.55776
-7.55132
-7.56227
-7.51726
-7.61244
-7.62585
-7.63576
-7.64319
-7.64907
-7.64532
-7.56049
-7.6543
-7.64301
-7.58963
-7.5821
-7.63367
-7.62595
-7.56175
-7.57123
-7.63317
-7.58736
-7.58784
-7.61465
-7.56959
-7.53963
-7.59165
-7.58533
-7.4719
-7.44327
-7.47826
-7.5071
-7.49498
-7.42143
-7.44314
-7.42897
-7.4046
-7.42197
-7.42203
-7.43189
-7.49308
-7.4605
-7.48074
-7.50991
-7.45186
-7.45555
-7.51176
-7.59386
-7.58631
-7.59735
-7.58484
-7.52884
-7.60062
-7.6054
-7.69359
-7.63546
-7.62171
-7.61773
-7.4942
-7.5462
-7.57362
-7.56323
-7.50748
-7.43077
-7.51346
-7.54345
-7.54607
-7.60778
-7.6656
-7.70604
-7.67462
-7.63041
-7.60512
-7.6433
-7.6451
-7.69702
-7.69303
-7.69511
-7.72653
-7.70248
-7.74805
-7.67634
-7.63782
-7.57306
-7.57711
-7.50876
-7.48238
-7.511
-7.55177
-7.57388
-7.63991
-7.6853
-7.57384
-7.55688
-7.46909
-7.51287
-7.45935
-7.54396
-7.60849
-7.59873
-7.63631
-7.58932
-7.61199
-7.52441
-7.53547
-7.54393
-7.53066
-7.53386
-7.53918
-7.59588
-7.64425
-7.67198
-7.63551
-7.67142
-7.70912
-7.60298
-7.62971
-7.59694
-7.56122
-7.58185
-7.58493
-7.59445
-7.63903
-7.70996
-7.65786
-7.58403
-7.60878
-7.61939
-7.63954
-7.56122
-7.54938
-7.59291
-7.64766
-7.59091
-7.61563
-7.56505
-7.53035
-7.55211
-7.58772
-7.64928
-7.59338
-7.53921
-7.62181
-7.56103
-7.5438
-7.53286
-7.53962
-7.44289
-7.47051
-7.54633
-7.57668
-7.60374
-7.64055
-7.61443
-7.55905
-7.55345
-7.56968
-7.62184
-7.62797
-7.55929
-7.59646
-7.65483
-7.6853
-7.77767
-7.85936
-7.78961
-7.74877
-7.79728
-7.77012
-7.69068
-7.67784
-7.73738
-7.70297
-7.68563
-7.67159
-7.6468
-7.65736
-7.63958
-7.62289
-7.66875
-7.67782
-7.64537
-7.64098
-7.64046
-7.60701
-7.62307
-7.63124
-7.59104
-7.49853
-7.51832
-7.54002
-7.54985
-7.4736
-7.48273
-7.57141
-7.57735
-7.57659
-7.52112
-7.50857
-7.55964
-7.62079
-7.6151
-7.58688
-7.599
-7.58112
-7.56071
-7.58883
-7.56507
-7.50384
-7.55021
-7.55683
-7.55755
-7.47952
-7.44455
-7.38211
-7.41136
-7.41317
-7.50798
-7.49919
-7.49517
-7.53212
-7.49029
-7.47476
-7.54252
-7.57105
-7.57233
-7.53405
-7.49825
-7.42601
-7.43093
-7.42744
-7.43045
-7.43161
-7.4732
-7.54713
-7.55745
-7.5221
-7.46942
-7.47043
-7.50563
-7.55596
-7.70518
-7.697
-7.6308
-7.60393
-7.58945
-7.54105
-7.67616
-7.61882
-7.58617
-7.52867
-7.5452
-7.58397
-7.56848
-7.55924
-7.53244
-7.58131
-7.57269
-7.52465
-7.58067
-7.60921
-7.61638
-7.47514
-7.46421
-7.44703
-7.5044
-7.493
-7.40223
-7.43006
-7.52094
-7.44833
-7.39521
-7.26676
-7.28657
-7.24098
-7.25366
-7.3073
-7.3321
-7.39487
-7.36959
-7.42546
-7.46388
-7.51238
-7.50772
-7.52988
-7.54742
-7.55841
-7.47934
-7.4767
-7.53156
-7.54803
-7.46158
-7.43022
-7.50542
-7.56543
-7.64038
-7.59233
-7.57714
-7.65481
-7.6067
-7.64687
-7.6725
-7.55054
-7.50949
-7.4955
-7.56261
-7.58811
-7.58264
-7.66484
-7.71037
-7.65535
-7.65087
-7.60826
-7.62667
-7.69816
-7.64218
-7.73821
-7.69689
-7.70538
-7.67711
-7.73738
-7.69815
-7.67815
-7.60465
-7.53016
-7.52316
-7.52852
-7.53405
-7.55223
-7.553
-7.57756
-7.52587
-7.50835
-7.51787
-7.51883
-7.5496
-7.60921
-7.73345
-7.65772
-7.68458
-7.64138
-7.62406
-7.60035
-7.5811
-7.607
-7.63
-7.66984
-7.6626
-7.66499
-7.63142
-7.61539
-7.61046
-7.50984
-7.60096
-7.62915
-7.6417
-7.65415
-7.66064
-7.62487
-7.58275
-7.55865
-7.56125
-7.61556
-7.67156
-7.72401
-7.69885
-7.7314
-7.70673
-7.71294
-7.72809
-7.71117
-7.69882
-7.68742
-7.73439
-7.63226
-7.56555
-7.53803
-7.58714
-7.56928
-7.4879
-7.48127
-7.5255
-7.45367
-7.54165
-7.62256
-7.63886
-7.61512
-7.64031
-7.61183
-7.69949
-7.63199
-7.69057
-7.64358
-7.65431
-7.65419
-7.59646
-7.60388
-7.66781
-7.67002
-7.56863
-7.52017
-7.58319
-7.54118
-7.55874
-7.55683
-7.61891
-7.622
-7.53795
-7.65931
-7.60616
-7.58039
-7.62519
-7.57472
-7.52998
-7.55097
-7.50554
-7.49472
-7.54771
-7.533
-7.54997
-7.58377
-7.60576
-7.62328
-7.57264
-7.54649
-7.59526
-7.60136
-7.60263
-7.63308
-7.61543
-7.5364
-7.49191
-7.57299
-7.53692
-7.49462
-7.5262
-7.50504
-7.58341
-7.52316
-7.5902
-7.56625
-7.61899
-7.55872
-7.66789
-7.66957
-7.65167
-7.56098
-7.61977
-7.69977
-7.62461
-7.66223
-7.64103
-7.61024
-7.57258
-7.61883
-7.56871
-7.55202
-7.49037
-7.42397
-7.45155
-7.49075
-7.40525
-7.4317
-7.40372
-7.39833
-7.39502
-7.48301
-7.39999
-7.40876
-7.38139
-7.47886
-7.60972
-7.59376
-7.55398
-7.5049
-7.53995
-7.54277
-7.57813
-7.61206
-7.54147
-7.48644
-7.53873
-7.55872
-7.56823
-7.61391
-7.55901
-7.50513
-7.50424
-7.48024
-7.5517
-7.56122
-7.45701
-7.47662
-7.41541
-7.39942
-7.42133
-7.40571
-7.41376
-7.46596
-7.5147
-7.53616
-7.46479
-7.48047
-7.56758
-7.51878
-7.684
-7.69356
-7.65125
-7.70261
-7.75057
-7.63657
-7.61873
-7.68153
-7.59042
-7.61398
-7.61966
-7.60431
-7.6008
-7.57756
-7.57291
-7.55687
-7.56432
-7.59725
-7.52555
-7.58322
-7.58702
-7.52601
-7.52365
-7.54894
-7.56695
-7.54903
-7.5044
-7.50054
-7.46688
-7.43566
-7.41353
-7.51096
-7.56971
-7.56139
-7.53985
-7.6017
-7.5815
-7.56536
-7.53897
-7.50715
-7.55743
-7.59072
-7.58741
-7.54879
-7.52986
-7.5176
-7.5225
-7.49968
-7.50186
-7.55168
-7.56536
-7.52413
-7.53304
-7.47283
-7.44413
-7.47217
-7.62016
-7.64216
-7.66561
-7.63645
-7.55297
-7.59284
-7.6023
-7.57971
-7.57564
-7.56225
-7.57629
-7.58413
-7.50881
-7.50239
-7.55418
-7.54761
-7.62355
-7.5564
-7.6066
-7.5868
-7.58426
-7.62843
-7.63152
-7.67523
-7.7403
-7.68501
-7.60539
-7.58145
-7.56343
-7.64184
-7.65877
-7.67451
-7.64789
-7.60063
-7.64985
-7.64705
-7.68395
-7.64761
-7.6336
-7.66378
-7.64172
-7.58729
-7.61787
-7.6405
-7.68271
-7.61811
-7.58596
-7.6023
-7.59012
-7.64459
-7.63321
-7.62083
-7.56822
-7.54206
-7.51974
-7.47536
-7.61733
-7.65986
-7.51275
-7.53209
-7.47765
-7.48945
-7.49386
-7.52673
-7.62404
-7.66291
-7.66746
-7.63929
-7.70138
-7.62366
-7.63835
-7.6174
-7.54243
-7.64233
-7.62784
-7.64944
-7.66505
-7.62746
-7.57089
-7.57476
-7.60509
-7.62026
-7.63373
-7.55827
-7.58059
-7.63153
-7.70395
-7.64825
-7.67917
-7.63034
-7.58281
-7.54856
-7.47624
-7.52513
-7.45932
-7.43744
-7.44537
-7.42353
-7.50031
-7.58666
-7.65746
-7.66896
-7.63654
-7.61645
-7.63015
-7.65084
-7.67069
-7.69479
-7.64053
-7.6109
-7.52069
-7.55162
-7.60316
-7.57849
-7.57698
-7.56078
-7.58378
-7.58185
-7.52282
-7.55824
-7.55118
-7.5054
-7.6085
-7.65873
-7.61603
-7.74758
-7.74418
-7.73643
-7.68399
-7.61484
-7.58887
-7.63915
-7.64268
-7.64746
-7.71231
-7.71942
-7.69301
-7.57959
-7.6676
-7.67472
-7.58059
-7.57042
-7.61392
-7.62237
-7.65559
-7.70872
-7.62017
-7.72013
-7.70837
-7.72867
-7.70857
-7.59818
-7.50291
-7.5173
-7.52247
-7.44827
-7.43085
-7.51664
-7.54092
-7.58888
-7.6421
-7.58605
-7.55751
-7.59944
-7.63459
-7.60747
-7.57647
-7.60277
-7.60086
-7.66482
-7.67355
-7.62363
-7.59045
-7.58561
-7.56953
-7.56294
-7.639
-7.55867
-7.54834
-7.54734
-7.50005
-7.52656
-7.54865
-7.53794
-7.53346
-7.49467
-7.56575
-7.56367
-7.60195
-7.66091
-7.61098
-7.60537
-7.63061
-7.65758
-7.6756
-7.67198
-7.67258
-7.68763
-7.65775
-7.65156
-7.70272
-7.65109
-7.70899
-7.59478
-7.6644
-7.67314
-7.699
-7.61853
-7.61532
-7.57595
-7.63665
-7.65163
-7.64171
-7.61428
-7.56923
-7.50783
-7.44815
-7.48406
-7.50524
-7.38908
-7.42957
-7.38735
-7.47265
-7.49875
-7.48339
-7.54625
-7.54677
-7.65105
-7.61358
-7.59591
-7.60614
-7.57861
-7.54302
-7.51369
-7.55003
-7.57465
-7.57365
-7.57322
-7.58084
-7.54266
-7.47725
-7.54482
-7.5989
-7.58643
-7.59358
-7.58886
-7.62692
-7.54332
-7.57839
-7.59349
-7.55746
-7.48583
-7.50163
-7.53907
-7.58777
-7.52823
-7.53377
-7.51287
-7.50864
-7.55207
-7.55997
-7.56609
-7.50356
-7.43182
-7.40708
-7.43338
-7.45711
-7.49576
-7.45637
-7.44858
-7.51708
-7.54635
-7.53349
-7.6168
-7.67631
-7.66346
-7.63631
-7.62469
-7.57965
-7.50112
-7.46008
-7.51079
-7.48205
-7.45704
-7.55069
-7.55683
-7.60892
-7.57686
-7.5827
-7.58326
-7.56142
-7.58519
-7.69179
-7.645
-7.62926
-7.57606
-7.55566
-7.57606
-7.64949
-7.63923
-7.61189
-7.60374
-7.6092
-7.56693
-7.60021
-7.55095
-7.52178
-7.59585
-7.58734
-7.64272
-7.70667
-7.68539
-7.63353
-7.68063
-7.69723
-7.63995
-7.62257
-7.57673
-7.50329
-7.52381
-7.55169
-7.53495
-7.57884
-7.62361
-7.65352
-7.61072
-7.66761
-7.69326
-7.75563
-7.69443
-7.72078
-7.8304
-7.66179
-7.75992
-7.74318
-7.76716
-7.8058
-7.80023
-7.75568
-7.76776
-7.63494
-7.53944
-7.51702
-7.50585
-7.59381
-7.58827
-7.5875
-7.54112
-7.57475
-7.53465
-7.46829
-7.45061
-7.40564
-7.50853
-7.51725
-7.53506
-7.50179
-7.55055
-7.49658
-7.46638
-7.49191
-7.48643
-7.45331
-7.46764
-7.4715
-7.54641
-7.52276
-7.43776
-7.49311
-7.5109
-7.50401
-7.52983
-7.53111
-7.44446
-7.46111
-7.5001
-7.52369
-7.56191
-7.50375
-7.54766
-7.48137
-7.48027
-7.48377
-7.46216
-7.43954
-7.353
-7.43287
-7.38701
-7.45138
-7.54993
-7.53385
-7.51743
-7.50242
-7.47531
-7.5178
-7.50403
-7.49972
-7.45983
-7.47569
-7.49194
-7.39378
-7.55895
-7.56319
-7.52143
-7.4033
-7.40084
-7.45138
-7.4401
-7.48644
-7.62582
-7.5524
-7.51654
-7.4415
-7.49485
-7.453
-7.47852
-7.57047
-7.55538
-7.51401
-7.55344
-7.55944
-7.62724
-7.60749
-7.61711
-7.65463
-7.63598
-7.64093
-7.61246
-7.59949
-7.5794
-7.54333
-7.57557
-7.56769
-7.62321
-7.54395
-7.51727
-7.44128
-7.42249
-7.47664
-7.50448
-7.50515
-7.57684
-7.49202
-7.51388
-7.43486
-7.46775
-7.4585
-7.4639
-7.51421
-7.48401
-7.47948
-7.52722
-7.54994
-7.54902
-7.60639
-7.55707
-7.49334
-7.43215
-7.47146
-7.54599
-7.50845
-7.4692
-7.43702
-7.50446
-7.47197
-7.44482
-7.44132
-7.49866
-7.48976
-7.56891
-7.50646
-7.4887
-7.51926
-7.52842
-7.4818
-7.53401
-7.47376
-7.47019
-7.49065
-7.46681
-7.5188
-7.53521
-7.56646
-7.60368
-7.61553
-7.63652
-7.59808
-7.5371
-7.53189
-7.61114
-7.62501
-7.59176
-7.57874
-7.51541
-7.63322
-7.67604
-7.63659
-7.65091
-7.63479
-7.55126
-7.57494
-7.52247
-7.53628
-7.49267
-7.56153
-7.543
-7.51596
-7.50857
-7.55074
-7.58856
-7.596
-7.57031
-7.61472
-7.58877
-7.56603
-7.55578
-7.57129
-7.56931
-7.56925
-7.6078
-7.66581
-7.57702
-7.49797
-7.49937
-7.49517
-7.40352
-7.4087
-7.44679
-7.49396
-7.48812
-7.47628
-7.54502
-7.54063
-7.53373
-7.5311
-7.49748
-7.48579
-7.44233
-7.49641
-7.50769
-7.50237
-7.53693
-7.46214
-7.48158
-7.50004
-7.49477
-7.59162
-7.57992
-7.53213
-7.48423
-7.3686
-7.34218
-7.41512
-7.38596
-7.45319
-7.47429
-7.386
-7.42093
-7.3584
-7.42973
-7.50742
-7.52101
-7.53452
-7.53616
-7.59039
-7.49217
-7.56226
-7.41809
-7.46273
-7.43043
-7.50463
-7.48446
-7.3911
-7.39529
-7.40263
-7.44644
-7.40461
-7.50667
-7.52079
-7.48855
-7.52043
-7.53946
-7.48751
-7.57062
-7.56046
-7.55812
-7.51954
-7.53482
-7.60972
-7.62797
-7.59024
-7.6027
-7.58705
-7.53867
-7.52154
-7.57272
-7.54318
-7.55473
-7.53607
-7.51073
-7.54123
-7.65238
-7.56348
-7.57817
-7.67803
-7.63977
-7.67291
-7.69125
-7.69597
-7.70492
-7.70717
-7.7008
-7.61071
-7.55324
-7.6063
-7.68204
-7.60282
-7.6305
-7.58025
-7.54067
-7.52947
-7.64907
-7.65202
-7.609
-7.59085
-7.56126
-7.53959
-7.48287
-7.47972
-7.44547
-7.45126
-7.49886
-7.54055
-7.53467
-7.5172
-7.36029
-7.27153
-7.28803
-7.35068
-7.42424
-7.43647
-7.49436
-7.40209
-7.38335
-7.36135
-7.35568
-7.46381
-7.4234
-7.4467
-7.50327
-7.53959
-7.59512
-7.66718
-7.62453
-7.71613
-7.6491
-7.69675
-7.66004
-7.63044
-7.66442
-7.65135
-7.63403
-7.66466
-7.59031
-7.59325
-7.55402
-7.52677
-7.50424
-7.46771
-7.44474
-7.4489
-7.49825
-7.38935
-7.5328
-7.51617
-7.53242
-7.50085
-7.47649
-7.44611
-7.46555
-7.48114
-7.45272
-7.54954
-7.54565
-7.66496
-7.69286
-7.80053
-7.73621
-7.75576
-7.7302
-7.74079
-7.70895
-7.55435
-7.48299
-7.46055
-7.43679
-7.44165
-7.42632
-7.45241
-7.53353
-7.5279
-7.43793
-7.40788
-7.40933
-7.47951
-7.54649
-7.53388
-7.54652
-7.50197
-7.54167
-7.56808
-7.57173
-7.48729
-7.48533
-7.39471
-7.40655
-7.37017
-7.36017
-7.41157
-7.48822
-7.56922
-7.61577
-7.68189
-7.63898
-7.62396
-7.65149
-7.54265
-7.59767
-7.60981
-7.54865
-7.58628
-7.4923
-7.48527
-7.44834
-7.52608
-7.55661
-7.4817
-7.37401
-7.34772
-7.38229
-7.45028
-7.48446
-7.60425
-7.53649
-7.5341
-7.53614
-7.5609
-7.47662
-7.58597
-7.59312
-7.65166
-7.62068
-7.62026
-7.58631
-7.54447
-7.52461
-7.47734
-7.4802
-7.45264
-7.42957
-7.51355
-7.58884
-7.60426
-7.59153
-7.52109
-7.52739
-7.48214
-7.56386
-7.59889
-7.60793
-7.54057
-7.58189
-7.55271
-7.51773
-7.50404
-7.58151
-7.50687
-7.57669
-7.53687
-7.55662
-7.57258
-7.56624
-7.5797
-7.53004
-7.54669
-7.55519
-7.56041
-7.54633
-7.54949
-7.50936
-7.56018
-7.54574
-7.55175
-7.54034
-7.58663
-7.59275
-7.54395
-7.54129
-7.6125
-7.73935
-7.63223
-7.61095
-7.69746
-7.68602
-7.76368
-7.78728
-7.7098
-7.68455
-7.59738
-7.66463
-7.62359
-7.61871
-7.59067
-7.47444
-7.45138
-7.4725
-7.5503
-7.52936
-7.4555
-7.50539
-7.49234
-7.46185
-7.48206
-7.48855
-7.50894
-7.52955
-7.49412
-7.45142
-7.43525
-7.50205
-7.5279
-7.48706
-7.44823
-7.49771
-7.50447
-7.50789
-7.51456
-7.41278
-7.43214
-7.44027
-7.45299
-7.41197
-7.47714
-7.50633
-7.50381
-7.57027
-7.48544
-7.43906
-7.39763
-7.40468
-7.478
-7.52751
-7.55212
-7.48506
-7.52662
-7.52864
-7.43711
-7.51091
-7.44259
-7.43221
-7.54786
-7.41945
-7.54629
-7.52523
-7.48255
-7.43224
-7.51507
-7.65177
-7.66788
-7.71482
-7.64533
-7.67893
-7.63718
-7.64644
-7.59677
-7.59894
-7.53152
-7.54364
-7.54878
-7.54166
-7.52515
-7.54253
-7.53469
-7.56739
-7.54327
-7.64901
-7.60321
-7.66
-7.70853
-7.68688
-7.70827
-7.67471
-7.66686
-7.67486
-7.70556
-7.7017
-7.60057
-7.60383
-7.53737
-7.54387
-7.3852
-7.46519
-7.48827
-7.45217
-7.47586
-7.58929
-7.62813
-7.59421
-7.60249
-7.60328
-7.57558
-7.53667
-7.47526
-7.47548
-7.41259
-7.42518
-7.41329
-7.43796
-7.41943
-7.40254
-7.41221
-7.43996
-7.43875
-7.48818
-7.45054
-7.40587
-7.38814
-7.40573
-7.41447
-7.34639
-7.38353
-7.4632
-7.46464
-7.42928
-7.45545
-7.47043
-7.50306
-7.4869
-7.48486
-7.48456
-7.47605
-7.41928
-7.38207
-7.41149
-7.51148
-7.54769
-7.37093
-7.4305
-7.43299
-7.48907
-7.46878
-7.43367
-7.42535
-7.42037
-7.45291
-7.35959
-7.31368
-7.32472
-7.41221
-7.5396
-7.53837
-7.57506
-7.46637
-7.42663
-7.49949
-7.62513
-7.63134
-7.60381
-7.59216
-7.57706
-7.49964
-7.53496
-7.49219
-7.50118
-7.51911
-7.51077
-7.56008
-7.54558
-7.52118
-7.55174
-7.55454
-7.56447
-7.54473
-7.47536
-7.59196
-7.65137
-7.67492
-7.57379
-7.58854
-7.62896
-7.68907
-7.60589
-7.55211
-7.54357
-7.56891
-7.57286
-7.54715
-7.52932
-7.49569
-7.42485
-7.43735
-7.47698
-7.52159
-7.64438
-7.61175
-7.63457
-7.56826
-7.61881
-7.66131
-7.63302
-7.60969
-7.65075
-7.64233
-7.68413
-7.59898
-7.60699
-7.58889
-7.59765
-7.51184
-7.46449
-7.50335
-7.5693
-7.51225
-7.50345
-7.4871
-7.40385
-7.36256
-7.387
-7.37868
-7.4575
-7.46195
-7.39198
-7.43474
-7.44742
-7.40834
-7.28837
-7.3155
-7.3959
-7.4531
-7.36062
-7.3516
-7.42324
-7.391
-7.39766
-7.27714
-7.35573
-7.51211
-7.57925
-7.61431
-7.57324
-7.5783
-7.54617
-7.53349
-7.5548
-7.50684
-7.4536
-7.41704
-7.39494
-7.48733
-7.45878
-7.46216
-7.48089
-7.45567
-7.45974
-7.52422
-7.55912
-7.55885
-7.55783
-7.56245
-7.51638
-7.54525
-7.48837
-7.46331
-7.39948
-7.42452
-7.49503
-7.46214
-7.4323
-7.41671
-7.4203
-7.49582
-7.48146
-7.58709
-7.61432
-7.5392
-7.49468
-7.58138
-7.5036
-7.47645
-7.53248
-7.5291
-7.47229
-7.43323
-7.38298
-7.36261
-7.35691
-7.32001
-7.39788
-7.51908
-7.54208
-7.5874
-7.66376
-7.71689
-7.63819
-7.53902
-7.59115
-7.65106
-7.65355
-7.63642
-7.56195
-7.51466
-7.57693
-7.55754
-7.54779
-7.51973
-7.55564
-7.53986
-7.59964
-7.54217
-7.60645
-7.59677
-7.65025
-7.68421
-7.64202
-7.70602
-7.69424
-7.69208
-7.60965
-7.64347
-7.61036
-7.61041
-7.64802
-7.63548
-7.66465
-7.60959
-7.62963
-7.68931
-7.6684
-7.6741
-7.66856
-7.61097
-7.63757
-7.68701
-7.68035
-7.68949
-7.59111
-7.63626
-7.60865
-7.71019
-7.70313
-7.58942
-7.58699
-7.60987
-7.638
-7.57465
-7.55196
-7.54813
-7.53294
-7.56184
-7.50118
-7.48575
-7.47479
-7.47652
-7.32345
-7.39671
-7.43395
-7.42539
-7.4774
-7.49257
-7.47365
-7.48744
-7.54818
-7.63753
-7.65606
-7.60264
-7.64028
-7.56989
-7.59109
-7.58933
-7.59268
-7.63136
-7.58174
-7.5832
-7.58775
-7.46693
-7.43674
-7.51571
-7.50936
-7.46835
-7.45457
-7.48159
-7.59055
-7.62963
-7.54575
-7.515
-7.59862
-7.60035
-7.55929
-7.53349
-7.447
-7.40608
-7.43318
-7.43085
-7.42181
-7.42561
-7.46288
-7.44354
-7.49541
-7.38567
-7.438
-7.42835
-7.36875
-7.34013
-7.39779
-7.44223
-7.44478
-7.41568
-7.41396
-7.43517
-7.45095
-7.43571
-7.401
-7.42256
-7.34515
-7.31033
-7.35728
-7.35355
-7.37562
-7.45126
-7.45641
-7.44616
-7.41148
-7.43734
-7.51853
-7.48429
-7.522
-7.52629
-7.54421
-7.56992
-7.5419
-7.57154
-7.52086
-7.65795
-7.59004
-7.53317
-7.57246
-7.63531
-7.63203
-7.52322
-7.57187
-7.63513
-7.6526
-7.58376
-7.64363
-7.56018
-7.64607
-7.68488
-7.68794
-7.66138
-7.63623
-7.66647
-7.68414
-7.65394
-7.60946
-7.56701
-7.60586
-7.72536
-7.65729
-7.70133
-7.6839
-7.65511
-7.63535
-7.59629
-7.55085
-7.52779
-7.52031
-7.44632
-7.44116
-7.40288
-7.45059
-7.49031
-7.47212
-7.55282
-7.4918
-7.54114
-7.53288
-7.57955
-7.64088
-7.62882
-7.64179
-7.58551
-7.57652
-7.55313
-7.49668
-7.50175
-7.5786
-7.54066
-7.5865
-7.60589
-7.62254
-7.59117
-7.48093
-7.51791
-7.51726
-7.50578
-7.57546
-7.5535
-7.49965
-7.50663
-7.4813
-7.4296
-7.46719
-7.45843
-7.49834
-7.48111
-7.48979
-7.48445
-7.53228
-7.56688
-7.57795
-7.58428
-7.64197
-7.65422
-7.61172
-7.65109
-7.65051
-7.68801
-7.67864
-7.65796
-7.60906
-7.61723
-7.60163
-7.60549
-7.58727
-7.48932
-7.57313
-7.49372
-7.41914
-7.52761
-7.52458
-7.46927
-7.38233
-7.48237
-7.53883
-7.58273
-7.68265
-7.69961
-7.68294
-7.7243
-7.66184
-7.58998
-7.61305
-7.59196
-7.56248
-7.68824
-7.70707
-7.68714
-7.69464
-7.6876
-7.74694
-7.63789
-7.6401
-7.65654
-7.63045
-7.58996
-7.64579
-7.66704
-7.6551
-7.56778
-7.60656
-7.64096
-7.66998
-7.53747
-7.52393
-7.53376
-7.59826
-7.67875
-7.73367
-7.67569
-7.68294
-7.69545
-7.79198
-7.77022
-7.74567
-7.73247
-7.66002
-7.62844
-7.59813
-7.61507
-7.57528
-7.5614
-7.57139
-7.56398
-7.5637
-7.5472
-7.57563
-7.54589
-7.56512
-7.58997
-7.60322
-7.61816
-7.60492
-7.641
-7.62516
-7.55273
-7.55305
-7.59148
-7.56651
-7.56622
-7.56432
-7.52468
-7.4874
-7.46983
-7.50077
-7.44797
-7.47795
-7.53897
-7.55156
-7.60652
-7.65674
-7.66122
-7.59642
-7.61962
-7.59703
-7.53741
-7.46024
-7.54891
-7.55625
-7.58943
-7.62902
-7.55675
-7.6014
-7.5781
-7.61739
-7.6256
-7.66209
-7.67539
-7.6438
-7.60632
-7.61685
-7.49583
-7.43781
-7.43733
-7.51209
-7.44624
-7.52122
-7.53602
-7.5714
-7.57457
-7.58679
-7.52452
-7.48599
-7.48498
-7.52701
-7.54277
-7.52938
-7.52219
-7.4914
-7.53176
-7.56727
-7.57045
-7.60296
-7.60221
-7.57985
-7.5792
-7.52142
-7.49224
-7.38379
-7.31308
-7.32521
-7.36097
-7.44273
-7.42962
-7.36794
-7.35097
-7.31072
-7.3329
-7.27827
-7.33193
-7.33541
-7.326
-7.37214
-7.42927
-7.36337
-7.26791
-7.29271
-7.3288
-7.37777
-7.30921
-7.39796
-7.40343
-7.44571
-7.47644
-7.47729
-7.50613
-7.44788
-7.41719
-7.47482
-7.4548
-7.46287
-7.35826
-7.30512
-7.29339
-7.34008
-7.41183
-7.3775
-7.36969
-7.30329
-7.31138
-7.29611
-7.44128
-7.44366
-7.46115
-7.48884
-7.46976
-7.47337
-7.43866
-7.43595
-7.44872
-7.43015
-7.40857
-7.34957
-7.34948
-7.4232
-7.47683
-7.52673
-7.49208
-7.51065
-7.51806
-7.49539
-7.48966
-7.48351
-7.47614
-7.47659
-7.43733
-7.48322
-7.53142
-7.44366
-7.51514
-7.43304
-7.43776
-7.46875
-7.38778
-7.46971
-7.40973
-7.43947
-7.49751
-7.59926
-7.65677
-7.60591
-7.54761
-7.56763
-7.5252
-7.55722
-7.62661
-7.58284
-7.53647
-7.67561
-7.60351
-7.54256
-7.54681
-7.625
-7.61485
-7.63298
-7.64198
-7.67668
-7.7001
-7.65842
-7.64426
-7.61551
-7.60358
-7.60303
-7.56624
-7.6116
-7.56258
-7.59533
-7.58666
-7.56874
-7.64651
-7.61436
-7.62467
-7.59269
-7.63604
-7.56659
-7.57148
-7.61971
-7.59838
-7.59399
-7.54117
-7.53359
-7.57444
-7.636
-7.58442
-7.571
-7.63833
-7.59901
-7.50323
-7.49689
-7.51363
-7.53015
-7.44922
-7.5347
-7.57279
-7.54777
-7.57491
-7.52475
-7.49764
-7.58665
-7.56567
-7.51884
-7.52283
-7.47734
-7.50898
-7.55633
-7.53049
-7.58947
-7.5757
-7.62816
-7.59159
-7.49003
-7.61403
-7.65669
-7.5433
-7.53037
-7.47063
-7.4323
-7.48212
-7.50755
-7.50559
-7.54423
-7.63871
-7.57263
-7.66596
-7.58683
-7.56517
-7.52244
-7.48067
-7.55429
-7.49407
-7.49387
-7.52597
-7.50073
-7.55336
-7.46923
-7.45732
-7.39857
-7.43258
-7.47483
-7.42943
-7.4731
-7.52423
-7.54915
-7.52334
-7.52224
-7.42295
-7.45464
-7.41915
-7.5369
-7.524
-7.49382
-7.49833
-7.48532
-7.53966
-7.58663
-7.54099
-7.55127
-7.56841
-7.61122
-7.64729
-7.59842
-7.66216
-7.63622
-7.59393
-7.62661
-7.59716
-7.53615
-7.51959
-7.48188
-7.46383
-7.53271
-7.5097
-7.54984
-7.43337
-7.47882
-7.47999
-7.46106
-7.45159
-7.45457
-7.49871
-7.49575
-7.49134
-7.4969
-7.4919
-7.53999
-7.52454
-7.58231
-7.60685
-7.61044
-7.5855
-7.58767
-7.59296
-7.57986
-7.54176
-7.49163
-7.46276
-7.44434
-7.45317
-7.45549
-7.5195
-7.489
-7.45092
-7.51695
-7.5543
-7.57513
-7.53897
-7.53564
-7.51203
-7.4923
-7.4988
-7.46801
-7.62776
-7.56065
-7.60533
-7.61956
-7.61344
-7.52544
-7.529
-7.60889
-7.61868
-7.65473
-7.54978
-7.57886
-7.59055
-7.57375
-7.55288
-7.60718
-7.59188
-7.56028
-7.50575
-7.63847
-7.60632
-7.5908
-7.5723
-7.52561
-7.52678
-7.49325
-7.51717
-7.44116
-7.38375
-7.48582
-7.49692
-7.53076
-7.54422
-7.44101
-7.44691
-7.5283
-7.54247
-7.61765
-7.53158
-7.49369
-7.47198
-7.52275
-7.53514
-7.50093
-7.589
-7.60466
-7.62775
