-0.4918   -0.464831   -0.498652
-0.313949   -0.340184   -0.490605
0.480033   -0.305342   -0.312739
-0.34775   -0.491694   -0.344901
-0.150326   -0.482375   -0.494462
-0.00526855   -0.319057   -0.494603
-0.155954   -0.3298   -0.344423
0.00310215   0.482142   -0.347736
0.156201   0.492851   0.486322
0.330869   -0.333928   -0.49406
0.15418   -0.335306   -0.343492
0.339377   -0.482463   -0.326699
-0.498575   -0.173576   0.48038
-0.338713   -0.00720816   -0.491834
-0.489642   -0.00598948   -0.333047
-0.344367   -0.176392   -0.33201
-0.174106   -0.16677   -0.482993
-0.0145376   0.0136987   0.489197
-0.162067   -0.0043541   -0.324185
0.00719497   -0.142224   -0.350011
0.168424   -0.15483   0.496688
0.340147   -0.0148284   -0.495871
0.167474   0.00776961   -0.330029
0.319128   -0.159636   -0.328395
-0.491424   0.171893   -0.49228
-0.344994   0.332852   -0.498549
-0.498595   0.334489   -0.329515
-0.315876   0.175748   -0.335367
-0.167442   0.150444   -0.497289
-0.00716224   0.337795   0.483767
-0.159938   0.34096   -0.332589
-0.0166382   0.168022   -0.334918
0.155522   0.186628   -0.487664
0.334725   0.349341   -0.483805
0.163964   0.337684   -0.317503
0.347128   0.172849   -0.340595
-0.478659   0.495294   -0.15088
-0.325027   -0.331228   -0.18151
0.49988   -0.328533   -0.023165
-0.312505   -0.482566   0.00419598
-0.162915   0.49655   -0.174709
-0.00297355   -0.349045   -0.191788
-0.151297   -0.330537   -0.00412996
-0.0226305   0.494875   0.0129714
0.160334   -0.499602   -0.156489
0.324577   -0.32729   -0.165588
0.164892   -0.322551   -0.0159687
0.34246   0.499074   -0.000944419
0.48059   -0.149781   -0.155932
-0.320888   0.00885579   -0.160693
-0.488217   0.00892145   0.00369446
-0.326315   -0.159876   0.00543933
-0.168865   -0.171052   -0.186188
0.0114967   0.00887219   -0.17729
-0.157388   -0.00570043   0.0142992
0.00616579   -0.17908   -0.0248866
0.164912   -0.175556   -0.177599
0.338484   0.00417394   -0.169379
0.163491   -0.0233471   0.0111384
0.332703   -0.168112   0.0041405
-0.478627   0.152372   -0.175601
-0.343599   0.322476   -0.17148
-0.492635   0.312107   0.00639007
-0.331551   0.169419   0.0136853
-0.169439   0.175512   -0.158429
-0.0178296   0.333706   -0.167519
-0.183435   0.340729   -0.00179929
0.0116706   0.151273   -0.00142023
0.187875   0.157544   -0.162416
0.330769   0.318416   -0.177718
0.171626   0.330917   -0.0223069
0.356018   0.167173   -0.00965129
-0.477093   -0.49362   0.169015
-0.334803   -0.326222   0.172429
-0.499658   -0.331525   0.32835
-0.343091   0.478308   0.342835
-0.173089   0.489118   0.189582
0.00417097   -0.341486   0.168432
-0.184592   -0.323441   0.336322
-0.00658502   0.495454   0.330265
0.165837   -0.497645   0.149686
0.328365   -0.34207   0.157355
0.193613   -0.339545   0.339865
0.336661   0.497136   0.339039
0.486686   -0.175286   0.163717
-0.331017   0.00370999   0.178326
0.489483   -0.0104882   0.336313
-0.337667   -0.17567   0.329927
-0.152435   -0.177439   0.167295
0.0064267   0.000117056   0.165612
-0.173187   -0.00738535   0.332665
-0.00380124   -0.1764   0.33894
0.148222   -0.172487   0.164231
0.335026   0.00200768   0.173411
0.163923   -0.00190502   0.330461
0.324804   -0.16429   0.315763
0.497124   0.159305   0.170539
-0.330737   0.346848   0.160634
0.485011   0.325533   0.341153
-0.347572   0.164127   0.323766
-0.162837   0.17254   0.16146
-0.0140524   0.330456   0.187771
-0.180938   0.313828   0.343196
-0.00697953   0.172837   0.334646
0.14989   0.150392   0.177163
0.341524   0.340358   0.148505
0.177335   0.343242   0.328072
0.334539   0.162807   0.367257
