1.09993
1.09977
1.09958
1.09935
1.09909
1.09879
1.09846
1.0981
1.0977
1.0968
1.09629
1.09576
1.09519
1.09458
1.09394
1.09327
1.09257
1.09183
1.09024
1.0894
1.08852
1.08761
1.08666
1.08568
1.08466
1.08361
1.08252
1.08024
1.07905
1.07782
1.07655
1.07526
1.07392
1.07255
1.07115
1.06971
1.06671
1.06516
1.06358
1.06195
1.0603
1.0586
1.05687
1.0551
1.05329
1.04957
1.04765
1.0457
1.04371
1.04168
1.03962
1.03751
1.03537
1.0332
1.02874
1.02645
1.02413
1.02177
1.01937
1.01694
1.01448
1.01197
1.00943
1.00425
1.0016
0.998926
0.996214
0.993468
0.990689
0.987878
0.985034
0.982159
0.976314
0.973346
0.970348
0.967321
0.964265
0.961181
0.95807
0.954933
0.95177
0.945371
0.942138
0.938882
0.935606
0.93231
0.928995
0.925661
0.922311
0.918944
0.971565
0.968026
0.964472
0.960902
0.95732
0.953725
0.950119
0.946502
0.942876
0.935601
0.931954
0.928303
0.924649
0.920993
0.917336
0.913678
0.910022
0.906369
0.899074
0.895436
0.891804
0.88818
0.884565
0.88096
0.877367
0.873786
0.87022
0.863129
0.859607
0.856102
0.852614
0.849145
0.845695
0.842265
0.838855
0.835468
0.828762
0.825444
0.822151
0.818882
0.815639
0.812422
0.809232
0.80607
0.802935
0.79675
0.793702
0.790682
0.787693
0.784734
0.781806
0.778909
0.776045
0.773212
0.767645
0.764912
0.762212
0.759546
0.756915
0.754319
0.751758
0.749233
0.746744
0.741876
0.739497
0.737155
0.734851
0.732585
0.730356
0.728166
0.726014
0.723902
0.719795
0.717801
0.715847
0.713933
0.71206
0.710227
0.708435
0.706684
0.704975
0.701678
0.700092
0.698548
0.697046
0.695585
0.694166
0.692789
0.691454
0.690161
0.936897
0.935454
0.934032
0.932631
0.93125
0.92989
0.928551
0.927232
0.925933
0.923396
0.922158
0.92094
0.919742
0.918565
0.917407
0.91627
0.915154
0.914058
0.911928
0.910894
0.90988
0.908886
0.907914
0.906963
0.906032
0.905124
0.904236
0.902524
0.901699
0.900896
0.900114
0.899353
0.898614
0.897897
0.897201
0.896527
0.895244
0.894634
0.894046
0.89348
0.892935
0.892412
0.891911
0.89143
0.890971
0.890117
0.889721
0.889347
0.888993
0.88866
0.888347
0.888054
0.887781
0.887527
0.887077
0.88688
0.886701
0.88654
0.886397
0.88627
0.886159
0.886064
0.885985
0.885868
0.885831
0.885808
0.885797
0.885798
0.885811
0.885834
0.885866
0.885908
0.886014
0.886077
0.886146
0.88622
0.886297
0.886377
0.88646
0.886544
0.886629
0.886797
0.886878
0.886955
0.887027
0.887094
0.887155
0.887209
0.887255
0.887292
1.08689
1.08683
1.08674
1.08662
1.08645
1.08625
1.08601
1.08574
1.08542
1.08467
1.08423
1.08376
1.08324
1.08267
1.08207
1.08142
1.08073
1.07999
1.07839
1.07753
1.07662
1.07567
1.07467
1.07363
1.07255
1.07143
1.07026
1.06781
1.06652
1.06519
1.06382
1.06242
1.06098
1.0595
1.05798
1.05643
1.05322
1.05157
1.04988
1.04817
1.04642
1.04464
1.04284
1.04101
1.03916
1.03537
1.03345
1.0315
1.02954
1.02755
1.02555
1.02353
1.02149
1.01945
1.01531
1.01323
1.01113
1.00903
1.00692
1.00481
1.00269
1.00056
0.998435
0.994178
0.99205
0.989924
0.987802
0.985683
0.983569
0.981461
0.97936
0.977268
0.973111
0.971049
0.968999
0.966962
0.96494
0.962932
0.960941
0.958966
0.95701
0.953157
0.951261
0.949388
0.947538
0.945713
0.943912
0.942138
0.94039
0.938671
1.00288
1.00111
0.999364
0.99764
0.99594
0.994266
0.992619
0.990999
0.989407
0.986311
0.984808
0.983336
0.981896
0.980488
0.979113
0.977771
0.976463
0.975189
0.972744
0.971573
0.970437
0.969336
0.96827
0.967239
0.966242
0.965279
0.964351
0.962596
0.961769
0.960975
0.960213
0.959483
0.958786
0.958119
0.957482
0.956876
0.955752
0.955232
0.95474
0.954274
0.953834
0.95342
0.953031
0.952665
0.952323
0.951704
0.951425
0.951166
0.950925
0.950703
0.950497
0.950309
0.950136
0.949978
0.949704
0.949586
0.949479
0.949382
0.949294
0.949215
0.949143
0.949079
0.94902
0.948917
0.948869
0.948823
0.948778
0.948732
0.948686
0.948638
0.948587
0.948533
0.948409
0.948338
0.948261
0.948175
0.948081
0.947978
0.947867
0.947745
0.947613
0.947317
0.947152
0.946976
0.946788
0.946588
0.946376
0.946152
0.945916
0.945669
1.08348
1.08309
1.08266
1.0822
1.0817
1.08118
1.08062
1.08003
1.07941
1.07809
1.07739
1.07666
1.07591
1.07513
1.07433
1.07351
1.07266
1.0718
1.07002
1.0691
1.06817
1.06723
1.06627
1.0653
1.06433
1.06334
1.06235
1.06036
1.05935
1.05835
1.05735
1.05635
1.05535
1.05436
1.05337
1.05239
1.05046
1.04951
1.04858
1.04766
1.04676
1.04588
1.04501
1.04417
1.04335
1.04178
1.04103
1.04031
1.03961
1.03895
1.03832
1.03772
1.03715
1.03661
1.03564
1.0352
1.0348
1.03444
1.03411
1.03382
1.03357
1.03335
1.03317
1.03292
1.03284
1.03281
1.03281
1.03284
1.03291
1.03301
1.03314
1.0333
1.03371
1.03396
1.03423
1.03453
1.03485
1.03519
1.03556
1.03594
1.03633
1.03717
1.03761
1.03805
1.0385
1.03896
1.03942
1.03988
1.04034
1.0408
1.09078
1.09114
1.09149
1.09182
1.09213
1.09242
1.09268
1.09293
1.09314
1.09349
1.09362
1.09372
1.09379
1.09382
1.09382
1.09379
1.09372
1.09361
1.09329
1.09308
1.09282
1.09253
1.0922
1.09183
1.09142
1.09097
1.09049
1.0894
1.0888
1.08817
1.08749
1.08678
1.08604
1.08525
1.08444
1.08359
1.0818
1.08085
1.07988
1.07888
1.07785
1.07679
1.07571
1.07461
1.07348
1.07117
1.06998
1.06878
1.06756
1.06633
1.06509
1.06384
1.06258
1.06131
1.05876
1.05748
1.0562
1.05492
1.05364
1.05236
1.05109
1.04982
1.04857
1.04608
1.04485
1.04363
1.04243
1.04125
1.04008
1.03892
1.03778
1.03666
1.03448
1.03342
1.03239
1.03137
1.03037
1.0294
1.02845
1.02752
1.02662
1.02489
1.02406
1.02326
1.02248
1.02173
1.02101
1.02031
1.01964
1.019
1.05163
1.05096
1.05032
1.0497
1.04911
1.04855
1.04801
1.04751
1.04703
1.04617
1.04579
1.04544
1.04512
1.04484
1.0446
1.0444
1.04424
1.04412
1.04401
1.04403
1.04409
1.0442
1.04436
1.04457
1.04483
1.04515
1.04552
1.04644
1.04698
1.04759
1.04825
1.04898
1.04977
1.05062
1.05153
1.05251
1.05465
1.05582
1.05705
1.05834
1.05969
1.0611
1.06257
1.0641
1.06569
1.06903
1.07078
1.07258
1.07443
1.07633
1.07827
1.08025
1.08228
1.08434
1.08855
1.09071
1.09289
1.09509
1.09731
1.09955
1.1018
1.10407
1.10634
1.1109
1.11318
1.11546
1.11773
1.11999
1.12224
1.12448
1.1267
1.1289
1.13324
1.13537
1.13747
1.13954
1.14158
1.14359
1.14556
1.1475
1.14939
1.15306
1.15483
1.15655
1.15823
1.15986
1.16144
1.16298
1.16446
1.1659
1.18351
1.18473
1.18589
1.187
1.18805
1.18905
1.18999
1.19087
1.1917
1.19318
1.19383
1.19444
1.19498
1.19547
1.1959
1.19627
1.19659
1.19685
1.19721
1.1973
1.19734
1.19733
1.19726
1.19713
1.19696
1.19672
1.19644
1.1957
1.19526
1.19476
1.19421
1.1936
1.19295
1.19224
1.19148
1.19067
1.18891
1.18795
1.18694
1.18589
1.18479
1.18364
1.18245
1.18121
1.17993
1.17723
1.17582
1.17436
1.17287
1.17134
1.16977
1.16816
1.16652
1.16485
1.16141
1.15965
1.15786
1.15605
1.15421
1.15236
1.15049
1.14861
1.14671
1.1429
1.14099
1.13908
1.13717
1.13527
1.13338
1.13151
1.12965
1.12781
1.12421
1.12245
1.12073
1.11904
1.11739
1.11579
1.11423
1.11272
1.11126
1.1085
1.10721
1.10597
1.10479
1.10366
1.1026
1.1016
1.10066
1.09977
1.03881
1.03803
1.03731
1.03666
1.03606
1.03552
1.03503
1.0346
1.03421
1.03358
1.03332
1.0331
1.03291
1.03275
1.03262
1.03251
1.03241
1.03234
1.03221
1.03215
1.0321
1.03204
1.03198
1.0319
1.03182
1.03172
1.03161
1.03131
1.03113
1.03092
1.03069
1.03042
1.03013
1.0298
1.02944
1.02905
1.02816
1.02767
1.02713
1.02656
1.02596
1.02532
1.02465
1.02395
1.02321
1.02163
1.0208
1.01994
1.01904
1.01813
1.01718
1.01622
1.01523
1.01422
1.01215
1.0111
1.01003
1.00896
1.00787
1.00678
1.00569
1.00459
1.0035
1.00132
1.00024
0.99917
0.998113
0.99707
0.996043
0.995034
0.994046
0.993079
0.99122
0.990331
0.989472
0.988645
0.98785
0.987089
0.986364
0.985675
0.985023
0.983836
0.983302
0.982809
0.982358
0.981947
0.981578
0.981251
0.980966
0.980723
1.06306
1.06284
1.06264
1.06248
1.06235
1.06224
1.06216
1.06211
1.06209
1.0621
1.06215
1.06221
1.06229
1.06239
1.06251
1.06264
1.06279
1.06295
1.0633
1.06348
1.06368
1.06388
1.06408
1.06428
1.06449
1.06469
1.06489
1.06527
1.06546
1.06563
1.0658
1.06595
1.0661
1.06623
1.06634
1.06645
1.06661
1.06666
1.0667
1.06672
1.06672
1.0667
1.06666
1.0666
1.06652
1.0663
1.06616
1.066
1.06582
1.06562
1.0654
1.06516
1.06491
1.06463
1.06404
1.06373
1.0634
1.06306
1.0627
1.06234
1.06197
1.0616
1.06122
1.06045
1.06006
1.05968
1.05931
1.05894
1.05857
1.05822
1.05788
1.05756
1.05697
1.0567
1.05646
1.05624
1.05606
1.0559
1.05577
1.05568
1.05563
1.05563
1.05569
1.0558
1.05595
1.05615
1.05639
1.05668
1.05703
1.05742
1.09582
1.09628
1.09679
1.09735
1.09797
1.09863
1.09935
1.10013
1.10095
1.10278
1.10377
1.10482
1.10592
1.10708
1.1083
1.10957
1.1109
1.11228
1.1152
1.11674
1.11833
1.11997
1.12167
1.12341
1.1252
1.12704
1.12893
1.13284
1.13485
1.13691
1.139
1.14114
1.1433
1.1455
1.14774
1.15
1.1546
1.15693
1.15928
1.16165
1.16404
1.16643
1.16884
1.17125
1.17367
1.17849
1.1809
1.1833
1.18569
1.18806
1.19042
1.19275
1.19506
1.19735
1.20182
1.20401
1.20615
1.20826
1.21032
1.21233
1.21429
1.21619
1.21804
1.22156
1.22323
1.22482
1.22635
1.2278
1.22918
1.23049
1.23171
1.23285
1.23488
1.23577
1.23656
1.23727
1.23788
1.2384
1.23882
1.23914
1.23936
1.23951
1.23942
1.23924
1.23895
1.23855
1.23804
1.23743
1.2367
1.23587
1.15572
1.15455
1.15328
1.15191
1.15045
1.14888
1.14722
1.14547
1.14361
1.13961
1.13747
1.13523
1.1329
1.13048
1.12797
1.12536
1.12267
1.11989
1.11407
1.11104
1.10793
1.10474
1.10148
1.09814
1.09474
1.09128
1.08775
1.08053
1.07684
1.07312
1.06935
1.06555
1.06172
1.05786
1.054
1.05012
1.04235
1.03848
1.03463
1.0308
1.02701
1.02325
1.01954
1.01588
1.01229
1.00532
1.00196
0.998694
0.995528
0.992471
0.989528
0.986707
0.984014
0.981456
0.976765
0.974642
0.972672
0.970861
0.969211
0.967726
0.966406
0.965254
0.964272
0.962814
0.962338
0.96203
0.961887
0.961906
0.962085
0.962422
0.962911
0.963549
0.965251
0.966305
0.967488
0.968792
0.970213
0.971744
0.973379
0.975111
0.976933
0.980822
0.982875
0.984992
0.987166
0.989389
0.991655
0.993959
0.996293
0.998652
1.06563
1.06798
1.07033
1.07266
1.07497
1.07725
1.07951
1.08174
1.08393
1.08818
1.09024
1.09225
1.0942
1.0961
1.09794
1.09973
1.10145
1.10311
1.10623
1.1077
1.1091
1.11043
1.11169
1.11289
1.11401
1.11507
1.11607
1.11785
1.11865
1.11938
1.12005
1.12066
1.1212
1.12169
1.12212
1.1225
1.12309
1.12331
1.12348
1.1236
1.12368
1.12372
1.12371
1.12367
1.12358
1.12332
1.12314
1.12293
1.12269
1.12243
1.12215
1.12184
1.12152
1.12117
1.12043
1.12004
1.11963
1.11922
1.11879
1.11835
1.1179
1.11745
1.11699
1.11606
1.11558
1.11511
1.11463
1.11416
1.11368
1.11321
1.11273
1.11227
1.11135
1.1109
1.11046
1.11003
1.10962
1.10922
1.10883
1.10847
1.10812
1.10749
1.10721
1.10696
1.10674
1.10655
1.10639
1.10627
1.10619
1.10615
1.09594
1.09593
1.09596
1.09605
1.09618
1.09637
1.09662
1.09692
1.09727
1.09815
1.09867
1.09925
1.09989
1.10058
1.10132
1.10213
1.10298
1.10389
1.10585
1.10691
1.10801
1.10915
1.11033
1.11156
1.11282
1.11412
1.11545
1.1182
1.11961
1.12105
1.12251
1.12399
1.12548
1.12699
1.12852
1.13005
1.13313
1.13468
1.13623
1.13779
1.13934
1.14088
1.14243
1.14396
1.1455
1.14853
1.15003
1.15152
1.153
1.15447
1.15592
1.15735
1.15878
1.16018
1.16294
1.1643
1.16564
1.16696
1.16827
1.16956
1.17083
1.17207
1.17331
1.17571
1.17689
1.17804
1.17918
1.18029
1.18138
1.18246
1.18351
1.18454
1.18652
1.18748
1.18842
1.18933
1.19022
1.19109
1.19192
1.19273
1.19352
1.19499
1.19568
1.19635
1.19697
1.19757
1.19814
1.19867
1.19916
1.19962
1.15079
1.15106
1.1513
1.15151
1.15169
1.15184
1.15195
1.15203
1.15208
1.15206
1.15201
1.15192
1.15179
1.15162
1.15143
1.15119
1.15092
1.15061
1.14989
1.14948
1.14903
1.14854
1.14802
1.14747
1.14688
1.14626
1.1456
1.14419
1.14343
1.14265
1.14183
1.14098
1.1401
1.13919
1.13825
1.13728
1.13526
1.13422
1.13314
1.13204
1.13092
1.12978
1.12861
1.12742
1.12622
1.12374
1.12248
1.1212
1.11991
1.1186
1.11728
1.11595
1.1146
1.11324
1.1105
1.10912
1.10774
1.10634
1.10495
1.10355
1.10215
1.10074
1.09934
1.09654
1.09515
1.09376
1.09237
1.09099
1.08962
1.08825
1.0869
1.08556
1.08291
1.0816
1.08031
1.07904
1.07778
1.07654
1.07532
1.07412
1.07294
1.07065
1.06953
1.06844
1.06738
1.06634
1.06532
1.06433
1.06337
1.06243
1.04462
1.04367
1.04276
1.04187
1.04102
1.04019
1.0394
1.03864
1.03791
1.03653
1.03589
1.03527
1.03469
1.03413
1.0336
1.03309
1.03262
1.03216
1.03133
1.03095
1.03059
1.03025
1.02993
1.02964
1.02936
1.02911
1.02887
1.02845
1.02827
1.02811
1.02796
1.02784
1.02773
1.02763
1.02756
1.02751
1.02746
1.02747
1.0275
1.02756
1.02764
1.02774
1.02788
1.02804
1.02823
1.0287
1.02898
1.02931
1.02966
1.03006
1.0305
1.03097
1.03149
1.03205
1.03331
1.034
1.03475
1.03554
1.03637
1.03726
1.03819
1.03917
1.0402
1.04241
1.04358
1.04479
1.04605
1.04736
1.0487
1.05009
1.05152
1.05299
1.05602
1.05759
1.05919
1.06081
1.06247
1.06414
1.06584
1.06756
1.0693
1.07282
1.0746
1.07638
1.07818
1.07998
1.08179
1.0836
1.08541
1.08722
1.15021
1.15196
1.1537
1.15542
1.15713
1.15881
1.16047
1.16212
1.16374
1.1669
1.16845
1.16997
1.17146
1.17293
1.17437
1.17577
1.17715
1.17849
1.18109
1.18234
1.18355
1.18473
1.18588
1.18699
1.18806
1.1891
1.19009
1.19197
1.19285
1.19368
1.19448
1.19523
1.19594
1.19661
1.19723
1.19781
1.19884
1.19928
1.19968
1.20004
1.20035
1.20062
1.20084
1.20101
1.20114
1.20126
1.20126
1.20121
1.20112
1.20099
1.20081
1.20059
1.20034
1.20004
1.19933
1.19892
1.19848
1.198
1.19749
1.19695
1.19638
1.19578
1.19516
1.19383
1.19314
1.19242
1.19168
1.19093
1.19016
1.18937
1.18858
1.18777
1.18612
1.18529
1.18445
1.1836
1.18276
1.18191
1.18106
1.18022
1.17938
1.17771
1.17688
1.17606
1.17525
1.17445
1.17366
1.17288
1.17212
1.17137
1.0854
1.08465
1.08392
1.08323
1.08257
1.08194
1.08134
1.08078
1.08025
1.0793
1.07887
1.07849
1.07815
1.07784
1.07758
1.07735
1.07717
1.07702
1.07687
1.07686
1.07689
1.07697
1.07709
1.07726
1.07747
1.07773
1.07803
1.07877
1.07921
1.07969
1.08021
1.08078
1.08139
1.08204
1.08274
1.08348
1.08507
1.08592
1.08682
1.08775
1.08871
1.08971
1.09074
1.0918
1.09289
1.09515
1.09632
1.09751
1.09872
1.09995
1.1012
1.10247
1.10375
1.10504
1.10765
1.10897
1.11028
1.11161
1.11293
1.11424
1.11556
1.11687
1.11817
1.12074
1.122
1.12325
1.12449
1.1257
1.1269
1.12807
1.12922
1.13035
1.13252
1.13356
1.13457
1.13556
1.1365
1.13742
1.1383
1.13914
1.13995
1.14145
1.14215
1.1428
1.14342
1.14399
1.14453
1.14502
1.14548
1.14589
1.14296
1.14318
1.14337
1.14351
1.14361
1.14367
1.14369
1.14367
1.14361
1.14337
1.1432
1.14298
1.14273
1.14244
1.14211
1.14174
1.14134
1.1409
1.13992
1.13938
1.1388
1.13818
1.13754
1.13686
1.13614
1.13539
1.13461
1.13295
1.13207
1.13116
1.13021
1.12924
1.12823
1.12719
1.12611
1.125
1.12269
1.12149
1.12025
1.11898
1.11768
1.11634
1.11497
1.11356
1.11213
1.10915
1.10761
1.10604
1.10443
1.10279
1.10112
1.09941
1.09767
1.0959
1.09226
1.09039
1.08849
1.08655
1.08459
1.08259
1.08057
1.07851
1.07643
1.07218
1.07002
1.06783
1.06562
1.06338
1.06112
1.05884
1.05654
1.05423
1.04954
1.04718
1.04481
1.04243
1.04003
1.03764
1.03524
1.03284
1.03043
1.02564
1.02325
1.02088
1.01851
1.01616
1.01383
1.01152
1.00923
1.00696
1.00698
1.00471
1.00247
1.00027
0.998107
0.995989
0.993916
0.991891
0.989916
0.986125
0.984312
0.982557
0.980861
0.979227
0.977654
0.976144
0.974698
0.973316
0.970745
0.969557
0.968433
0.967373
0.966377
0.965444
0.964574
0.963764
0.963015
0.961689
0.961111
0.960587
0.960116
0.959696
0.959327
0.959006
0.958733
0.958505
0.958182
0.958086
0.95803
0.958016
0.958041
0.958106
0.95821
0.958352
0.958532
0.959007
0.959303
0.959637
0.960009
0.960421
0.960872
0.961363
0.961895
0.962467
0.963737
0.964435
0.965176
0.965962
0.966791
0.967664
0.968581
0.969544
0.970551
0.9727
0.973841
0.975028
0.976258
0.977533
0.97885
0.980209
0.981611
0.983053
0.986054
0.987611
0.989203
0.990829
0.992488
0.994177
0.995895
0.997641
0.999411
1.00302
1.00486
1.00671
1.00858
1.01046
1.01235
1.01426
1.01617
1.01808
1.02192
1.02383
1.02574
1.02765
1.02955
1.03143
1.03331
1.03517
1.03702
1.04065
1.04243
1.0442
1.04593
1.04764
1.04932
1.05097
1.05259
1.05418
1.05724
1.05872
1.06016
1.06156
1.06292
1.06424
1.06552
1.06676
1.06795
1.07021
1.07127
1.07228
1.07326
1.07419
1.07507
1.07591
1.0767
1.07745
1.07883
1.07946
1.08004
1.08059
1.08109
1.08156
1.082
1.0824
1.08277
1.08341
1.08369
1.08394
1.08417
1.08438
1.08457
1.08474
1.08489
1.08503
1.08527
1.08538
1.08548
1.08557
1.08567
1.08577
1.08586
1.08597
1.08607
1.08631
1.08645
1.0866
1.08676
1.08694
1.08713
1.08734
1.08757
1.08782
1.08837
1.08868
1.08901
1.08936
1.08973
1.09012
1.09052
1.09095
1.0914
1.09234
1.09283
1.09334
1.09386
1.09439
1.09493
1.09548
1.09603
1.09659
1.09771
1.09826
1.09881
1.09936
1.0999
1.10042
1.10094
1.10143
1.10191
1.10282
1.10323
1.10363
1.10399
1.10433
1.10464
1.10492
1.10516
1.10537
1.10568
1.10578
1.10584
1.10586
1.10585
1.10579
1.10569
1.10555
1.10538
1.1049
1.1046
1.10427
1.10389
1.10348
1.10303
1.10254
1.10202
1.10147
1.10026
1.09961
1.09894
1.09823
1.0975
1.09675
1.09597
1.09518
1.09436
1.09267
1.09181
1.09093
1.09004
1.08914
1.08824
1.08732
1.08641
1.08548
1.08364
1.08271
1.08179
1.08087
1.07995
1.07904
1.07814
1.07724
1.07635
1.0746
1.07374
1.07289
1.07205
1.07123
1.07041
1.06962
1.06883
1.06806
1.06656
1.06583
1.06511
1.06442
1.06373
1.06306
1.06241
1.06178
1.06115
1.05996
1.05938
1.05883
1.05829
1.05776
1.05725
1.05676
1.05628
1.05583
1.05496
1.05456
1.05418
1.05381
1.05347
1.05315
1.05285
1.05257
1.05231
1.05187
1.05168
1.05152
1.05139
1.05128
1.0512
1.05114
1.05112
1.05112
1.05122
1.05131
1.05143
1.05157
1.05175
1.05195
1.05218
1.05244
1.05272
1.05335
1.05371
1.05408
1.05447
1.05488
1.05531
1.05575
1.05621
1.05668
1.05763
1.05812
1.05861
1.05909
1.05958
1.06006
1.06054
1.061
1.06146
1.06232
1.06273
1.06312
1.06349
1.06383
1.06415
1.06444
1.06471
1.06494
1.06532
1.06546
1.06556
1.06563
1.06566
1.06565
1.06561
1.06552
1.0654
1.06505
1.06481
1.06454
1.06423
1.06387
1.06349
1.06306
1.0626
1.06211
1.06101
1.06042
1.05979
1.05914
1.05846
1.05775
1.05702
1.05626
1.05549
1.05388
1.05305
1.05221
1.05136
1.05049
1.04962
1.04875
1.04787
1.04699
1.04523
1.04436
1.04349
1.04264
1.04179
1.04096
1.04015
1.03935
1.03857
1.03708
1.03637
1.03568
1.03502
1.0344
1.0338
1.03323
1.0327
1.0322
1.03131
1.03091
1.03056
1.03024
1.02995
1.02971
1.0295
1.02932
1.02918
1.02901
1.02898
1.02897
1.029
1.02907
1.02916
1.02927
1.02942
1.02959
1.02999
1.03023
1.03048
1.03074
1.03102
1.03131
1.03161
1.03192
1.03224
1.03287
1.03319
1.0335
1.03381
1.03411
1.0344
1.03468
1.03495
1.0352
1.03565
1.03585
1.03603
1.03619
1.03632
1.03642
1.0365
1.03656
1.03659
1.03656
1.0365
1.03641
1.03628
1.03613
1.03595
1.03574
1.0355
1.03522
1.03458
1.03422
1.03383
1.03341
1.03297
1.0325
1.032
1.03148
1.03094
1.02979
1.02919
1.02858
1.02794
1.0273
1.02664
1.02597
1.0253
1.02462
1.02324
1.02255
1.02186
1.02117
1.02049
1.01981
1.01914
1.01848
1.01782
1.01656
1.01596
1.01537
1.01479
1.01424
1.01371
1.0132
1.01272
1.01226
1.01141
1.01103
1.01067
1.01035
1.01005
1.00978
1.00954
1.00933
1.00916
1.00889
1.00881
1.00875
1.00873
1.00873
1.00877
1.00884
1.00893
1.00906
1.00939
1.0096
1.00984
1.0101
1.01039
1.0107
1.01104
1.0114
1.01179
1.01262
1.01307
1.01354
1.01403
1.01453
1.01505
1.01558
1.01613
1.01669
1.01785
1.01845
1.01905
1.01966
1.02028
1.0209
1.02153
1.02216
1.0228
1.02406
1.02469
1.02532
1.02594
1.02656
1.02717
1.02777
1.02837
1.02895
1.03009
1.03064
1.03118
1.0317
1.0322
1.0327
1.03317
1.03362
1.03406
1.03488
1.03526
1.03561
1.03595
1.03626
1.03655
1.03682
1.03706
1.03728
1.03765
1.0378
1.03792
1.03802
1.0381
1.03815
1.03818
1.03819
1.03817
1.03807
1.03798
1.03788
1.03775
1.0376
1.03743
1.03725
1.03704
1.03682
1.03632
1.03605
1.03577
1.03547
1.03516
1.03484
1.0345
1.03416
1.03381
1.03308
1.03271
1.03233
1.03195
1.03157
1.03118
1.0308
1.03041
1.03003
1.02927
1.0289
1.02853
1.02817
1.02782
1.02748
1.02714
1.02682
1.02651
1.02593
1.02566
1.0254
1.02516
1.02494
1.02473
1.02454
1.02437
1.02422
1.02398
1.02389
1.02382
1.02377
1.02375
1.02375
1.02377
1.02381
1.02388
1.0241
1.02424
1.02442
1.02461
1.02484
1.02509
1.02537
1.02568
1.02602
1.02678
1.02721
1.02766
1.02815
1.02867
1.02922
1.02979
1.0304
1.03104
1.03242
1.03315
1.03391
1.03471
1.03554
1.03639
1.03728
1.03819
1.03913
1.0411
1.04212
1.04317
1.04425
1.04534
1.04647
1.04761
1.04877
1.04996
1.05239
1.05363
1.05488
1.05615
1.05743
1.05873
1.06003
1.06135
1.06268
1.06536
1.06671
1.06807
1.06944
1.07081
1.07218
1.07356
1.07495
1.07633
1.07912
1.08052
1.08191
1.08332
1.08472
1.08613
1.08753
1.08894
1.09036
1.09319
1.09461
1.09603
1.09745
1.09888
1.10031
1.10173
1.10316
1.10459
1.10745
1.10888
1.1103
1.11172
1.11314
1.11456
1.11597
1.11737
1.11876
1.12152
1.12289
1.12424
1.12558
1.12691
1.12821
1.1295
1.13078
1.13203
1.13446
1.13564
1.13679
1.13792
1.13902
1.14008
1.14111
1.14211
1.14307
1.14488
1.14573
1.14654
1.14731
1.14803
1.14871
1.14935
1.14994
1.15048
1.15142
1.15182
1.15217
1.15247
1.15272
1.15291
1.15306
1.15315
1.15319
1.15311
1.15299
1.15282
1.15259
1.15232
1.15199
1.15161
1.15117
1.15069
1.14957
1.14894
1.14826
1.14753
1.14675
1.14593
1.14506
1.14415
1.1432
1.14116
1.14008
1.13896
1.13781
1.13662
1.1354
1.13414
1.13285
1.13153
1.12881
1.12741
1.12598
1.12453
1.12306
1.12157
1.12007
1.11854
1.11701
1.1139
1.11233
1.11075
1.10917
1.10758
1.10599
1.1044
1.10281
1.10122
1.09806
1.09649
1.09493
1.09338
1.09183
1.09031
1.08879
1.08729
1.08581
1.0829
1.08147
1.08006
1.07868
1.07732
1.07599
1.07468
1.07339
1.07214
1.06971
1.06854
1.0674
1.06629
1.06521
1.06416
1.06314
1.06215
1.0612
1.05939
1.05854
1.05772
1.05694
1.05619
1.05548
1.0548
1.05415
1.05355
1.05245
1.05196
1.0515
1.05108
1.05071
1.05037
1.05007
1.04982
1.0496
1.0493
1.04922
1.04918
1.04918
1.04923
1.04933
1.04948
1.04967
1.04991
1.05054
1.05093
1.05136
1.05185
1.05239
1.05298
1.05362
1.05432
1.05506
1.05669
1.05757
1.05851
1.05949
1.06051
1.06158
1.06269
1.06384
1.06503
1.06752
1.06881
1.07013
1.07148
1.07285
1.07424
1.07565
1.07708
1.07853
1.08144
1.08291
1.08438
1.08585
1.08731
1.08877
1.09022
1.09166
1.09308
1.09588
1.09724
1.09859
1.0999
1.1012
1.10246
1.10369
1.10489
1.10606
1.10829
1.10935
1.11037
1.11136
1.11231
1.11322
1.11409
1.11492
1.11571
1.11718
1.11786
1.1185
1.11911
1.11968
1.12022
1.12072
1.12119
1.12162
1.12241
1.12276
1.12309
1.12339
1.12367
1.12393
1.12416
1.12438
1.12458
1.12495
1.12511
1.12526
1.12541
1.12554
1.12567
1.1258
1.12592
1.12605
1.12629
1.12641
1.12654
1.12667
1.12681
1.12694
1.12709
1.12724
1.1274
1.12773
1.12791
1.1281
1.12829
1.12849
1.1287
1.12891
1.12913
1.12935
1.12981
1.13005
1.13029
1.13053
1.13078
1.13103
1.13127
1.13152
1.13176
1.13225
1.13248
1.13272
1.13295
1.13317
1.13339
1.1336
1.13381
1.13401
1.13439
1.13457
1.13474
1.1349
1.13505
1.1352
1.13534
1.13547
1.13559
1.13581
1.13591
1.136
1.13609
1.13617
1.13624
1.13631
1.13638
1.13644
1.13656
1.13661
1.13667
1.13673
1.13678
1.13684
1.13691
1.13697
1.13705
1.13722
1.13731
1.13742
1.13754
1.13767
1.13782
1.13798
1.13815
1.13835
1.13879
1.13904
1.13931
1.1396
1.13992
1.14026
1.14063
1.14102
1.14144
1.14236
1.14286
1.14339
1.14395
1.14454
1.14515
1.1458
1.14648
1.14718
1.14867
1.14946
1.15027
1.15111
1.15198
1.15286
1.15377
1.15471
1.15566
1.15761
1.15861
1.15963
1.16065
1.16168
1.16272
1.16376
1.16481
1.16585
1.16793
1.16895
1.16997
1.17098
1.17197
1.17294
1.17389
1.17482
1.17573
1.17746
1.17827
1.17906
1.17981
1.18052
1.18119
1.18182
1.1824
1.18294
1.18389
1.18429
1.18464
1.18493
1.18518
1.18538
1.18552
1.1856
1.18564
1.18554
1.18541
1.18523
1.18499
1.1847
1.18435
1.18395
1.1835
1.18299
1.18183
1.18118
1.18047
1.17972
1.17892
1.17808
1.1772
1.17627
1.1753
1.17326
1.17218
1.17107
1.16992
1.16875
1.16755
1.16633
1.16508
1.16381
1.16121
1.15988
1.15854
1.15719
1.15583
1.15447
1.1531
1.15172
1.15035
1.1476
1.14623
1.14487
1.14352
1.14218
1.14085
1.13954
1.13824
1.13695
1.13444
1.13321
1.13201
1.13083
1.12967
1.12854
1.12743
1.12635
1.12529
1.12326
1.12228
1.12133
1.12041
1.11951
1.11864
1.1178
1.11698
1.11618
1.11466
1.11394
1.11323
1.11255
1.11188
1.11123
1.1106
1.10998
1.10937
1.10818
1.1076
1.10703
1.10646
1.1059
1.10534
1.10477
1.10421
1.10365
1.1025
1.10192
1.10133
1.10074
1.10013
1.09951
1.09889
1.09825
1.09759
1.09625
1.09555
1.09484
1.09412
1.09338
1.09263
1.09186
1.09109
1.09029
1.08867
1.08784
1.087
1.08615
1.08529
1.08442
1.08354
1.08266
1.08178
1.07999
1.0791
1.0782
1.07731
1.07642
1.07553
1.07464
1.07376
1.07289
1.07117
1.07033
1.06949
1.06867
1.06786
1.06707
1.06628
1.06552
1.06476
1.0633
1.06259
1.0619
1.06122
1.06056
1.05991
1.05928
1.05867
1.05807
1.05691
1.05636
1.05581
1.05528
1.05477
1.05427
1.05378
1.0533
1.05283
1.05193
1.05149
1.05106
1.05065
1.05024
1.04985
1.04946
1.04909
1.04872
1.04801
1.04768
1.04735
1.04703
1.04673
1.04643
1.04615
1.04588
1.04562
1.04514
1.04492
1.04472
1.04453
1.04436
1.0442
1.04406
1.04393
1.04382
1.04366
1.04361
1.04357
1.04355
1.04355
1.04356
1.0436
1.04365
1.04372
1.04392
1.04404
1.04418
1.04434
1.04451
1.0447
1.04491
1.04513
1.04536
1.04588
1.04616
1.04645
1.04675
1.04706
1.04739
1.04772
1.04807
1.04842
1.04916
1.04954
1.04993
1.05032
1.05073
1.05113
1.05155
1.05197
1.05239
1.05325
1.05369
1.05413
1.05458
1.05503
1.05548
1.05593
1.05639
1.05685
1.05778
1.05825
1.05872
1.05919
1.05966
1.06014
1.06062
1.0611
1.06159
1.06256
1.06306
1.06355
1.06405
1.06455
1.06506
1.06557
1.06609
1.06661
1.06767
1.06821
1.06875
1.0693
1.06986
1.07043
1.071
1.07159
1.07218
1.0734
1.07403
1.07467
1.07532
1.07599
1.07667
1.07737
1.07808
1.07881
1.08033
1.08112
1.08192
1.08275
1.0836
1.08448
1.08538
1.0863
1.08725
1.08923
1.09026
1.09132
1.09241
1.09352
1.09467
1.09585
1.09706
1.0983
1.10088
1.10222
1.10358
1.10498
1.10641
1.10787
1.10937
1.11089
1.11244
1.11562
1.11725
1.11891
1.12059
1.1223
1.12403
1.12577
1.12754
1.12933
1.13294
1.13476
1.1366
1.13844
1.14029
1.14215
1.144
1.14586
1.14771
1.15141
1.15325
1.15508
1.15689
1.1587
1.16049
1.16226
1.16401
1.16574
1.16913
1.17079
1.17242
1.17403
1.1756
1.17714
1.17865
1.18012
1.18156
1.18433
1.18565
1.18694
1.18819
1.18939
1.19056
1.19168
1.19276
1.1938
1.19575
1.19666
1.19752
1.19834
1.19912
1.19985
1.20053
1.20117
1.20177
1.20283
1.2033
1.20372
1.2041
1.20443
1.20473
1.20498
1.20519
1.20536
1.20557
1.20562
1.20564
1.20561
1.20555
1.20545
1.20531
1.20515
1.20494
1.20444
1.20414
1.2038
1.20344
1.20305
1.20263
1.20218
1.2017
1.2012
1.20012
1.19954
1.19894
1.19831
1.19767
1.197
1.1963
1.19559
1.19486
1.19333
1.19254
1.19173
1.1909
1.19005
1.18919
1.18831
1.18741
1.1865
1.18463
1.18367
1.1827
1.18171
1.18071
1.1797
1.17868
1.17764
1.17659
1.17447
1.1734
1.17232
1.17123
1.17013
1.16903
1.16793
1.16682
1.1657
1.16348
1.16236
1.16125
1.16014
1.15904
1.15794
1.15684
1.15576
1.15468
1.15255
1.1515
1.15046
1.14944
1.14843
1.14744
1.14646
1.1455
1.14455
1.14272
1.14183
1.14096
1.14011
1.13929
1.13848
1.13769
1.13693
1.13618
1.13476
1.13408
1.13343
1.13279
1.13218
1.13159
1.13102
1.13047
1.12994
1.12894
1.12848
1.12802
1.12759
1.12718
1.12678
1.1264
1.12604
1.1257
1.12506
1.12476
1.12448
1.12421
1.12395
1.12371
1.12348
1.12326
1.12306
1.12268
1.12251
1.12234
1.12219
1.12204
1.1219
1.12177
1.12165
1.12153
1.12131
1.12121
1.12111
1.12102
1.12093
1.12084
1.12075
1.12067
1.12058
1.12041
1.12032
1.12023
1.12014
1.12004
1.11995
1.11984
1.11974
1.11963
1.11939
1.11926
1.11913
1.119
1.11885
1.1187
1.11855
1.11838
1.11821
1.11785
1.11766
1.11746
1.11725
1.11704
1.11683
1.1166
1.11638
1.11614
1.11566
1.11541
1.11516
1.11491
1.11465
1.11439
1.11413
1.11386
1.11359
1.11306
1.11279
1.11252
1.11225
1.11198
1.11171
1.11144
1.11118
1.11092
1.11039
1.11013
1.10988
1.10962
1.10937
1.10912
1.10887
1.10862
1.10838
1.1079
1.10766
1.10742
1.10719
1.10696
1.10672
1.10649
1.10626
1.10603
1.10558
1.10535
1.10512
1.10489
1.10465
1.10442
1.10418
1.10395
1.10371
1.10322
1.10297
1.10271
1.10246
1.10219
1.10193
1.10165
1.10138
1.1011
1.10051
1.10021
1.09991
1.09959
1.09927
1.09894
1.0986
1.09826
1.0979
1.09716
1.09678
1.09639
1.09598
1.09556
1.09514
1.0947
1.09424
1.09378
1.09281
1.0923
1.09178
1.09125
1.0907
1.09013
1.08955
1.08895
1.08834
1.08706
1.0864
1.08572
1.08502
1.08431
1.08358
1.08284
1.08207
1.0813
1.0797
1.07888
1.07805
1.07721
1.07636
1.07549
1.07462
1.07374
1.07285
1.07107
1.07017
1.06928
1.06838
1.06749
1.06661
1.06573
1.06487
1.06401
1.06235
1.06155
1.06077
1.06001
1.05928
1.05858
1.05791
1.05728
1.05668
1.0556
1.05512
1.05469
1.0543
1.05396
1.05367
1.05344
1.05325
1.05312
1.05302
1.05306
1.05315
1.05331
1.05352
1.05378
1.05411
1.05449
1.05492
1.05596
1.05656
1.05721
1.05791
1.05866
1.05946
1.0603
1.06118
1.0621
1.06406
1.06508
1.06614
1.06722
1.06832
1.06944
1.07058
1.07174
1.0729
1.07525
1.07643
1.07761
1.07878
1.07994
1.08109
1.08222
1.08334
1.08444
1.08656
1.08758
1.08857
1.08953
1.09045
1.09134
1.09218
1.09298
1.09374
1.09513
1.09574
1.09631
1.09683
1.0973
1.09771
1.09807
1.09838
1.09863
1.09896
1.09904
1.09907
1.09904
1.09895
1.09881
1.09862
1.09836
1.09806
1.09728
1.09682
1.0963
1.09574
1.09512
1.09446
1.09376
1.09301
1.09221
1.09051
1.08959
1.08865
1.08767
1.08666
1.08561
1.08455
1.08345
1.08234
1.08004
1.07887
1.07768
1.07648
1.07528
1.07406
1.07284
1.07162
1.0704
1.06797
1.06676
1.06556
1.06436
1.06319
1.06202
1.06088
1.05975
1.05864
1.05649
1.05545
1.05444
1.05346
1.05251
1.05159
1.0507
1.04985
1.04903
1.0475
1.0468
1.04613
1.0455
1.04491
1.04436
1.04386
1.04339
1.04297
1.04225
1.04196
1.04171
1.0415
1.04134
1.04121
1.04114
1.0411
1.04111
1.04125
1.04138
1.04156
1.04177
1.04202
1.04232
1.04265
1.04302
1.04342
1.04434
1.04485
1.04539
1.04596
1.04657
1.0472
1.04785
1.04854
1.04925
1.05072
1.05149
1.05228
1.05308
1.0539
1.05472
1.05555
1.0564
1.05724
1.05894
1.05978
1.06062
1.06145
1.06228
1.06309
1.06389
1.06467
1.06543
1.06689
1.06758
1.06825
1.06888
1.06949
1.07005
1.07058
1.07108
1.07153
1.0723
1.07262
1.07289
1.07311
1.07328
1.0734
1.07346
1.07348
1.07343
1.07318
1.07297
1.0727
1.07237
1.07199
1.07155
1.07105
1.07049
1.06987
1.06847
1.06769
1.06685
1.06596
1.06502
1.06402
1.06298
1.06189
1.06076
1.05837
1.05712
1.05583
1.05451
1.05316
1.05179
1.05039
1.04897
1.04754
1.04464
1.04318
1.04172
1.04026
1.03881
1.03738
1.03595
1.03455
1.03316
1.03048
1.02918
1.02793
1.02671
1.02553
1.0244
1.02332
1.02228
1.0213
1.01949
1.01867
1.01791
1.0172
1.01655
1.01595
1.01541
1.01492
1.01449
1.01377
1.01348
1.01324
1.01304
1.01289
1.01277
1.01269
1.01264
1.01262
1.01266
1.01271
1.01279
1.01288
1.01298
1.0131
1.01323
1.01336
1.01351
1.0138
1.01395
1.01411
1.01426
1.01441
1.01457
1.01472
1.01487
1.01502
1.01532
1.01547
1.01562
1.01577
1.01593
1.01609
1.01626
1.01643
1.01662
1.01701
1.01723
1.01746
1.01771
1.01798
1.01826
1.01856
1.01889
1.01923
1.01999
1.02041
1.02085
1.02131
1.0218
1.02232
1.02286
1.02343
1.02402
1.02529
1.02595
1.02664
1.02735
1.02808
1.02883
1.0296
1.03039
1.03119
1.03283
1.03367
1.03452
1.03538
1.03624
1.03711
1.03798
1.03885
1.03973
1.04148
1.04235
1.04322
1.04408
1.04493
1.04578
1.04662
1.04746
1.04828
1.0499
1.05069
1.05148
1.05225
1.05302
1.05377
1.05451
1.05525
1.05597
1.05739
1.05808
1.05876
1.05944
1.06011
1.06076
1.06141
1.06205
1.06268
1.06392
1.06453
1.06513
1.06572
1.0663
1.06688
1.06745
1.06801
1.06856
1.06964
1.07016
1.07068
1.07118
1.07168
1.07216
1.07264
1.0731
1.07355
1.07441
1.07482
1.07522
1.0756
1.07597
1.07632
1.07666
1.07699
1.07729
1.07785
1.07811
1.07835
1.07857
1.07877
1.07895
1.07911
1.07926
1.07939
1.07958
1.07965
1.0797
1.07974
1.07975
1.07975
1.07973
1.07969
1.07963
1.07946
1.07935
1.07923
1.07909
1.07893
1.07876
1.07858
1.07838
1.07817
1.07771
1.07746
1.0772
1.07693
1.07665
1.07637
1.07607
1.07577
1.07546
1.07482
1.07449
1.07415
1.07381
1.07347
1.07312
1.07276
1.07241
1.07205
1.07132
1.07095
1.07058
1.07021
1.06983
1.06945
1.06906
1.06867
1.06828
1.06748
1.06707
1.06666
1.06624
1.06582
1.06538
1.06495
1.0645
1.06404
1.06311
1.06263
1.06213
1.06163
1.06112
1.0606
1.06006
1.05952
1.05896
1.05782
1.05724
1.05665
1.05605
1.05544
1.05482
1.0542
1.05357
1.05294
1.05166
1.05102
1.05038
1.04975
1.04911
1.04848
1.04785
1.04723
1.04661
1.04541
1.04482
1.04424
1.04368
1.04312
1.04258
1.04204
1.04152
1.04101
1.04001
1.03953
1.03905
1.03859
1.03813
1.03767
1.03722
1.03677
1.03633
1.03543
1.03499
1.03454
1.03408
1.03362
1.03315
1.03268
1.03219
1.0317
1.03067
1.03014
1.0296
1.02905
1.02848
1.0279
1.02731
1.02671
1.0261
1.02484
1.0242
1.02356
1.02291
1.02225
1.0216
1.02094
1.02029
1.01964
1.01837
1.01775
1.01714
1.01654
1.01597
1.01541
1.01488
1.01437
1.01389
1.01302
1.01263
1.01228
1.01197
1.0117
1.01147
1.01128
1.01114
1.01104
1.01098
1.01102
1.01111
1.01125
1.01144
1.01168
1.01197
1.0123
1.01269
1.0136
1.01412
1.01469
1.0153
1.01595
1.01664
1.01737
1.01814
1.01893
1.02062
1.02151
1.02242
1.02335
1.02431
1.02528
1.02626
1.02726
1.02827
1.0303
1.03132
1.03234
1.03336
1.03437
1.03537
1.03637
1.03736
1.03833
1.04023
1.04115
1.04205
1.04294
1.0438
1.04464
1.04545
1.04624
1.047
1.04845
1.04914
1.04979
1.05042
1.05103
1.05161
1.05216
1.05269
1.05319
1.05413
1.05456
1.05497
1.05536
1.05574
1.05609
1.05643
1.05675
1.05706
1.05763
1.05791
1.05817
1.05843
1.05867
1.05892
1.05916
1.05939
1.05963
1.06009
1.06032
1.06055
1.06079
1.06102
1.06126
1.0615
1.06175
1.06199
1.06249
1.06275
1.063
1.06326
1.06351
1.06377
1.06403
1.06429
1.06454
1.06504
1.06528
1.06552
1.06575
1.06598
1.0662
1.0664
1.0666
1.06678
1.06712
1.06726
1.06739
1.06751
1.06761
1.06769
1.06776
1.06781
1.06784
1.06784
1.06781
1.06776
1.06769
1.06761
1.0675
1.06737
1.06722
1.06705
1.06666
1.06643
1.06619
1.06593
1.06565
1.06536
1.06505
1.06473
1.0644
1.06371
1.06335
1.06299
1.06263
1.06226
1.06189
1.06152
1.06115
1.06079
1.0601
1.05978
1.05946
1.05917
1.05889
1.05863
1.0584
1.0582
1.05802
1.05776
1.05768
1.05763
1.05762
1.05765
1.05772
1.05784
1.05799
1.05819
1.05872
1.05905
1.05943
1.05985
1.06032
1.06084
1.0614
1.062
1.06265
1.06407
1.06484
1.06565
1.0665
1.06739
1.06831
1.06927
1.07026
1.07129
1.07343
1.07454
1.07568
1.07685
1.07805
1.07927
1.08052
1.08179
1.08309
1.08576
1.08713
1.08853
1.08995
1.09139
1.09286
1.09436
1.09588
1.09743
1.10061
1.10223
1.10389
1.10556
1.10727
1.109
1.11075
1.11252
1.11432
1.11797
1.11983
1.12169
1.12358
1.12546
1.12736
1.12926
1.13116
1.13306
1.13684
1.1387
1.14055
1.14238
1.14419
1.14596
1.1477
1.1494
1.15106
1.15424
1.15576
1.15721
1.15861
1.15994
1.16121
1.16241
1.16354
1.1646
1.16648
1.1673
1.16804
1.16869
1.16927
1.16975
1.17015
1.17047
1.17069
1.17088
1.17084
1.17071
1.17049
1.17019
1.1698
1.16932
1.16875
1.1681
1.16655
1.16565
1.16467
1.16361
1.16248
1.16127
1.15998
1.15862
1.15719
1.15413
1.1525
1.15081
1.14905
1.14724
1.14537
1.14345
1.14148
1.13946
1.13528
1.13312
1.13093
1.1287
1.12644
1.12414
1.12182
1.11947
1.1171
1.11231
1.10989
1.10746
1.10502
1.10258
1.10014
1.0977
1.09526
1.09282
1.08799
1.08559
1.08322
1.08086
1.07852
1.07622
1.07394
1.07168
1.06947
1.06514
1.06304
1.06097
1.05895
1.05697
1.05504
1.05316
1.05132
1.04953
1.04611
1.04448
1.0429
1.04138
1.03991
1.03849
1.03712
1.03581
1.03455
1.03219
1.0311
1.03005
1.02906
1.02811
1.02722
1.02638
1.02559
1.02486
1.02353
1.02293
1.02239
1.02189
1.02145
1.02104
1.02069
1.02039
1.02013
1.01976
1.01965
1.01958
1.01957
1.01961
1.01969
1.01983
1.02003
1.02028
1.02094
1.02136
1.02184
1.02238
1.02297
1.02364
1.02436
1.02515
1.02601
1.02793
1.02899
1.03012
1.03132
1.03259
1.03393
1.03535
1.03683
1.03838
1.0417
1.04346
1.04529
1.04718
1.04913
1.05115
1.05322
1.05535
1.05754
1.06206
1.0644
1.06678
1.06919
1.07165
1.07413
1.07665
1.07919
1.08176
1.08694
1.08955
1.09217
1.09479
1.09741
1.10003
1.10264
1.10524
1.10782
1.11292
1.11544
1.11793
1.12038
1.1228
1.12518
1.12752
1.12982
1.13207
1.13641
1.13851
1.14055
1.14252
1.14444
1.1463
1.14809
1.14982
1.15148
1.1546
1.15606
1.15744
1.15875
1.15999
1.16115
1.16224
1.16326
1.1642
1.16586
1.16658
1.16723
1.1678
1.1683
1.16872
1.16908
1.16936
1.16958
1.1698
1.16981
1.16975
1.16963
1.16945
1.1692
1.16889
1.16852
1.16809
1.16707
1.16647
1.16582
1.16511
1.16436
1.16355
1.1627
1.16179
1.16084
1.15881
1.15772
1.1566
1.15543
1.15422
1.15297
1.15168
1.15035
1.14898
1.14614
1.14466
1.14315
1.14161
1.14003
1.13842
1.13677
1.13509
1.13338
1.12986
1.12806
1.12622
1.12435
1.12245
1.12053
1.11857
1.11658
1.11457
1.11046
1.10837
1.10625
1.1041
1.10194
1.09975
1.09753
1.0953
1.09304
1.08847
1.08616
1.08384
1.08149
1.07914
1.07677
1.07439
1.072
1.06961
1.06479
1.06238
1.05996
1.05754
1.05512
1.05271
1.05029
1.04788
1.04548
1.0407
1.03833
1.03596
1.03361
1.03128
1.02896
1.02666
1.02438
1.02212
1.01767
1.01548
1.01331
1.01117
1.00905
1.00696
1.00491
1.00287
1.00087
0.99696
0.995051
0.993173
0.991328
0.989516
0.987736
0.98599
0.984279
0.982601
0.979349
0.977775
0.976236
0.974732
0.973264
0.971832
0.970436
0.969076
0.967752
0.965215
0.964002
0.962827
0.96169
0.960591
0.959532
0.958511
0.95753
0.956589
0.954828
0.95401
0.953235
0.952503
0.951814
0.95117
0.950572
0.950021
0.949516
0.948652
0.948293
0.947986
0.94773
0.947527
0.947376
0.94728
0.947238
0.947251
0.947449
0.947634
0.947878
0.94818
0.948543
0.948965
0.949447
0.949991
0.950595
0.951986
0.952772
0.95362
0.954529
0.955498
0.956527
0.957615
0.958763
0.959968
0.96255
0.963924
0.965353
0.966835
0.968369
0.969954
0.971588
0.97327
0.974999
0.978587
0.980444
0.98234
0.984274
0.986245
0.988249
0.990285
0.992351
0.994445
0.998709
1.00087
1.00306
1.00526
1.00748
1.00971
1.01196
1.01421
1.01647
1.021
1.02327
1.02554
1.0278
1.03006
1.03231
1.03456
1.03679
1.03901
1.0434
1.04557
1.04772
1.04985
1.05196
1.05404
1.05609
1.05812
1.06012
1.06402
1.06592
1.06779
1.06962
1.07141
1.07317
1.07489
1.07656
1.0782
1.08135
1.08286
1.08433
1.08575
1.08713
1.08846
1.08975
1.09099
1.09219
1.09444
1.0955
1.09652
1.09749
1.09841
1.09929
1.10012
1.10091
1.10166
1.10302
1.10364
1.10421
1.10475
1.10524
1.10569
1.10611
1.10648
1.10682
1.10739
1.10762
1.10782
1.10798
1.10811
1.10821
1.10828
1.10831
1.10832
1.10824
1.10817
1.10806
1.10793
1.10778
1.1076
1.10739
1.10716
1.10691
1.10635
1.10603
1.1057
1.10534
1.10497
1.10458
1.10417
1.10374
1.10329
1.10235
1.10186
1.10135
1.10083
1.1003
1.09975
1.09919
1.09862
1.09803
1.09684
1.09623
1.09561
1.09498
1.09434
1.0937
1.09306
1.09241
1.09175
1.09043
1.08976
1.08909
1.08842
1.08775
1.08708
1.0864
1.08573
1.08506
1.08371
1.08304
1.08236
1.08169
1.08102
1.08034
1.07967
1.07899
1.07831
1.07694
1.07625
1.07556
1.07486
1.07416
1.07344
1.07273
1.072
1.07127
1.06977
1.069
1.06823
1.06744
1.06664
1.06583
1.06501
1.06417
1.06333
1.0616
1.06072
1.05983
1.05893
1.05803
1.05712
1.05621
1.0553
1.05439
1.05259
1.0517
1.05083
1.04998
1.04915
1.04836
1.04759
1.04686
1.04618
1.04496
1.04443
1.04397
1.04358
1.04326
1.04302
1.04287
1.04281
1.04284
1.04319
1.04353
1.04396
1.0445
1.04515
1.04591
1.04678
1.04775
1.04882
1.05127
1.05264
1.05409
1.05563
1.05725
1.05894
1.0607
1.06252
1.06439
1.06826
1.07024
1.07224
1.07426
1.07629
1.07831
1.08033
1.08234
1.08433
1.08821
1.0901
1.09195
1.09376
1.09551
1.09721
1.09885
1.10043
1.10195
1.10478
1.1061
1.10735
1.10852
1.10963
1.11067
1.11163
1.11252
1.11335
1.11478
1.1154
1.11595
1.11644
1.11686
1.11721
1.11751
1.11774
1.11791
1.11809
1.11809
1.11804
1.11794
1.11779
1.11758
1.11733
1.11703
1.11669
1.11586
1.11538
1.11486
1.1143
1.1137
1.11306
1.11238
1.11166
1.1109
1.10927
1.10841
1.1075
1.10657
1.10559
1.10459
1.10355
1.10248
1.10137
1.09907
1.09787
1.09664
1.09538
1.09409
1.09278
1.09143
1.09006
1.08866
1.08578
1.08431
1.08281
1.08129
1.07975
1.07819
1.07661
1.07501
1.07339
1.07012
1.06846
1.06679
1.06511
1.06343
1.06174
1.06004
1.05835
1.05665
1.05326
1.05157
1.04989
1.04822
1.04656
1.04491
1.04327
1.04166
1.04006
1.03693
1.0354
1.0339
1.03242
1.03098
1.02957
1.02819
1.02685
1.02555
1.02307
1.02189
1.02075
1.01966
1.01862
1.01763
1.01669
1.01579
1.01496
1.01344
1.01276
1.01214
1.01157
1.01106
1.01061
1.01022
1.00989
1.00961
1.00923
1.00913
1.00909
1.0091
1.00917
1.0093
1.00948
1.00972
1.01001
1.01076
1.01121
1.01171
1.01226
1.01286
1.0135
1.01419
1.01491
1.01568
1.01734
1.01822
1.01913
1.02008
1.02105
1.02205
1.02307
1.02412
1.02518
1.02736
1.02847
1.0296
1.03073
1.03187
1.03301
1.03415
1.0353
1.03645
1.03873
1.03986
1.04099
1.0421
1.04321
1.04431
1.0454
1.04648
1.04754
1.04964
1.05068
1.0517
1.05271
1.05372
1.05471
1.0557
1.05669
1.05767
1.05963
1.0606
1.06159
1.06257
1.06357
1.06457
1.06558
1.06661
1.06765
1.06978
1.07088
1.07199
1.07313
1.07428
1.07546
1.07666
1.07789
1.07914
1.0817
1.08301
1.08433
1.08568
1.08704
1.08842
1.0898
1.0912
1.0926
1.09542
1.09683
1.09823
1.09963
1.10102
1.1024
1.10377
1.10512
1.10645
1.10904
1.11031
1.11155
1.11276
1.11395
1.11511
1.11624
1.11734
1.11841
1.12047
1.12146
1.12242
1.12336
1.12427
1.12516
1.12603
1.12688
1.12771
1.12933
1.13012
1.1309
1.13167
1.13244
1.1332
1.13396
1.13472
1.13548
1.13701
1.13778
1.13856
1.13935
1.14015
1.14096
1.14179
1.14262
1.14347
1.1452
1.14609
1.14698
1.14789
1.14881
1.14974
1.15068
1.15163
1.15259
1.15451
1.15548
1.15645
1.15741
1.15838
1.15934
1.16029
1.16124
1.16218
1.16401
1.1649
1.16578
1.16663
1.16746
1.16827
1.16905
1.1698
1.17052
1.17186
1.17248
1.17306
1.17359
1.17409
1.17454
1.17495
1.17532
1.17563
1.17612
1.1763
1.17642
1.17649
1.17651
1.17647
1.17638
1.17624
1.17605
1.1755
1.17515
1.17474
1.17428
1.17376
1.17319
1.17257
1.1719
1.17118
1.16958
1.16871
1.16779
1.16682
1.16581
1.16475
1.16365
1.1625
1.16131
1.15881
1.15751
1.15617
1.15479
1.15337
1.15192
1.15044
1.14893
1.14739
1.14422
1.1426
1.14096
1.13929
1.1376
1.13589
1.13417
1.13243
1.13068
1.12716
1.12538
1.12361
1.12183
1.12006
1.1183
1.11655
1.11481
1.11309
1.10972
1.10809
1.10648
1.10492
1.1034
1.10194
1.10053
1.09918
1.0979
1.09555
1.0945
1.09353
1.09265
1.09187
1.09118
1.0906
1.09012
1.08976
1.08936
1.08933
1.08941
1.08962
1.08994
1.09037
1.09092
1.09158
1.09235
1.0942
1.09529
1.09646
1.09773
1.09908
1.10051
1.10202
1.1036
1.10523
1.10868
1.11047
1.11229
1.11415
1.11604
1.11794
1.11986
1.12178
1.1237
1.12754
1.12943
1.13131
1.13317
1.135
1.13679
1.13856
1.14028
1.14197
1.14521
1.14676
1.14827
1.14972
1.15112
1.15247
1.15376
1.155
1.15619
1.1584
1.15942
1.16038
1.16129
1.16214
1.16294
1.16369
1.16438
1.16501
1.16612
1.16659
1.16701
1.16738
1.1677
1.16796
1.16817
1.16833
1.16844
1.16849
1.16844
1.16833
1.16817
1.16796
1.1677
1.16737
1.167
1.16656
1.16552
1.16491
1.16424
1.16351
1.16271
1.16185
1.16093
1.15994
1.15888
1.15656
1.15529
1.15395
1.15254
1.15105
1.14949
1.14786
1.14615
1.14437
1.14057
1.13857
1.13648
1.13433
1.1321
1.12981
1.12744
1.12501
1.12252
1.11736
1.11471
1.112
1.10925
1.10647
1.10365
1.10081
1.09795
1.09508
1.08935
1.0865
1.08367
1.08088
1.07813
1.07542
1.07278
1.07021
1.06772
1.06302
1.06083
1.05876
1.0568
1.05498
1.0533
1.05176
1.05037
1.04913
1.04711
1.04634
1.04572
1.04526
1.04494
1.04478
1.04475
1.04487
1.04511
1.04596
1.04655
1.04724
1.04801
1.04886
1.04978
1.05075
1.05177
1.05283
1.05501
1.05611
1.05721
1.05829
1.05935
1.06038
1.06138
1.06232
1.06322
1.06485
1.06556
1.06621
1.06679
1.06729
1.06772
1.06807
1.06834
1.06854
1.06871
1.06868
1.06859
1.06842
1.0682
1.06791
1.06757
1.06717
1.06673
1.06572
1.06516
1.06458
1.06397
1.06334
1.0627
1.06205
1.06141
1.06076
1.05949
1.05887
1.05828
1.0577
1.05715
1.05663
1.05614
1.05568
1.05526
1.05451
1.05419
1.05391
1.05366
1.05345
1.05327
1.05313
1.05302
1.05294
1.05288
1.05288
1.05291
1.05296
1.05303
1.05312
1.05323
1.05335
1.05348
1.05376
1.05391
1.05407
1.05423
1.05439
1.05455
1.0547
1.05486
1.05501
1.05529
1.05543
1.05555
1.05567
1.05578
1.05589
1.05598
1.05607
1.05614
1.05627
1.05633
1.05637
1.05641
1.05644
1.05647
1.05648
1.0565
1.05651
1.05652
1.05652
1.05651
1.05651
1.05651
1.05651
1.05651
1.05651
1.05652
1.05655
1.05657
1.0566
1.05664
1.05669
1.05674
1.05681
1.05688
1.05697
1.05718
1.0573
1.05743
1.05758
1.05773
1.0579
1.05808
1.05827
1.05847
1.05889
1.05912
1.05935
1.05958
1.05982
1.06007
1.06031
1.06056
1.06081
1.06129
1.06153
1.06176
1.06198
1.0622
1.06241
1.0626
1.06279
1.06296
1.06326
1.06339
1.06351
1.0636
1.06368
1.06374
1.06378
1.0638
1.0638
1.06373
1.06367
1.06358
1.06347
1.06334
1.06318
1.063
1.0628
1.06257
1.06204
1.06174
1.06141
1.06106
1.06068
1.06028
1.05985
1.05939
1.05891
1.05786
1.05729
1.05669
1.05607
1.05542
1.05474
1.05403
1.05329
1.05252
1.05089
1.05004
1.04915
1.04824
1.04729
1.04632
1.04532
1.04429
1.04323
1.04103
1.0399
1.03874
1.03755
1.03634
1.03511
1.03386
1.03259
1.0313
1.02867
1.02734
1.026
1.02464
1.02328
1.02192
1.02055
1.01919
1.01782
1.01512
1.01378
1.01246
1.01116
1.00987
1.00862
1.00738
1.00619
1.00502
1.00281
1.00177
1.00078
0.999842
0.998959
0.998135
0.997372
0.996675
0.996045
0.994999
0.994589
0.994256
0.994003
0.993831
0.993742
0.993736
0.993816
0.99398
0.994563
0.994981
0.995482
0.996065
0.996728
0.99747
0.998288
0.999179
1.00014
1.00226
1.00342
1.00463
1.0059
1.00721
1.00857
1.00997
1.01141
1.01287
1.01589
1.01743
1.01898
1.02054
1.0221
1.02367
1.02523
1.02679
1.02834
1.03139
1.03288
1.03435
1.0358
1.03721
1.0386
1.03995
1.04126
1.04254
1.04497
1.04613
1.04724
1.0483
1.04933
1.05031
1.05124
1.05213
1.05298
1.05453
1.05525
1.05592
1.05655
1.05714
1.0577
1.05821
1.05869
1.05914
1.05993
1.06028
1.06061
1.06091
1.06118
1.06144
1.06167
1.06189
1.0621
1.06247
1.06264
1.06281
1.06297
1.06313
1.0633
1.06346
1.06363
1.06381
1.0642
1.06441
1.06464
1.06488
1.06515
1.06543
1.06573
1.06605
1.06639
1.06715
1.06757
1.06801
1.06848
1.06897
1.06948
1.07002
1.07058
1.07116
1.07238
1.07302
1.07368
1.07435
1.07504
1.07573
1.07644
1.07715
1.07787
1.0793
1.08002
1.08073
1.08143
1.08212
1.0828
1.08346
1.08411
1.08473
1.08592
1.08647
1.08699
1.08748
1.08794
1.08837
1.08875
1.0891
1.08941
1.0899
1.09008
1.09022
1.0903
1.09035
1.09034
1.09029
1.09018
1.09003
1.08958
1.08928
1.08893
1.08853
1.08808
1.08758
1.08703
1.08644
1.08579
1.08436
1.08358
1.08275
1.08187
1.08095
1.07999
1.07899
1.07794
1.07686
1.07458
1.07339
1.07216
1.0709
1.0696
1.06828
1.06693
1.06555
1.06415
1.06127
1.0598
1.05831
1.0568
1.05528
1.05375
1.0522
1.05064
1.04908
1.04593
1.04435
1.04277
1.04119
1.03962
1.03804
1.03648
1.03492
1.03337
1.0303
1.02879
1.02729
1.0258
1.02434
1.02289
1.02146
1.02005
1.01867
1.01596
1.01465
1.01335
1.01209
1.01085
1.00964
1.00846
1.0073
1.00617
1.00401
1.00298
1.00197
1.001
1.00006
0.999154
0.998282
0.997444
0.99664
0.995141
0.994446
0.993789
0.993172
0.992594
0.992056
0.991561
0.991107
0.990697
0.990015
0.989745
0.989524
0.989353
0.989233
0.989166
0.989153
0.989195
0.989293
0.989665
0.98994
0.990277
0.990676
0.991139
0.991666
0.992258
0.992916
0.993642
0.995295
0.996224
0.997221
0.998286
0.999419
1.00062
1.00189
1.00323
1.00463
1.00763
1.00922
1.01088
1.01259
1.01436
1.01619
1.01807
1.02001
1.02199
1.02609
1.02821
1.03037
1.03256
1.03479
1.03705
1.03934
1.04166
1.04399
1.04872
1.05111
1.05351
1.05591
1.05832
1.06074
1.06315
1.06556
1.06797
1.07275
1.07512
1.07748
1.07982
1.08214
1.08444
1.08671
1.08896
1.09118
1.09553
1.09766
1.09975
1.10181
1.10383
1.10582
1.10776
1.10966
1.11153
1.11513
1.11686
1.11855
1.1202
1.1218
1.12335
1.12486
1.12632
1.12774
1.13043
1.13171
1.13294
1.13412
1.13526
1.13635
1.1374
1.1384
1.13935
1.14113
1.14196
1.14274
1.14348
1.14417
1.14483
1.14545
1.14603
1.14657
1.14754
1.14797
1.14837
1.14874
1.14907
1.14937
1.14965
1.1499
1.15011
1.15048
1.15062
1.15075
1.15085
1.15094
1.151
1.15105
1.15109
1.15111
1.15111
1.1511
1.15107
1.15104
1.151
1.15095
1.1509
1.15084
1.15078
1.15065
1.15059
1.15052
1.15045
1.15039
1.15033
1.15026
1.15021
1.15015
1.15005
1.15001
1.14996
1.14993
1.1499
1.14987
1.14985
1.14984
1.14982
1.14982
1.14982
1.14983
1.14984
1.14986
1.14988
1.14991
1.14994
1.14997
1.15005
1.15009
1.15014
1.15019
1.15025
1.1503
1.15036
1.15042
1.15049
1.15062
1.15068
1.15075
1.15082
1.15089
1.15096
1.15102
1.15109
1.15116
1.15129
1.15135
1.15141
1.15147
1.15152
1.15157
1.15162
1.15166
1.1517
1.15177
1.15179
1.1518
1.15181
1.15182
1.15181
1.1518
1.15178
1.15175
1.15166
1.1516
1.15153
1.15144
1.15135
1.15124
1.15111
1.15098
1.15082
1.15047
1.15027
1.15005
1.14982
1.14956
1.14929
1.149
1.14868
1.14835
1.14762
1.14722
1.1468
1.14636
1.14589
1.1454
1.14488
1.14434
1.14377
1.14257
1.14192
1.14125
1.14056
1.13984
1.13909
1.13832
1.13752
1.1367
1.13497
1.13407
1.13314
1.13219
1.13122
1.13022
1.1292
1.12816
1.12709
1.1249
1.12377
1.12262
1.12146
1.12027
1.11908
1.11786
1.11663
1.11539
1.11287
1.1116
1.11032
1.10903
1.10774
1.10644
1.10514
1.10384
1.10254
1.09995
1.09866
1.09738
1.09611
1.09485
1.0936
1.09236
1.09114
1.08994
1.0876
1.08646
1.08535
1.08426
1.0832
1.08217
1.08117
1.08021
1.07928
1.07753
1.07671
1.07593
1.0752
1.07451
1.07386
1.07326
1.0727
1.07219
1.07132
1.07096
1.07065
1.07038
1.07017
1.07001
1.06989
1.06983
1.06982
1.06995
1.0701
1.07029
1.07052
1.07081
1.07114
1.07152
1.07195
1.07242
1.07348
1.07407
1.07471
1.07538
1.07609
1.07683
1.0776
1.07841
1.07924
1.08099
1.08191
1.08284
1.0838
1.08477
1.08576
1.08677
1.08778
1.08881
1.09089
1.09194
1.09299
1.09405
1.0951
1.09615
1.09719
1.09823
1.09925
1.10128
1.10227
1.10324
1.1042
1.10514
1.10605
1.10694
1.10781
1.10865
1.11025
1.111
1.11172
1.11241
1.11306
1.11368
1.11426
1.11479
1.11529
1.11616
1.11654
1.11686
1.11715
1.11738
1.11757
1.11771
1.11781
1.11786
1.1178
1.1177
1.11756
1.11736
1.11711
1.11682
1.11647
1.11608
1.11564
1.11462
1.11404
1.11342
1.11275
1.11204
1.11129
1.1105
1.10968
1.10881
1.10699
1.10603
1.10504
1.10403
1.10299
1.10193
1.10086
1.09976
1.09866
1.09642
1.09529
1.09416
1.09303
1.0919
1.09078
1.08967
1.08858
1.0875
1.0854
1.08439
1.0834
1.08245
1.08153
1.08065
1.0798
1.079
1.07824
1.07687
1.07626
1.0757
1.07519
1.07474
1.07435
1.07402
1.07375
1.07354
1.07331
1.07329
1.07334
1.07345
1.07362
1.07386
1.07417
1.07454
1.07497
1.07603
1.07666
1.07734
1.07808
1.07888
1.07974
1.08065
1.08162
1.08263
1.08481
1.08597
1.08717
1.08841
1.08969
1.09101
1.09236
1.09374
1.09515
1.09804
1.09952
1.10101
1.10252
1.10404
1.10556
1.1071
1.10864
1.11017
1.11324
1.11477
1.11628
1.11778
1.11927
1.12075
1.1222
1.12363
1.12504
1.12778
1.12911
1.13041
1.13168
1.13292
1.13412
1.13528
1.13641
1.1375
1.13957
1.14054
1.14148
1.14237
1.14321
1.14402
1.14479
1.14551
1.14619
1.14742
1.14797
1.14848
1.14894
1.14937
1.14976
1.1501
1.1504
1.15066
1.15107
1.15121
1.15132
1.15138
1.15141
1.1514
1.15136
1.15128
1.15116
1.15082
1.15059
1.15034
1.15004
1.14972
1.14935
1.14896
1.14853
1.14806
1.14704
1.14647
1.14588
1.14525
1.14458
1.14389
1.14316
1.1424
1.1416
1.13992
1.13903
1.13811
1.13715
1.13617
1.13515
1.13411
1.13303
1.13192
1.12962
1.12843
1.12721
1.12596
1.12469
1.12339
1.12207
1.12072
1.11936
1.11658
1.11516
1.11372
1.11227
1.11081
1.10933
1.10785
1.10635
1.10485
1.10184
1.10032
1.09881
1.0973
1.09579
1.09429
1.09279
1.0913
1.08982
1.08687
1.08542
1.08398
1.08255
1.08113
1.07973
1.07835
1.07697
1.07562
1.07295
1.07164
1.07035
1.06907
1.0678
1.06655
1.06531
1.06409
1.06288
1.06048
1.0593
1.05812
1.05695
1.05579
1.05463
1.05348
1.05233
1.05118
1.04888
1.04773
1.04657
1.04542
1.04426
1.0431
1.04193
1.04075
1.03957
1.03718
1.03598
1.03477
1.03355
1.03232
1.03109
1.02984
1.02859
1.02734
1.02481
1.02354
1.02226
1.02099
1.01971
1.01843
1.01715
1.01588
1.01461
1.0121
1.01086
1.00963
1.00841
1.00721
1.00604
1.00488
1.00374
1.00264
1.0005
0.999486
0.998502
0.997556
0.996648
0.995782
0.99496
0.994184
0.993456
0.992152
0.991579
0.991062
0.990601
0.990199
0.989856
0.989574
0.989355
0.989199
0.98908
0.989119
0.989225
0.989398
0.98964
0.989951
0.990329
0.990776
0.991292
0.99253
0.993253
0.994044
0.994904
0.995831
0.996826
0.997888
0.999017
1.00021
1.0028
1.00419
1.00564
1.00716
1.00873
1.01037
1.01207
1.01383
1.01565
1.01946
1.02145
1.02349
1.02558
1.02773
1.02992
1.03217
1.03446
1.0368
1.04162
1.04409
1.0466
1.04915
1.05173
1.05435
1.057
1.05968
1.06239
1.06788
1.07066
1.07346
1.07628
1.07911
1.08195
1.08481
1.08767
1.09053
1.09626
1.09913
1.10198
1.10483
1.10766
1.11048
1.11328
1.11606
1.11881
1.12424
1.12691
1.12954
1.13213
1.13468
1.13719
1.13965
1.14206
1.14441
1.14896
1.15114
1.15326
1.15532
1.1573
1.15921
1.16105
1.16281
1.1645
1.16762
1.16906
1.17041
1.17167
1.17284
1.17392
1.17491
1.1758
1.1766
1.17791
1.17842
1.17883
1.17914
1.17936
1.17948
1.1795
1.17943
1.17926
1.17865
1.17821
1.17767
1.17706
1.17635
1.17557
1.17471
1.17377
1.17275
1.17053
1.16932
1.16806
1.16674
1.16537
1.16396
1.16251
1.16103
1.15951
1.15641
1.15483
1.15325
1.15165
1.15006
1.14847
1.14689
1.14533
1.14378
1.14076
1.1393
1.13787
1.13649
1.13514
1.13385
1.1326
1.13141
1.13027
1.12817
1.12722
1.12633
1.1255
1.12475
1.12406
1.12344
1.12289
1.1224
1.12165
1.12137
1.12116
1.12102
1.12095
1.12094
1.12099
1.1211
1.12127
1.12178
1.12211
1.12249
1.12292
1.1234
1.12391
1.12446
1.12505
1.12567
1.12699
1.12768
1.1284
1.12913
1.12987
1.13062
1.13138
1.13214
1.1329
1.13441
1.13515
1.13588
1.13659
1.13728
1.13795
1.13859
1.13921
1.1398
1.14088
1.14136
1.1418
1.1422
1.14256
1.14287
1.14313
1.14334
1.1435
1.14365
1.14364
1.14357
1.14345
1.14326
1.14301
1.1427
1.14233
1.14189
1.14081
1.14017
1.13946
1.13869
1.13785
1.13694
1.13597
1.13492
1.13381
1.13139
1.13009
1.12871
1.12727
1.12577
1.12421
1.12258
1.12089
1.11915
1.11549
1.11357
1.11161
1.10959
1.10753
1.10542
1.10326
1.10106
1.09882
1.09423
1.09188
1.08951
1.0871
1.08468
1.08222
1.07975
1.07726
1.07476
1.06973
1.0672
1.06466
1.06213
1.0596
1.05707
1.05455
1.05204
1.04954
1.04458
1.04213
1.0397
1.0373
1.03492
1.03256
1.03023
1.02794
1.02567
1.02124
1.01907
1.01695
1.01486
1.01281
1.01079
1.00882
1.00688
1.00499
1.00132
0.999553
0.997825
0.996139
0.994496
0.992895
0.991337
0.989823
0.988352
0.98554
0.9842
0.982903
0.98165
0.980441
0.979277
0.978159
0.977085
0.976058
0.974141
0.973253
0.972412
0.971619
0.970875
0.970179
0.969533
0.968937
0.968392
0.967456
0.967067
0.966731
0.966448
0.96622
0.966046
0.965927
0.965863
0.965854
0.966003
0.966162
0.966376
0.966645
0.96697
0.967349
0.967783
0.968271
0.968813
0.970055
0.970753
0.971502
0.972299
0.973146
0.974039
0.974979
0.975963
0.976991
0.979171
0.98032
0.981507
0.982729
0.983986
0.985275
0.986595
0.987943
0.98932
0.992148
0.993597
0.995067
0.996555
0.998061
0.999582
1.00112
1.00266
1.00422
1.00736
1.00894
1.01052
1.01211
1.0137
1.01529
1.01687
1.01846
1.02004
1.02317
1.02473
1.02628
1.02781
1.02934
1.03084
1.03234
1.03381
1.03527
1.03814
1.03954
1.04092
1.04228
1.04362
1.04493
1.04622
1.04748
1.04871
1.0511
1.05225
1.05338
1.05447
1.05553
1.05657
1.05757
1.05854
1.05947
1.06124
1.06208
1.06288
1.06365
1.06438
1.06507
1.06573
1.06635
1.06693
1.06798
1.06845
1.06888
1.06927
1.06962
1.06993
1.0702
1.07042
1.0706
1.07084
1.07089
1.0709
1.07086
1.07078
1.07065
1.07047
1.07025
1.06997
1.06928
1.06886
1.06839
1.06787
1.0673
1.06668
1.06601
1.06528
1.06451
1.0628
1.06186
1.06088
1.05984
1.05875
1.05761
1.05641
1.05517
1.05387
1.05113
1.04969
1.04819
1.04665
1.04507
1.04344
1.04176
1.04005
1.03829
1.03466
1.03279
1.03088
1.02894
1.02698
1.02498
1.02297
1.02092
1.01886
1.0147
1.0126
1.01049
1.00837
1.00626
1.00414
1.00204
0.999939
0.997853
0.993734
0.991708
0.989709
0.987741
0.985808
0.983913
0.982059
0.980251
0.978492
0.975133
0.97354
0.972009
0.970543
0.969145
0.967817
0.966563
0.965385
0.964286
0.962331
0.961479
0.960714
0.960038
0.959451
0.958955
0.95855
0.958239
0.958021
0.957869
0.957935
0.958096
0.958353
0.958704
0.959151
0.95969
0.960322
0.961047
0.962767
0.963761
0.964844
0.966013
0.967266
0.968603
0.97002
0.971518
0.973093
0.976468
0.978263
0.980128
0.98206
0.984056
0.986114
0.988232
0.990407
0.992637
0.997253
0.999632
1.00206
1.00452
1.00703
1.00957
1.01214
1.01475
1.01738
1.02272
1.02542
1.02813
1.03086
1.03361
1.03635
1.03911
1.04187
1.04462
1.05012
1.05286
1.05559
1.0583
1.061
1.06368
1.06634
1.06897
1.07158
1.07671
1.07922
1.0817
1.08414
1.08653
1.08889
1.0912
1.09346
1.09567
1.09995
1.102
1.104
1.10594
1.10782
1.10964
1.1114
1.11309
1.11471
1.11776
1.11918
1.12053
1.12181
1.12301
1.12415
1.1252
1.12619
1.12709
1.12868
1.12936
1.12997
1.1305
1.13095
1.13133
1.13164
1.13187
1.13202
1.13212
1.13206
1.13194
1.13174
1.13149
1.13117
1.13078
1.13034
1.12984
1.12867
1.12801
1.1273
1.12655
1.12576
1.12493
1.12406
1.12316
1.12223
1.12029
1.11929
1.11827
1.11724
1.11621
1.11516
1.11411
1.11306
1.11201
1.10993
1.1089
1.10789
1.10689
1.10591
1.10495
1.10401
1.1031
1.10221
1.10051
1.0997
1.09892
1.09817
1.09746
1.09677
1.09612
1.09551
1.09492
1.09386
1.09338
1.09293
1.09251
1.09213
1.09179
1.09147
1.09119
1.09095
1.09056
1.09041
1.0903
1.09022
1.09017
1.09015
1.09016
1.09021
1.09029
1.09054
1.09071
1.09091
1.09114
1.0914
1.09169
1.09201
1.09236
1.09274
1.09357
1.09403
1.09451
1.09502
1.09554
1.09609
1.09666
1.09725
1.09786
1.09911
1.09976
1.10041
1.10107
1.10174
1.10241
1.10308
1.10375
1.10441
1.10572
1.10635
1.10697
1.10757
1.10816
1.10871
1.10925
1.10975
1.11022
1.11106
1.11142
1.11174
1.11201
1.11225
1.11243
1.11257
1.11266
1.1127
1.11262
1.1125
1.11233
1.11211
1.11183
1.1115
1.11113
1.1107
1.11023
1.10915
1.10854
1.1079
1.10723
1.10652
1.10578
1.10502
1.10424
1.10343
1.10179
1.10095
1.10011
1.09927
1.09843
1.0976
1.09678
1.09597
1.09518
1.09365
1.09292
1.09222
1.09155
1.0909
1.09028
1.08969
1.08913
1.08861
1.08765
1.08722
1.08681
1.08644
1.0861
1.08578
1.08549
1.08522
1.08498
1.08455
1.08437
1.08421
1.08407
1.08394
1.08383
1.08373
1.08365
1.08357
1.08346
1.08342
1.08339
1.08336
1.08334
1.08333
1.08333
1.08333
1.08334
1.08338
1.0834
1.08343
1.08346
1.0835
1.08354
1.08359
1.08363
1.08368
1.08379
1.08384
1.0839
1.08395
1.084
1.08405
1.0841
1.08415
1.08419
1.08425
1.08427
1.08428
1.08429
1.08428
1.08426
1.08422
1.08417
1.08411
1.08393
1.08381
1.08367
1.0835
1.08331
1.0831
1.08286
1.0826
1.08231
1.08164
1.08127
1.08086
1.08042
1.07995
1.07945
1.07891
1.07834
1.07774
1.07644
1.07574
1.07501
1.07424
1.07345
1.07262
1.07176
1.07086
1.06994
1.06801
1.067
1.06597
1.06491
1.06382
1.06271
1.06158
1.06043
1.05925
1.05684
1.05561
1.05436
1.05309
1.05181
1.05052
1.04921
1.04789
1.04657
1.04389
1.04254
1.04119
1.03983
1.03847
1.0371
1.03574
1.03437
1.033
1.03028
1.02892
1.02757
1.02622
1.02488
1.02354
1.02222
1.0209
1.01959
1.01701
1.01573
1.01447
1.01322
1.01199
1.01077
1.00957
1.00838
1.00721
1.00493
1.00382
1.00273
1.00166
1.00061
0.999593
0.998595
0.997623
0.996676
0.994866
0.994003
0.993168
0.992364
0.991591
0.990849
0.990139
0.989462
0.988818
0.987631
0.987089
0.986582
0.986111
0.985677
0.985278
0.984915
0.984589
0.984301
0.983836
0.98366
0.983521
0.98342
0.983357
0.983331
0.983343
0.983392
0.983478
0.983762
0.98396
0.984194
0.984467
0.984777
0.985124
0.985508
0.985929
0.986386
0.987411
0.987978
0.988583
0.989223
0.989899
0.990612
0.99136
0.992145
0.992964
0.99471
0.995636
0.996597
0.997591
0.99862
0.999683
1.00078
1.00191
1.00307
1.00548
1.00674
1.00802
1.00933
1.01066
1.01202
1.01341
1.01482
1.01625
1.01918
1.02067
1.02218
1.0237
1.02524
1.02679
1.02834
1.02991
1.03148
1.03463
1.03621
1.03778
1.03935
1.04091
1.04247
1.04401
1.04555
1.04706
1.05004
1.0515
1.05294
1.05435
1.05573
1.05708
1.0584
1.05968
1.06093
1.06331
1.06443
1.06551
1.06654
1.06752
1.06845
1.06933
1.07015
1.07092
1.07227
1.07286
1.07338
1.07384
1.07423
1.07455
1.07481
1.075
1.07511
1.07513
1.07503
1.07485
1.07461
1.07428
1.07389
1.07342
1.07288
1.07226
1.07081
1.06998
1.06907
1.0681
1.06706
1.06595
1.06478
1.06354
1.06225
1.05948
1.05802
1.0565
1.05494
1.05332
1.05167
1.04998
1.04825
1.04648
1.04287
1.04103
1.03917
1.03729
1.0354
1.0335
1.0316
1.0297
1.0278
1.02402
1.02214
1.02029
1.01845
1.01663
1.01483
1.01306
1.01132
1.00961
1.0063
1.00469
1.00313
1.0016
1.00012
0.998677
0.997277
0.99592
0.994608
0.992117
0.99094
0.989807
0.98872
0.987678
0.986681
0.985727
0.984817
0.983951
0.982346
0.981606
0.980908
0.980249
0.97963
0.97905
0.978508
0.978002
0.977534
0.976702
0.976338
0.976007
0.975709
0.975443
0.975208
0.975003
0.974829
0.974683
0.974477
0.974415
0.974379
0.974369
0.974385
0.974424
0.974488
0.974575
0.974685
0.974972
0.975147
0.975344
0.975561
0.975798
0.976053
0.976326
0.976616
0.976924
0.977589
0.977944
0.978313
0.978697
0.979094
0.979504
0.979925
0.980358
0.980802
0.98172
0.982192
0.982674
0.983163
0.98366
0.984163
0.984673
0.985189
0.98571
0.986769
0.987306
0.987848
0.988394
0.988944
0.9895
0.990059
0.990624
0.991195
0.992351
0.992938
0.993531
0.99413
0.994736
0.99535
0.995972
0.996602
0.997242
0.998553
0.999227
0.999912
1.00061
1.00133
1.00206
1.0028
1.00356
1.00435
1.00597
1.00681
1.00767
1.00856
1.00947
1.01041
1.01136
1.01235
1.01336
1.01545
1.01654
1.01765
1.01879
1.01996
1.02115
1.02237
1.02361
1.02488
1.02748
1.02881
1.03016
1.03153
1.03291
1.03432
1.03573
1.03715
1.03859
1.04147
1.04292
1.04436
1.04581
1.04724
1.04867
1.05009
1.0515
1.05289
1.05561
1.05693
1.05823
1.0595
1.06074
1.06194
1.06311
1.06424
1.06533
1.06737
1.06833
1.06924
1.0701
1.07091
1.07167
1.07238
1.07304
1.07364
1.0747
1.07514
1.07554
1.07588
1.07618
1.07642
1.07662
1.07676
1.07687
1.07694
1.07692
1.07685
1.07675
1.07662
1.07645
1.07625
1.07603
1.07578
1.07522
1.07491
1.07459
1.07426
1.07392
1.07358
1.07323
1.07288
1.07253
1.07186
1.07153
1.07122
1.07092
1.07064
1.07038
1.07014
1.06992
1.06972
1.06941
1.06929
1.0692
1.06915
1.06912
1.06913
1.06917
1.06924
1.06935
1.06966
1.06986
1.0701
1.07038
1.07068
1.07102
1.07139
1.07179
1.07221
1.07315
1.07367
1.0742
1.07477
1.07535
1.07596
1.07659
1.07723
1.0779
1.07928
1.08
1.08073
1.08147
1.08222
1.08298
1.08375
1.08452
1.0853
1.08688
1.08768
1.08847
1.08927
1.09007
1.09087
1.09166
1.09246
1.09325
1.09484
1.09562
1.09641
1.09719
1.09796
1.09874
1.09951
1.10027
1.10103
1.10255
1.1033
1.10404
1.10479
1.10553
1.10627
1.10701
1.10775
1.10849
1.10996
1.1107
1.11144
1.11217
1.11291
1.11366
1.1144
1.11515
1.11591
1.11743
1.1182
1.11897
1.11976
1.12055
1.12135
1.12216
1.12298
1.12381
1.1255
1.12636
1.12724
1.12814
1.12904
1.12997
1.13091
1.13186
1.13283
1.13483
1.13586
1.1369
1.13797
1.13905
1.14015
1.14127
1.14241
1.14356
1.14592
1.14712
1.14834
1.14957
1.15082
1.15208
1.15334
1.15462
1.1559
1.15847
1.15976
1.16104
1.16233
1.16361
1.16488
1.16613
1.16738
1.16861
1.17102
1.1722
1.17334
1.17447
1.17556
1.17662
1.17766
1.17865
1.17961
1.18142
1.18226
1.18306
1.18381
1.18452
1.18518
1.1858
1.18637
1.18689
1.18779
1.18816
1.18849
1.18876
1.18899
1.18917
1.18929
1.18937
1.1894
1.18933
1.18922
1.18907
1.18887
1.18863
1.18835
1.18803
1.18767
1.18728
1.18637
1.18587
1.18534
1.18477
1.18418
1.18355
1.18291
1.18223
1.18154
1.18008
1.17933
1.17855
1.17777
1.17697
1.17615
1.17533
1.17449
1.17365
1.17195
1.17109
1.17023
1.16937
1.1685
1.16764
1.16678
1.16592
1.16507
1.16338
1.16254
1.16171
1.16089
1.16009
1.15929
1.1585
1.15773
1.15696
1.15548
1.15476
1.15406
1.15337
1.1527
1.15204
1.1514
1.15078
1.15018
1.14902
1.14847
1.14793
1.14742
1.14692
1.14644
1.14598
1.14553
1.1451
1.14429
1.1439
1.14353
1.14317
1.14283
1.1425
1.14218
1.14187
1.14156
1.14099
1.14071
1.14044
1.14017
1.1399
1.13964
1.13938
1.13913
1.13887
1.13835
1.13809
1.13782
1.13755
1.13727
1.13699
1.13671
1.13641
1.13611
1.13549
1.13517
1.13484
1.13451
1.13416
1.13381
1.13346
1.1331
1.13273
1.13197
1.13159
1.1312
1.13081
1.13042
1.13002
1.12963
1.12923
1.12883
1.12803
1.12764
1.12725
1.12685
1.12647
1.12608
1.1257
1.12533
1.12496
1.12424
1.12388
1.12353
1.12319
1.12285
1.12251
1.12218
1.12186
1.12153
1.1209
1.12058
1.12027
1.11996
1.11965
1.11934
1.11903
1.11872
1.11841
1.11778
1.11747
1.11715
1.11683
1.11651
1.11618
1.11585
1.11552
1.11519
1.11452
1.11418
1.11384
1.1135
1.11316
1.11282
1.11249
1.11215
1.11182
1.11118
1.11086
1.11056
1.11026
1.10998
1.10971
1.10945
1.1092
1.10897
1.10857
1.1084
1.10825
1.10813
1.10803
1.10795
1.10791
1.10789
1.1079
1.10802
1.10813
1.10827
1.10844
1.10865
1.10889
1.10917
1.10948
1.10983
1.11063
1.11108
1.11156
1.11207
1.11262
1.11319
1.1138
1.11443
1.11508
1.11646
1.11718
1.11792
1.11867
1.11943
1.12021
1.121
1.12179
1.12259
1.12419
1.12499
1.12578
1.12657
1.12734
1.12811
1.12886
1.1296
1.13032
1.1317
1.13236
1.13299
1.1336
1.13418
1.13474
1.13526
1.13575
1.13621
1.13703
1.13739
1.13771
1.138
1.13825
1.13847
1.13864
1.13879
1.13889
1.13899
1.13898
1.13893
1.13885
1.13873
1.13858
1.13839
1.13816
1.1379
1.13727
1.1369
1.13651
1.13608
1.13562
1.13512
1.1346
1.13405
1.13346
1.13222
1.13155
1.13086
1.13015
1.12941
1.12865
1.12787
1.12707
1.12624
1.12454
1.12366
1.12277
1.12186
1.12093
1.12
1.11905
1.11808
1.11711
1.11514
1.11414
1.11313
1.11212
1.1111
1.11008
1.10905
1.10802
1.10699
1.10493
1.1039
1.10287
1.10185
1.10083
1.09981
1.0988
1.09779
1.09679
1.09482
1.09384
1.09287
1.09192
1.09097
1.09004
1.08911
1.0882
1.0873
1.08554
1.08468
1.08383
1.083
1.08219
1.08139
1.08061
1.07984
1.0791
1.07766
1.07698
1.07631
1.07567
1.07505
1.07445
1.07387
1.07333
1.07281
1.07185
1.07141
1.07101
1.07064
1.0703
1.06999
1.06972
1.06948
1.06928
1.069
1.06891
1.06886
1.06886
1.06889
1.06897
1.06908
1.06924
1.06944
1.06997
1.0703
1.07067
1.07108
1.07153
1.07203
1.07256
1.07314
1.07375
1.07509
1.07582
1.07659
1.07739
1.07822
1.07909
1.07999
1.08092
1.08189
1.0839
1.08495
1.08603
1.08714
1.08826
1.08942
1.09059
1.09179
1.09301
1.09551
1.09678
1.09807
1.09938
1.10071
1.10205
1.10341
1.10477
1.10615
1.10895
1.11036
1.11178
1.11321
1.11465
1.11609
1.11754
1.11899
1.12045
1.12337
1.12483
1.1263
1.12775
1.12921
1.13066
1.1321
1.13354
1.13497
1.13779
1.13919
1.14056
1.14193
1.14327
1.1446
1.1459
1.14719
1.14845
1.15089
1.15206
1.15321
1.15433
1.15541
1.15645
1.15746
1.15843
1.15936
1.16109
1.16189
1.16264
1.16334
1.164
1.1646
1.16515
1.16565
1.16609
1.16681
1.16708
1.16729
1.16745
1.16754
1.16757
1.16754
1.16744
1.16728
1.16678
1.16643
1.16601
1.16553
1.16498
1.16437
1.16369
1.16294
1.16213
1.16032
1.15931
1.15823
1.1571
1.1559
1.15463
1.15331
1.15192
1.15047
1.14738
1.14576
1.14407
1.14233
1.14053
1.13868
1.13677
1.13482
1.13282
1.12867
1.12654
1.12436
1.12214
1.11989
1.11761
1.11529
1.11295
1.11059
1.10579
1.10337
1.10093
1.09849
1.09604
1.09358
1.09113
1.08867
1.08623
1.08137
1.07896
1.07657
1.07421
1.07187
1.06956
1.06728
1.06504
1.06283
1.05854
1.05646
1.05442
1.05243
1.05049
1.0486
1.04676
1.04498
1.04324
1.03994
1.03837
1.03686
1.0354
1.03399
1.03264
1.03134
1.03009
1.02889
1.02665
1.0256
1.02459
1.02364
1.02272
1.02185
1.02102
1.02023
1.01947
1.01807
1.01742
1.0168
1.0162
1.01564
1.0151
1.01458
1.01409
1.01361
1.01273
1.01231
1.0119
1.01152
1.01114
1.01078
1.01043
1.01009
1.00976
1.00912
1.00882
1.00851
1.00822
1.00793
1.00764
1.00735
1.00707
1.00679
1.00624
1.00596
1.00568
1.00541
1.00513
1.00485
1.00457
1.00428
1.004
1.00342
1.00313
1.00283
1.00253
1.00222
1.00191
1.0016
1.00128
1.00096
1.0003
0.999958
0.999616
0.999268
0.998916
0.998558
0.998196
0.99783
0.997459
0.996706
0.996324
0.99594
0.995554
0.995165
0.994776
0.994385
0.993995
0.993604
0.992828
0.992444
0.992062
0.991684
0.991312
0.990945
0.990584
0.990231
0.989885
0.98922
0.988902
0.988596
0.988302
0.98802
0.987751
0.987496
0.987255
0.987029
0.986625
0.986447
0.986286
0.986142
0.986015
0.985905
0.985813
0.985739
0.985683
0.985623
0.985619
0.985633
0.985664
0.985711
0.985776
0.985858
0.985956
0.986069
0.986344
0.986505
0.986679
0.986868
0.987069
0.987283
0.98751
0.987748
0.987998
0.988527
0.988806
0.989094
0.98939
0.989693
0.990004
0.99032
0.990642
0.990969
0.991635
0.991972
0.992312
0.992653
0.992996
0.993339
0.993683
0.994027
0.994369
0.99505
0.995388
0.995722
0.996053
0.996381
0.996704
0.997022
0.997334
0.99764
0.998234
0.998521
0.998799
0.999069
0.99933
0.999583
0.999827
1.00006
1.00028
1.0007
1.00089
1.00106
1.00123
1.00139
1.00153
1.00166
1.00177
1.00187
1.00204
1.0021
1.00215
1.00219
1.00222
1.00224
1.00224
1.00223
1.00221
1.00214
1.0021
1.00204
1.00198
1.00191
1.00184
1.00177
1.00169
1.00161
1.00146
1.00138
1.00131
1.00125
1.0012
1.00115
1.00112
1.0011
1.0011
1.00113
1.00118
1.00125
1.00135
1.00146
1.00161
1.00178
1.00198
1.00221
1.00278
1.00311
1.00348
1.00388
1.00432
1.0048
1.00532
1.00588
1.00648
1.00781
1.00853
1.0093
1.0101
1.01095
1.01184
1.01277
1.01374
1.01475
1.01689
1.01802
1.01918
1.02038
1.02162
1.02289
1.0242
1.02554
1.02691
1.02974
1.0312
1.03268
1.0342
1.03573
1.03729
1.03888
1.04048
1.0421
1.04541
1.04708
1.04878
1.05048
1.0522
1.05394
1.05568
1.05744
1.0592
1.06276
1.06455
1.06635
1.06815
1.06996
1.07177
1.07358
1.0754
1.07721
1.08085
1.08267
1.08448
1.0863
1.08811
1.08992
1.09172
1.09352
1.09531
1.09888
1.10065
1.10241
1.10416
1.1059
1.10763
1.10935
1.11105
1.11274
1.11608
1.11772
1.11934
1.12094
1.12253
1.12409
1.12563
1.12715
1.12865
1.13157
1.13298
1.13437
1.13574
1.13707
1.13837
1.13964
1.14087
1.14207
1.14437
1.14546
1.14652
1.14753
1.14851
1.14945
1.15034
1.15119
1.152
1.15348
1.15415
1.15477
1.15535
1.15588
1.15636
1.15679
1.15717
1.1575
1.15799
1.15816
1.15827
1.15833
1.15833
1.15828
1.15817
1.158
1.15778
1.15716
1.15677
1.15631
1.1558
1.15523
1.15461
1.15392
1.15318
1.15238
1.15061
1.14964
1.14861
1.14753
1.14639
1.1452
1.14396
1.14267
1.14132
1.13848
1.13699
1.13545
1.13387
1.13224
1.13057
1.12886
1.12711
1.12532
1.12164
1.11976
1.11784
1.11589
1.11392
1.11193
1.10991
1.10788
1.10582
1.10168
1.09959
1.0975
1.09539
1.09329
1.09119
1.08909
1.08699
1.08491
1.08077
1.07872
1.07669
1.07468
1.07269
1.07073
1.06879
1.06689
1.06502
1.06138
1.05962
1.05791
1.05623
1.05461
1.05303
1.0515
1.05002
1.0486
1.04591
1.04465
1.04346
1.04232
1.04124
1.04023
1.03928
1.03839
1.03757
1.03613
1.03551
1.03495
1.03446
1.03404
1.03368
1.03339
1.03317
1.03302
1.0329
1.03294
1.03304
1.03321
1.03344
1.03373
1.03408
1.03449
1.03495
1.03605
1.03669
1.03737
1.03811
1.0389
1.03974
1.04062
1.04155
1.04252
1.04458
1.04567
1.0468
1.04797
1.04916
1.05039
1.05165
1.05293
1.05424
1.05693
1.05831
1.05971
1.06112
1.06255
1.064
1.06545
1.06692
1.06839
1.07136
1.07285
1.07434
1.07583
1.07731
1.0788
1.08028
1.08175
1.08321
1.08611
1.08753
1.08895
1.09035
1.09173
1.09309
1.09443
1.09576
1.09705
1.09957
1.10079
1.10199
1.10315
1.10428
1.10538
1.10645
1.10749
1.10849
1.11038
1.11126
1.11211
1.11292
1.11369
1.11442
1.11511
1.11575
1.11635
1.11742
1.11789
1.11831
1.11868
1.11901
1.11929
1.11953
1.11972
1.11986
1.12
1.11999
1.11995
1.11985
1.11971
1.11953
1.11929
1.11902
1.11869
1.11792
1.11747
1.11698
1.11644
1.11587
1.11526
1.11461
1.11393
1.11321
1.11167
1.11085
1.11
1.10913
1.10823
1.10731
1.10637
1.1054
1.10442
1.10241
1.10138
1.10035
1.0993
1.09825
1.0972
1.09614
1.09509
1.09403
1.09195
1.09092
1.0899
1.08889
1.0879
1.08693
1.08598
1.08505
1.08414
1.08239
1.08156
1.08076
1.07999
1.07925
1.07855
1.07787
1.07723
1.07663
1.07552
1.07502
1.07456
1.07413
1.07373
1.07337
1.07304
1.07275
1.07249
1.07205
1.07188
1.07173
1.07161
1.07151
1.07143
1.07138
1.07134
1.07132
1.07133
1.07136
1.07139
1.07144
1.0715
1.07156
1.07163
1.0717
1.07177
1.07191
1.07198
1.07205
1.07211
1.07216
1.07221
1.07226
1.07229
1.07231
1.07233
1.07232
1.07229
1.07226
1.07221
1.07215
1.07207
1.07198
1.07187
1.07161
1.07146
1.07129
1.0711
1.07089
1.07067
1.07044
1.07018
1.06991
1.06931
1.06899
1.06865
1.0683
1.06793
1.06754
1.06714
1.06672
1.06629
1.06539
1.06492
1.06444
1.06395
1.06345
1.06293
1.06241
1.06188
1.06134
1.06025
1.05969
1.05913
1.05857
1.05801
1.05745
1.05689
1.05633
1.05577
1.05468
1.05414
1.05361
1.05309
1.05258
1.05209
1.05161
1.05115
1.0507
1.04987
1.04948
1.04912
1.04877
1.04846
1.04816
1.0479
1.04766
1.04745
1.04713
1.04701
1.04693
1.04688
1.04686
1.04687
1.04692
1.047
1.04712
1.04745
1.04767
1.04792
1.0482
1.04851
1.04886
1.04924
1.04965
1.05008
1.05104
1.05157
1.05211
1.05268
1.05328
1.05389
1.05453
1.05519
1.05586
1.05726
1.05799
1.05872
1.05947
1.06024
1.06101
1.06179
1.06258
1.06337
1.06498
1.0658
1.06661
1.06743
1.06825
1.06908
1.0699
1.07073
1.07155
1.07321
1.07403
1.07486
1.07568
1.0765
1.07732
1.07814
1.07896
1.07978
1.08141
1.08222
1.08303
1.08384
1.08466
1.08547
1.08628
1.08709
1.0879
1.08952
1.09033
1.09114
1.09195
1.09276
1.09357
1.09439
1.0952
1.09601
1.09762
1.09843
1.09924
1.10004
1.10084
1.10164
1.10243
1.10322
1.104
1.10556
1.10633
1.10709
1.10784
1.10858
1.10931
1.11003
1.11074
1.11144
1.11279
1.11344
1.11408
1.1147
1.1153
1.11588
1.11644
1.11698
1.1175
1.11846
1.1189
1.11932
1.11972
1.12008
1.12042
1.12073
1.12101
1.12126
1.12168
1.12184
1.12197
1.12206
1.12213
1.12216
1.12217
1.12214
1.12208
1.12187
1.12172
1.12154
1.12133
1.12109
1.12082
1.12053
1.12021
1.11986
1.1191
1.11868
1.11824
1.11778
1.1173
1.11681
1.1163
1.11577
1.11523
1.11412
1.11355
1.11298
1.11239
1.1118
1.11121
1.11062
1.11002
1.10943
1.10825
1.10767
1.1071
1.10653
1.10597
1.10542
1.10488
1.10435
1.10383
1.10283
1.10235
1.10189
1.10144
1.10101
1.10059
1.10019
1.0998
1.09943
1.09872
1.09839
1.09808
1.09777
1.09748
1.0972
1.09693
1.09668
1.09643
1.09595
1.09573
1.0955
1.09529
1.09507
1.09486
1.09465
1.09444
1.09423
1.09379
1.09356
1.09332
1.09308
1.09283
1.09256
1.09228
1.09199
1.09168
1.09101
1.09064
1.09025
1.08984
1.0894
1.08894
1.08844
1.08792
1.08736
1.08616
1.0855
1.08481
1.08408
1.08331
1.0825
1.08165
1.08076
1.07982
1.07782
1.07676
1.07565
1.07449
1.07329
1.07204
1.07075
1.06941
1.06803
1.06514
1.06362
1.06207
1.06048
1.05884
1.05717
1.05547
1.05373
1.05196
1.04834
1.04649
1.04462
1.04273
1.04083
1.03891
1.03699
1.03507
1.03314
1.0293
1.0274
1.02551
1.02364
1.02179
1.01997
1.01819
1.01643
1.01472
1.01142
1.00985
1.00833
1.00686
1.00546
1.00412
1.00285
1.00165
1.00051
0.998473
0.997568
0.996742
0.995996
0.995331
0.994749
0.994248
0.993831
0.993496
0.993075
0.992987
0.99298
0.993052
0.993203
0.99343
0.993733
0.99411
0.994558
0.99566
0.996311
0.997024
0.997797
0.998628
0.999515
1.00045
1.00144
1.00248
1.00467
1.00583
1.00702
1.00824
1.0095
1.01077
1.01208
1.0134
1.01473
1.01744
1.01881
1.02018
1.02156
1.02293
1.02429
1.02565
1.027
1.02833
1.03094
1.03222
1.03347
1.03469
1.03589
1.03705
1.03818
1.03927
1.04032
1.0423
1.04322
1.04409
1.04492
1.04569
1.04641
1.04707
1.04768
1.04824
1.04917
1.04955
1.04986
1.05011
1.0503
1.05042
1.05048
1.05048
1.05041
1.05007
1.04981
1.04948
1.04908
1.04862
1.04809
1.0475
1.04685
1.04614
1.04453
1.04363
1.04268
1.04168
1.04062
1.0395
1.03834
1.03712
1.03586
1.03321
1.03182
1.0304
1.02893
1.02743
1.02591
1.02435
1.02277
1.02116
1.01789
1.01624
1.01457
1.01289
1.01121
1.00953
1.00785
1.00617
1.0045
1.0012
0.999566
0.997956
0.996368
0.994804
0.99327
0.991766
0.990295
0.988861
0.98611
0.984799
0.983533
0.982315
0.981147
0.980031
0.978968
0.97796
0.977008
0.97528
0.974506
0.973792
0.973139
0.972549
0.972022
0.971557
0.971156
0.970818
0.970329
0.970178
0.970089
0.97006
0.970091
0.970181
0.970329
0.970533
0.970792
0.97147
0.971886
0.97235
0.972861
0.973418
0.974018
0.974659
0.975339
0.976057
0.977596
0.978414
0.979261
0.980135
0.981035
0.981958
0.982902
0.983867
0.984849
0.98686
0.987886
0.988924
0.989972
0.991029
0.992094
0.993166
0.994244
0.995326
0.997504
0.998597
0.999694
1.00079
1.00189
1.003
1.0041
1.00521
1.00632
1.00855
1.00967
1.0108
1.01193
1.01307
1.01421
1.01536
1.01652
1.01768
1.02004
1.02123
1.02244
1.02366
1.02488
1.02613
1.02738
1.02865
1.02994
1.03256
1.03389
1.03524
1.03661
1.038
1.0394
1.04082
1.04226
1.04371
1.04667
1.04818
1.04971
1.05125
1.0528
1.05437
1.05596
1.05756
1.05917
1.06244
1.06409
1.06575
1.06741
1.06909
1.07078
1.07247
1.07416
1.07587
1.07927
1.08098
1.08269
1.08439
1.08609
1.08779
1.08948
1.09117
1.09284
1.09617
1.09781
1.09944
1.10106
1.10266
1.10425
1.10581
1.10736
1.10889
1.11187
1.11333
1.11476
1.11616
1.11753
1.11888
1.12019
1.12147
1.12272
1.12511
1.12625
1.12735
1.12842
1.12944
1.13043
1.13137
1.13227
1.13312
1.1347
1.13542
1.13609
1.13672
1.1373
1.13783
1.13831
1.13874
1.13912
1.13973
1.13996
1.14014
1.14027
1.14035
1.14038
1.14035
1.14028
1.14015
1.13975
1.13947
1.13915
1.13878
1.13836
1.13789
1.13737
1.13681
1.13621
1.13487
1.13414
1.13337
1.13255
1.1317
1.13082
1.12989
1.12894
1.12795
1.12588
1.1248
1.12369
1.12256
1.1214
1.12022
1.11902
1.1178
1.11657
1.11404
1.11275
1.11145
1.11014
1.10882
1.10749
1.10615
1.1048
1.10345
1.10072
1.09936
1.09799
1.09662
1.09524
1.09387
1.0925
1.09113
1.08976
1.08703
1.08567
1.08431
1.08295
1.0816
1.08025
1.07891
1.07757
1.07624
1.07358
1.07227
1.07096
1.06965
1.06835
1.06706
1.06577
1.06449
1.06322
1.06069
1.05944
1.0582
1.05697
1.05574
1.05453
1.05332
1.05212
1.05093
1.04859
1.04743
1.04628
1.04515
1.04403
1.04291
1.04181
1.04073
1.03965
1.03754
1.0365
1.03548
1.03447
1.03347
1.03249
1.03152
1.03057
1.02962
1.02777
1.02687
1.02598
1.0251
1.02423
1.02338
1.02253
1.0217
1.02088
1.01927
1.01849
1.01771
1.01694
1.01618
1.01543
1.01469
1.01396
1.01323
1.01181
1.01111
1.01041
1.00972
1.00904
1.00837
1.0077
1.00704
1.00638
1.0051
1.00446
1.00384
1.00322
1.00261
1.00201
1.00142
1.00085
1.00028
0.999191
0.998668
0.998162
0.997674
0.997207
0.996761
0.996339
0.995942
0.995573
0.994925
0.99465
0.994412
0.994213
0.994054
0.993939
0.99387
0.993849
0.993878
0.994097
0.994292
0.994548
0.994866
0.995249
0.995699
0.996216
0.996803
0.997462
0.998999
0.999879
1.00083
1.00187
1.00298
1.00416
1.00543
1.00677
1.00818
1.01124
1.01288
1.01459
1.01637
1.01821
1.02012
1.02209
1.02413
1.02621
1.03055
1.03278
1.03506
1.03738
1.03974
1.04212
1.04454
1.04697
1.04942
1.05436
1.05684
1.05932
1.0618
1.06426
1.06671
1.06915
1.07156
1.07395
1.07862
1.0809
1.08314
1.08534
1.08748
1.08956
1.09159
1.09356
1.09546
1.09906
1.10075
1.10237
1.1039
1.10536
1.10673
1.10802
1.10922
1.11033
1.11228
1.11312
1.11386
1.11451
1.11507
1.11553
1.11589
1.11616
1.11633
1.11639
1.11627
1.11606
1.11576
1.11536
1.11487
1.11429
1.11362
1.11286
1.11109
1.11008
1.10899
1.10783
1.10659
1.10528
1.10389
1.10244
1.10093
1.09772
1.09603
1.09429
1.09251
1.09068
1.0888
1.08689
1.08495
1.08298
1.07896
1.07692
1.07487
1.07281
1.07074
1.06867
1.0666
1.06454
1.06248
1.05842
1.05641
1.05443
1.05248
1.05056
1.04868
1.04683
1.04502
1.04325
1.03986
1.03824
1.03667
1.03516
1.0337
1.03231
1.03097
1.0297
1.02848
1.02625
1.02523
1.02428
1.02339
1.02256
1.0218
1.02111
1.02048
1.01992
1.01898
1.01861
1.0183
1.01805
1.01786
1.01773
1.01765
1.01764
1.01768
1.01791
1.01811
1.01836
1.01866
1.019
1.0194
1.01984
1.02032
1.02085
1.02202
1.02267
1.02336
1.02408
1.02483
1.02562
1.02645
1.0273
1.02818
1.03001
1.03096
1.03194
1.03293
1.03394
1.03496
1.03599
1.03704
1.03809
1.04022
1.04128
1.04235
1.04341
1.04447
1.04552
1.04656
1.04759
1.04861
1.05058
1.05154
1.05247
1.05338
1.05425
1.0551
1.05592
1.0567
1.05744
1.05882
1.05944
1.06002
1.06056
1.06105
1.06149
1.06188
1.06222
1.06251
1.06294
1.06307
1.06314
1.06317
1.06313
1.06305
1.0629
1.0627
1.06244
1.06176
1.06133
1.06085
1.06031
1.05971
1.05907
1.05837
1.05762
1.05682
1.05506
1.05411
1.05311
1.05206
1.05097
1.04983
1.04865
1.04743
1.04616
1.04352
1.04215
1.04074
1.03929
1.03782
1.03631
1.03478
1.03322
1.03163
1.0284
1.02675
1.02509
1.02341
1.02172
1.02003
1.01832
1.0166
1.01489
1.01146
1.00975
1.00804
1.00635
1.00467
1.00301
1.00136
0.999738
0.998139
0.995028
0.993523
0.992056
0.99063
0.989248
0.987914
0.986631
0.985402
0.98423
0.982074
0.981096
0.980187
0.979352
0.978592
0.97791
0.977309
0.976791
0.976357
0.975752
0.975583
0.975505
0.975519
0.975626
0.975825
0.976118
0.976504
0.976981
0.978211
0.978959
0.979796
0.980718
0.981723
0.98281
0.983976
0.985218
0.986534
0.989371
0.990887
0.992463
0.994094
0.995777
0.997509
0.999286
1.0011
1.00296
1.00676
1.0087
1.01067
1.01265
1.01465
1.01665
1.01867
1.02068
1.0227
1.02673
1.02874
1.03073
1.03271
1.03468
1.03662
1.03855
1.04046
1.04234
1.04603
1.04783
1.0496
1.05134
1.05305
1.05473
1.05637
1.05798
1.05956
1.0626
1.06406
1.06549
1.06688
1.06824
1.06955
1.07083
1.07207
1.07327
1.07555
1.07663
1.07768
1.07868
1.07964
1.08057
1.08145
1.0823
1.0831
1.08459
1.08528
1.08593
1.08653
1.0871
1.08763
1.08811
1.08856
1.08896
1.08965
1.08994
1.09018
1.09039
1.09055
1.09067
1.09076
1.0908
1.0908
1.09069
1.09058
1.09043
1.09024
1.09002
1.08975
1.08945
1.08912
1.08875
1.08792
1.08745
1.08696
1.08644
1.08589
1.08531
1.0847
1.08408
1.08343
1.08207
1.08136
1.08064
1.0799
1.07915
1.07839
1.07761
1.07683
1.07605
1.07447
1.07367
1.07288
1.07209
1.0713
1.07052
1.06975
1.06898
1.06823
1.06676
1.06604
1.06534
1.06465
1.06398
1.06333
1.06269
1.06208
1.06148
1.06034
1.05981
1.05929
1.05879
1.05831
1.05785
1.0574
1.05698
1.05658
1.05582
1.05547
1.05513
1.05481
1.05451
1.05421
1.05393
1.05367
1.05341
1.05293
1.0527
1.05248
1.05227
1.05207
1.05187
1.05168
1.0515
1.05132
1.05098
1.05081
1.05065
1.0505
1.05036
1.05021
1.05008
1.04995
1.04983
1.04961
1.04952
1.04944
1.04937
1.04931
1.04926
1.04923
1.04921
1.04922
1.04928
1.04934
1.04942
1.04953
1.04966
1.04981
1.04999
1.0502
1.05043
1.05098
1.0513
1.05165
1.05203
1.05244
1.05289
1.05337
1.05387
1.05441
1.05559
1.05622
1.05689
1.05758
1.05831
1.05906
1.05985
1.06066
1.0615
1.06325
1.06417
1.06511
1.06607
1.06705
1.06805
1.06908
1.07012
1.07118
1.07333
1.07443
1.07554
1.07666
1.07779
1.07892
1.08006
1.0812
1.08234
1.08462
1.08576
1.08689
1.08802
1.08914
1.09025
1.09135
1.09243
1.0935
1.0956
1.09662
1.09762
1.09861
1.09957
1.10051
1.10142
1.10231
1.10318
1.10482
1.10561
1.10636
1.10708
1.10777
1.10843
1.10906
1.10966
1.11022
1.11125
1.11172
1.11215
1.11255
1.11291
1.11324
1.11354
1.11381
1.11404
1.1144
1.11454
1.11464
1.11471
1.11475
1.11476
1.11474
1.11469
1.11462
1.11438
1.11422
1.11403
1.11382
1.11359
1.11334
1.11306
1.11276
1.11244
1.11175
1.11138
1.111
1.1106
1.11019
1.10976
1.10933
1.10889
1.10845
1.10754
1.10709
1.10663
1.10618
1.10574
1.10529
1.10486
1.10444
1.10402
1.10324
1.10288
1.10253
1.1022
1.1019
1.10162
1.10137
1.10114
1.10095
1.10065
1.10055
1.10049
1.10046
1.10047
1.10051
1.10059
1.10071
1.10086
1.10128
1.10155
1.10185
1.10219
1.10256
1.10296
1.10339
1.10385
1.10434
1.10539
1.10595
1.10652
1.10711
1.10772
1.10833
1.10895
1.10957
1.1102
1.11144
1.11205
1.11264
1.11323
1.11379
1.11434
1.11486
1.11535
1.11582
1.11666
1.11702
1.11735
1.11763
1.11787
1.11807
1.11823
1.11833
1.11839
1.11835
1.11826
1.11811
1.11791
1.11766
1.11737
1.11702
1.11662
1.11617
1.11513
1.11455
1.11392
1.11325
1.11255
1.11181
1.11105
1.11025
1.10943
1.10772
1.10684
1.10595
1.10506
1.10416
1.10327
1.10238
1.1015
1.10063
1.09896
1.09816
1.0974
1.09666
1.09597
1.09531
1.0947
1.09414
1.09363
1.09277
1.09243
1.09214
1.09192
1.09176
1.09165
1.09161
1.09163
1.09172
1.09206
1.09232
1.09264
1.09301
1.09343
1.0939
1.09442
1.09498
1.09558
1.09689
1.09759
1.09832
1.09907
1.09985
1.10064
1.10144
1.10225
1.10307
1.10471
1.10553
1.10634
1.10714
1.10793
1.1087
1.10945
1.11018
1.11089
1.11223
1.11285
1.11345
1.11401
1.11454
1.11503
1.11549
1.11591
1.11629
1.11693
1.11718
1.1174
1.11757
1.1177
1.11779
1.11784
1.11784
1.11779
1.11758
1.11741
1.11719
1.11694
1.11664
1.1163
1.11592
1.1155
1.11504
1.114
1.11343
1.11282
1.11218
1.1115
1.11079
1.11005
1.10928
1.10847
1.10679
1.10591
1.105
1.10407
1.10312
1.10215
1.10117
1.10017
1.09915
1.09709
1.09605
1.09499
1.09394
1.09288
1.09182
1.09077
1.08972
1.08867
1.08662
1.08561
1.08461
1.08364
1.08268
1.08175
1.08085
1.07997
1.07912
1.07752
1.07678
1.07607
1.0754
1.07478
1.0742
1.07366
1.07317
1.07273
1.072
1.0717
1.07146
1.07127
1.07113
1.07105
1.07101
1.07102
1.07109
1.07136
1.07157
1.07183
1.07213
1.07247
1.07285
1.07327
1.07373
1.07423
1.07532
1.07591
1.07653
1.07718
1.07786
1.07855
1.07928
1.08002
1.08078
1.08236
1.08317
1.084
1.08484
1.0857
1.08657
1.08745
1.08835
1.08926
1.0911
1.09204
1.09299
1.09395
1.09492
1.0959
1.09689
1.09789
1.0989
1.10094
1.10198
1.10302
1.10407
1.10513
1.10619
1.10726
1.10834
1.10942
1.11159
1.11268
1.11377
1.11486
1.11594
1.11703
1.1181
1.11918
1.12024
1.12234
1.12338
1.1244
1.1254
1.12639
1.12736
1.12831
1.12924
1.13015
1.13189
1.13271
1.13351
1.13428
1.13501
1.13571
1.13637
1.13699
1.13758
1.13863
1.13909
1.1395
1.13988
1.1402
1.14048
1.14071
1.1409
1.14103
1.14115
1.14114
1.14108
1.14096
1.1408
1.14059
1.14032
1.14001
1.13965
1.13877
1.13826
1.1377
1.1371
1.13645
1.13575
1.13501
1.13423
1.1334
1.13163
1.13068
1.1297
1.12868
1.12763
1.12654
1.12542
1.12427
1.1231
1.12066
1.11941
1.11814
1.11684
1.11553
1.11419
1.11285
1.11149
1.11012
1.10734
1.10595
1.10454
1.10314
1.10173
1.10032
1.09892
1.09751
1.09611
1.09333
1.09196
1.09059
1.08923
1.08789
1.08655
1.08524
1.08394
1.08266
1.08014
1.07891
1.07771
1.07652
1.07536
1.07421
1.07309
1.07199
1.07092
1.06883
1.06783
1.06684
1.06588
1.06494
1.06402
1.06312
1.06225
1.06139
1.05973
1.05892
1.05813
1.05736
1.0566
1.05585
1.05511
1.05439
1.05367
1.05225
1.05155
1.05085
1.05016
1.04947
1.04878
1.04808
1.04739
1.0467
1.04531
1.04462
1.04392
1.04323
1.04253
1.04184
1.04115
1.04046
1.03978
1.03846
1.03782
1.03719
1.03659
1.03601
1.03546
1.03494
1.03445
1.03401
1.03325
1.03295
1.03271
1.03252
1.03241
1.03236
1.03239
1.0325
1.03268
1.03332
1.03377
1.03431
1.03495
1.03568
1.0365
1.03743
1.03845
1.03956
1.04207
1.04346
1.04494
1.0465
1.04814
1.04986
1.05165
1.05351
1.05543
1.05943
1.06151
1.06362
1.06577
1.06794
1.07014
1.07235
1.07457
1.0768
1.08123
1.08343
1.08561
1.08776
1.08989
1.09198
1.09403
1.09604
1.098
1.10177
1.10357
1.10532
1.10699
1.10861
1.11016
1.11163
1.11304
1.11438
1.11684
1.11795
1.119
1.11997
1.12087
1.12169
1.12244
1.12312
1.12372
1.12472
1.12512
1.12545
1.12571
1.1259
1.12604
1.12611
1.12612
1.12607
1.1258
1.12559
1.12533
1.12501
1.12465
1.12424
1.12378
1.12328
1.12275
1.12155
1.1209
1.12022
1.11951
1.11876
1.11799
1.11719
1.11636
1.11551
1.11375
1.11284
1.11191
1.11096
1.11
1.10903
1.10805
1.10705
1.10605
1.10402
1.10299
1.10196
1.10093
1.09989
1.09886
1.09783
1.09679
1.09577
1.09372
1.09271
1.0917
1.0907
1.08971
1.08873
1.08776
1.0868
1.08586
1.08401
1.08311
1.08222
1.08135
1.0805
1.07967
1.07886
1.07806
1.07729
1.07581
1.0751
1.07442
1.07376
1.07312
1.07251
1.07193
1.07137
1.07083
1.06985
1.0694
1.06898
1.06858
1.06822
1.06789
1.06758
1.06731
1.06706
1.06665
1.06649
1.06636
1.06627
1.0662
1.06616
1.06615
1.06617
1.06622
1.06639
1.06652
1.06668
1.06686
1.06707
1.0673
1.06755
1.06783
1.06812
1.06877
1.06912
1.06949
1.06987
1.07026
1.07066
1.07107
1.07149
1.07191
1.07277
1.07319
1.07362
1.07404
1.07445
1.07485
1.07524
1.07561
1.07597
1.07662
1.07692
1.07718
1.07742
1.07763
1.0778
1.07794
1.07804
1.0781
1.07809
1.07802
1.0779
1.07773
1.07751
1.07724
1.07691
1.07653
1.07609
1.07504
1.07442
1.07375
1.07301
1.07221
1.07136
1.07044
1.06946
1.06842
1.06617
1.06496
1.0637
1.06237
1.061
1.05958
1.0581
1.05659
1.05502
1.05177
1.0501
1.04839
1.04665
1.04488
1.04309
1.04129
1.03946
1.03763
1.03395
1.03211
1.03027
1.02845
1.02663
1.02484
1.02306
1.02131
1.01959
1.01625
1.01464
1.01307
1.01155
1.01008
1.00866
1.0073
1.00599
1.00475
1.00244
1.00139
1.0004
0.999484
0.998634
0.997854
0.997145
0.996506
0.995937
0.995011
0.994653
0.994365
0.994144
0.993991
0.993904
0.993881
0.993921
0.994023
0.994408
0.994687
0.995021
0.99541
0.99585
0.996341
0.996881
0.997468
0.998101
0.999497
1.00026
1.00106
1.00189
1.00277
1.00368
1.00462
1.0056
1.00661
1.00872
1.00982
1.01094
1.0121
1.01328
1.01449
1.01572
1.01698
1.01826
1.02089
1.02224
1.02362
1.02501
1.02643
1.02787
1.02933
1.0308
1.0323
1.03535
1.0369
1.03848
1.04006
1.04167
1.04328
1.04492
1.04657
1.04823
1.05159
1.05329
1.055
1.05672
1.05845
1.06019
1.06194
1.06369
1.06544
1.06896
1.07073
1.07249
1.07426
1.07602
1.07778
1.07954
1.08129
1.08304
1.08651
1.08823
1.08994
1.09163
1.09331
1.09497
1.09662
1.09825
1.09985
1.103
1.10453
1.10604
1.10752
1.10897
1.11039
1.11178
1.11314
1.11446
1.11699
1.1182
1.11937
1.12049
1.12158
1.12262
1.12361
1.12456
1.12546
1.12713
1.12788
1.12859
1.12925
1.12986
1.13041
1.13092
1.13138
1.13178
1.13243
1.13269
1.13289
1.13304
1.13315
1.13321
1.13322
1.13318
1.1331
1.1328
1.13259
1.13233
1.13204
1.13171
1.13134
1.13093
1.13049
1.13002
1.12898
1.12842
1.12783
1.12722
1.12658
1.12592
1.12524
1.12454
1.12383
1.12236
1.1216
1.12083
1.12006
1.11928
1.11849
1.11769
1.1169
1.1161
1.1145
1.11371
1.11292
1.11213
1.11135
1.11058
1.10982
1.10907
1.10833
1.1069
1.10621
1.10553
1.10488
1.10425
1.10363
1.10304
1.10248
1.10194
1.10094
1.10048
1.10006
1.09966
1.0993
1.09897
1.09868
1.09842
1.09819
