1.64989
1.64966
1.64937
1.64903
1.64864
1.64819
1.6477
1.64715
1.64655
1.64519
1.64444
1.64364
1.64278
1.64187
1.64092
1.63991
1.63885
1.63774
1.63536
1.6341
1.63278
1.63141
1.62999
1.62851
1.62699
1.62541
1.62378
1.62036
1.61857
1.61673
1.61483
1.61288
1.61088
1.60883
1.60672
1.60456
1.60007
1.59775
1.59537
1.59293
1.59044
1.5879
1.5853
1.58265
1.57994
1.57436
1.57148
1.56855
1.56556
1.56252
1.55942
1.55627
1.55306
1.5498
1.54311
1.53968
1.53619
1.53265
1.52906
1.52541
1.52171
1.51796
1.51415
1.50637
1.50241
1.49839
1.49432
1.4902
1.48603
1.48182
1.47755
1.47324
1.46447
1.46002
1.45552
1.45098
1.4464
1.44177
1.43711
1.4324
1.42765
1.41806
1.41321
1.40832
1.40341
1.39846
1.39349
1.38849
1.38347
1.37842
1.45735
1.45204
1.44671
1.44135
1.43598
1.43059
1.42518
1.41975
1.41431
1.4034
1.39793
1.39246
1.38697
1.38149
1.376
1.37052
1.36503
1.35955
1.34861
1.34315
1.33771
1.33227
1.32685
1.32144
1.31605
1.31068
1.30533
1.29469
1.28941
1.28415
1.27892
1.27372
1.26854
1.2634
1.25828
1.2532
1.24314
1.23817
1.23323
1.22832
1.22346
1.21863
1.21385
1.2091
1.2044
1.19513
1.19055
1.18602
1.18154
1.1771
1.17271
1.16836
1.16407
1.15982
1.15147
1.14737
1.14332
1.13932
1.13537
1.13148
1.12764
1.12385
1.12012
1.11281
1.10925
1.10573
1.10228
1.09888
1.09553
1.09225
1.08902
1.08585
1.07969
1.0767
1.07377
1.0709
1.06809
1.06534
1.06265
1.06003
1.05746
1.05252
1.05014
1.04782
1.04557
1.04338
1.04125
1.03918
1.03718
1.03524
1.40534
1.40318
1.40105
1.39895
1.39688
1.39484
1.39283
1.39085
1.3889
1.38509
1.38324
1.38141
1.37961
1.37785
1.37611
1.37441
1.37273
1.37109
1.36789
1.36634
1.36482
1.36333
1.36187
1.36044
1.35905
1.35769
1.35635
1.35379
1.35255
1.35134
1.35017
1.34903
1.34792
1.34685
1.3458
1.34479
1.34287
1.34195
1.34107
1.34022
1.3394
1.33862
1.33787
1.33715
1.33646
1.33517
1.33458
1.33402
1.33349
1.33299
1.33252
1.33208
1.33167
1.33129
1.33062
1.33032
1.33005
1.32981
1.32959
1.3294
1.32924
1.3291
1.32898
1.3288
1.32875
1.32871
1.3287
1.3287
1.32872
1.32875
1.3288
1.32886
1.32902
1.32912
1.32922
1.32933
1.32945
1.32957
1.32969
1.32982
1.32994
1.3302
1.33032
1.33043
1.33054
1.33064
1.33073
1.33081
1.33088
1.33094
1.63034
1.63025
1.63011
1.62992
1.62968
1.62938
1.62902
1.62861
1.62813
1.62701
1.62635
1.62564
1.62486
1.62401
1.6231
1.62213
1.62109
1.61999
1.61759
1.61629
1.61493
1.6135
1.61201
1.61045
1.60883
1.60714
1.60539
1.60171
1.59978
1.59778
1.59573
1.59363
1.59146
1.58924
1.58697
1.58464
1.57983
1.57735
1.57482
1.57225
1.56963
1.56697
1.56426
1.56152
1.55873
1.55306
1.55017
1.54725
1.5443
1.54133
1.53832
1.53529
1.53224
1.52917
1.52297
1.51984
1.5167
1.51355
1.51038
1.50721
1.50403
1.50084
1.49765
1.49127
1.48808
1.48489
1.4817
1.47852
1.47535
1.47219
1.46904
1.4659
1.45967
1.45657
1.4535
1.45044
1.44741
1.4444
1.44141
1.43845
1.43552
1.42973
1.42689
1.42408
1.42131
1.41857
1.41587
1.41321
1.41059
1.40801
1.50432
1.50167
1.49905
1.49646
1.49391
1.4914
1.48893
1.4865
1.48411
1.47947
1.47721
1.475
1.47284
1.47073
1.46867
1.46666
1.46469
1.46278
1.45912
1.45736
1.45566
1.454
1.45241
1.45086
1.44936
1.44792
1.44653
1.44389
1.44265
1.44146
1.44032
1.43923
1.43818
1.43718
1.43622
1.43531
1.43363
1.43285
1.43211
1.43141
1.43075
1.43013
1.42955
1.429
1.42848
1.42756
1.42714
1.42675
1.42639
1.42605
1.42575
1.42546
1.4252
1.42497
1.42456
1.42438
1.42422
1.42407
1.42394
1.42382
1.42372
1.42362
1.42353
1.42338
1.4233
1.42323
1.42317
1.4231
1.42303
1.42296
1.42288
1.4228
1.42261
1.42251
1.42239
1.42226
1.42212
1.42197
1.4218
1.42162
1.42142
1.42098
1.42073
1.42046
1.42018
1.41988
1.41956
1.41923
1.41887
1.4185
1.62523
1.62463
1.62399
1.6233
1.62256
1.62177
1.62093
1.62005
1.61912
1.61714
1.61608
1.61499
1.61386
1.61269
1.61149
1.61026
1.60899
1.6077
1.60503
1.60365
1.60225
1.60084
1.5994
1.59795
1.59649
1.59501
1.59353
1.59053
1.58903
1.58752
1.58602
1.58452
1.58302
1.58153
1.58005
1.57858
1.57569
1.57427
1.57287
1.57149
1.57014
1.56882
1.56752
1.56625
1.56502
1.56266
1.56154
1.56046
1.55942
1.55843
1.55748
1.55657
1.55572
1.55492
1.55346
1.5528
1.55221
1.55166
1.55117
1.55073
1.55035
1.55002
1.54975
1.54938
1.54927
1.54921
1.54921
1.54926
1.54936
1.54951
1.5497
1.54995
1.55056
1.55093
1.55134
1.55179
1.55227
1.55279
1.55333
1.5539
1.5545
1.55576
1.55641
1.55708
1.55775
1.55844
1.55913
1.55982
1.56052
1.56121
1.63617
1.63672
1.63724
1.63773
1.6382
1.63863
1.63903
1.63939
1.63971
1.64023
1.64043
1.64058
1.64068
1.64073
1.64073
1.64068
1.64058
1.64042
1.63994
1.63961
1.63923
1.63879
1.6383
1.63774
1.63713
1.63646
1.63573
1.6341
1.6332
1.63225
1.63124
1.63017
1.62905
1.62788
1.62666
1.62539
1.62269
1.62128
1.61982
1.61831
1.61677
1.61519
1.61357
1.61191
1.61022
1.60675
1.60497
1.60317
1.60135
1.5995
1.59764
1.59576
1.59387
1.59197
1.58814
1.58622
1.5843
1.58237
1.58045
1.57854
1.57663
1.57473
1.57285
1.56912
1.56727
1.56545
1.56365
1.56187
1.56011
1.55838
1.55667
1.555
1.55173
1.55014
1.54858
1.54705
1.54556
1.5441
1.54267
1.54128
1.53993
1.53733
1.53609
1.53489
1.53372
1.53259
1.53151
1.53046
1.52946
1.5285
1.57744
1.57644
1.57548
1.57455
1.57367
1.57282
1.57202
1.57126
1.57055
1.56925
1.56868
1.56815
1.56768
1.56726
1.5669
1.5666
1.56636
1.56618
1.56602
1.56604
1.56613
1.5663
1.56654
1.56685
1.56725
1.56772
1.56828
1.56965
1.57047
1.57138
1.57238
1.57347
1.57465
1.57593
1.5773
1.57876
1.58198
1.58373
1.58557
1.5875
1.58953
1.59165
1.59385
1.59615
1.59853
1.60355
1.60617
1.60887
1.61165
1.6145
1.61741
1.62038
1.62341
1.6265
1.63283
1.63606
1.63933
1.64263
1.64597
1.64933
1.65271
1.6561
1.65951
1.66635
1.66977
1.67318
1.67659
1.67998
1.68336
1.68672
1.69005
1.69335
1.69986
1.70305
1.70621
1.70931
1.71238
1.71539
1.71834
1.72124
1.72409
1.72959
1.73224
1.73483
1.73734
1.73979
1.74217
1.74447
1.7467
1.74885
1.77527
1.77709
1.77884
1.7805
1.78208
1.78357
1.78498
1.7863
1.78754
1.78977
1.79075
1.79165
1.79247
1.7932
1.79385
1.79441
1.79489
1.79528
1.79581
1.79596
1.79602
1.79599
1.79589
1.7957
1.79543
1.79508
1.79465
1.79355
1.79288
1.79213
1.79131
1.7904
1.78942
1.78836
1.78722
1.78601
1.78336
1.78192
1.78041
1.77883
1.77718
1.77546
1.77367
1.77181
1.76989
1.76585
1.76373
1.76155
1.75931
1.75701
1.75465
1.75224
1.74978
1.74727
1.74211
1.73947
1.73679
1.73407
1.73132
1.72854
1.72573
1.72291
1.72007
1.71435
1.71148
1.70862
1.70576
1.70291
1.70007
1.69726
1.69447
1.69171
1.68631
1.68368
1.68109
1.67856
1.67609
1.67369
1.67135
1.66908
1.6669
1.66276
1.66081
1.65895
1.65718
1.6555
1.6539
1.6524
1.65098
1.64966
1.55822
1.55705
1.55597
1.55498
1.55409
1.55328
1.55255
1.5519
1.55132
1.55036
1.54998
1.54965
1.54937
1.54913
1.54893
1.54876
1.54862
1.5485
1.54831
1.54823
1.54815
1.54806
1.54797
1.54786
1.54773
1.54758
1.54741
1.54697
1.54669
1.54638
1.54603
1.54564
1.54519
1.5447
1.54417
1.54358
1.54224
1.5415
1.5407
1.53985
1.53894
1.53799
1.53698
1.53592
1.53481
1.53245
1.5312
1.5299
1.52857
1.52719
1.52577
1.52433
1.52284
1.52133
1.51823
1.51665
1.51505
1.51343
1.51181
1.51017
1.50853
1.50689
1.50524
1.50198
1.50036
1.49876
1.49717
1.4956
1.49406
1.49255
1.49107
1.48962
1.48683
1.4855
1.48421
1.48297
1.48177
1.48063
1.47955
1.47851
1.47753
1.47575
1.47495
1.47421
1.47354
1.47292
1.47237
1.47188
1.47145
1.47108
1.59459
1.59425
1.59397
1.59372
1.59352
1.59337
1.59325
1.59317
1.59313
1.59315
1.59322
1.59331
1.59344
1.59359
1.59376
1.59396
1.59418
1.59442
1.59494
1.59523
1.59552
1.59581
1.59612
1.59642
1.59673
1.59703
1.59733
1.59791
1.59818
1.59845
1.5987
1.59893
1.59914
1.59934
1.59952
1.59967
1.59991
1.59999
1.60005
1.60008
1.60008
1.60005
1.59999
1.5999
1.59978
1.59945
1.59924
1.59899
1.59872
1.59842
1.5981
1.59774
1.59736
1.59695
1.59606
1.59559
1.59509
1.59458
1.59405
1.59351
1.59296
1.5924
1.59183
1.59067
1.5901
1.58952
1.58896
1.5884
1.58786
1.58733
1.58683
1.58634
1.58545
1.58505
1.58469
1.58437
1.58408
1.58385
1.58366
1.58352
1.58344
1.58344
1.58354
1.5837
1.58392
1.58422
1.58459
1.58503
1.58554
1.58614
1.64373
1.64442
1.64519
1.64603
1.64695
1.64795
1.64903
1.65019
1.65143
1.65416
1.65565
1.65723
1.65888
1.66062
1.66245
1.66436
1.66634
1.66841
1.67279
1.67511
1.67749
1.67996
1.6825
1.68512
1.68781
1.69057
1.6934
1.69925
1.70228
1.70536
1.7085
1.7117
1.71496
1.71826
1.7216
1.725
1.73189
1.7354
1.73893
1.74248
1.74606
1.74965
1.75326
1.75688
1.7605
1.76774
1.77135
1.77495
1.77853
1.78209
1.78562
1.78913
1.79259
1.79602
1.80273
1.80601
1.80923
1.81239
1.81547
1.81849
1.82143
1.82429
1.82707
1.83234
1.83484
1.83724
1.83952
1.84171
1.84377
1.84573
1.84756
1.84927
1.85232
1.85365
1.85484
1.8559
1.85682
1.85759
1.85823
1.85871
1.85904
1.85926
1.85914
1.85886
1.85842
1.85782
1.85706
1.85614
1.85506
1.85381
1.73358
1.73182
1.72992
1.72787
1.72567
1.72333
1.72083
1.7182
1.71542
1.70942
1.70621
1.70285
1.69936
1.69572
1.69195
1.68804
1.684
1.67983
1.6711
1.66656
1.66189
1.65711
1.65221
1.64721
1.64211
1.63691
1.63162
1.62079
1.61527
1.60967
1.60402
1.59832
1.59257
1.5868
1.58099
1.57517
1.56353
1.55773
1.55195
1.5462
1.54051
1.53487
1.52931
1.52382
1.51843
1.50798
1.50294
1.49804
1.49329
1.48871
1.48429
1.48006
1.47602
1.47218
1.46515
1.46196
1.45901
1.45629
1.45382
1.45159
1.44961
1.44788
1.44641
1.44422
1.44351
1.44305
1.44283
1.44286
1.44313
1.44363
1.44437
1.44532
1.44788
1.44946
1.45123
1.45319
1.45532
1.45762
1.46007
1.46267
1.4654
1.47123
1.47431
1.47749
1.48075
1.48408
1.48748
1.49094
1.49444
1.49798
1.59844
1.60197
1.60549
1.60898
1.61245
1.61588
1.61927
1.62261
1.62589
1.63227
1.63536
1.63837
1.6413
1.64415
1.64692
1.64959
1.65218
1.65466
1.65935
1.66155
1.66365
1.66564
1.66754
1.66933
1.67102
1.67261
1.6741
1.67678
1.67797
1.67907
1.68007
1.68098
1.6818
1.68254
1.68318
1.68375
1.68464
1.68496
1.68522
1.6854
1.68552
1.68557
1.68557
1.6855
1.68538
1.68498
1.68471
1.68439
1.68404
1.68365
1.68322
1.68276
1.68227
1.68176
1.68065
1.68006
1.67945
1.67882
1.67818
1.67753
1.67686
1.67618
1.67549
1.67408
1.67338
1.67266
1.67195
1.67123
1.67052
1.66981
1.6691
1.6684
1.66702
1.66635
1.66569
1.66505
1.66443
1.66383
1.66325
1.6627
1.66218
1.66123
1.66081
1.66044
1.66011
1.65982
1.65959
1.65941
1.65929
1.65923
1.64391
1.64389
1.64394
1.64407
1.64428
1.64456
1.64493
1.64538
1.64591
1.64722
1.648
1.64887
1.64983
1.65087
1.65199
1.65319
1.65447
1.65583
1.65878
1.66036
1.66201
1.66372
1.6655
1.66734
1.66923
1.67118
1.67317
1.6773
1.67942
1.68158
1.68377
1.68598
1.68823
1.69049
1.69277
1.69507
1.6997
1.70202
1.70435
1.70668
1.709
1.71133
1.71364
1.71595
1.71824
1.7228
1.72505
1.72729
1.7295
1.7317
1.73388
1.73603
1.73816
1.74027
1.74442
1.74645
1.74846
1.75045
1.7524
1.75433
1.75624
1.75811
1.75996
1.76357
1.76533
1.76706
1.76877
1.77044
1.77208
1.77368
1.77526
1.7768
1.77979
1.78123
1.78263
1.784
1.78534
1.78663
1.78789
1.7891
1.79027
1.79249
1.79353
1.79452
1.79546
1.79636
1.7972
1.798
1.79874
1.79943
1.72618
1.72659
1.72695
1.72727
1.72754
1.72776
1.72793
1.72805
1.72811
1.7281
1.72801
1.72787
1.72768
1.72744
1.72714
1.72678
1.72638
1.72592
1.72484
1.72422
1.72354
1.72282
1.72204
1.72121
1.72032
1.71939
1.7184
1.71629
1.71515
1.71397
1.71274
1.71147
1.71015
1.70878
1.70738
1.70592
1.7029
1.70132
1.69971
1.69807
1.69638
1.69467
1.69292
1.69114
1.68932
1.68562
1.68372
1.68181
1.67987
1.6779
1.67592
1.67392
1.6719
1.66987
1.66576
1.66369
1.6616
1.65952
1.65742
1.65532
1.65322
1.65112
1.64901
1.64481
1.64272
1.64063
1.63855
1.63649
1.63443
1.63238
1.63035
1.62833
1.62436
1.6224
1.62047
1.61856
1.61667
1.61481
1.61298
1.61118
1.60941
1.60597
1.6043
1.60267
1.60107
1.59951
1.59799
1.5965
1.59506
1.59365
1.56692
1.5655
1.56413
1.56281
1.56153
1.56029
1.5591
1.55796
1.55686
1.5548
1.55383
1.55291
1.55203
1.55119
1.5504
1.54964
1.54892
1.54824
1.54699
1.54642
1.54588
1.54537
1.5449
1.54446
1.54404
1.54366
1.54331
1.54268
1.54241
1.54216
1.54194
1.54175
1.54159
1.54145
1.54134
1.54126
1.5412
1.54121
1.54126
1.54134
1.54146
1.54162
1.54181
1.54205
1.54234
1.54305
1.54348
1.54396
1.5445
1.54509
1.54575
1.54646
1.54724
1.54808
1.54996
1.55101
1.55212
1.5533
1.55456
1.55589
1.55729
1.55876
1.56031
1.56361
1.56536
1.56719
1.56908
1.57104
1.57306
1.57514
1.57728
1.57948
1.58403
1.58638
1.58878
1.59122
1.5937
1.59622
1.59876
1.60134
1.60395
1.60922
1.61189
1.61458
1.61727
1.61997
1.62268
1.6254
1.62811
1.63083
1.72532
1.72795
1.73055
1.73314
1.73569
1.73822
1.74071
1.74317
1.7456
1.75036
1.75268
1.75496
1.7572
1.75939
1.76155
1.76366
1.76572
1.76774
1.77163
1.77351
1.77533
1.7771
1.77882
1.78048
1.78209
1.78365
1.78514
1.78795
1.78927
1.79052
1.79172
1.79284
1.79391
1.79491
1.79585
1.79672
1.79826
1.79892
1.79953
1.80006
1.80052
1.80092
1.80125
1.80152
1.80171
1.8019
1.80189
1.80182
1.80168
1.80148
1.80122
1.80089
1.8005
1.80006
1.799
1.79839
1.79772
1.79701
1.79624
1.79543
1.79457
1.79367
1.79274
1.79075
1.7897
1.78863
1.78752
1.78639
1.78524
1.78406
1.78286
1.78165
1.77918
1.77793
1.77667
1.77541
1.77414
1.77287
1.7716
1.77033
1.76907
1.76656
1.76532
1.76409
1.76288
1.76168
1.76049
1.75932
1.75818
1.75705
1.62809
1.62697
1.62588
1.62485
1.62385
1.62291
1.62201
1.62117
1.62037
1.61894
1.61831
1.61774
1.61722
1.61676
1.61636
1.61603
1.61575
1.61554
1.61531
1.61529
1.61534
1.61546
1.61564
1.61589
1.61621
1.6166
1.61705
1.61816
1.61881
1.61953
1.62032
1.62117
1.62209
1.62307
1.62411
1.62521
1.6276
1.62889
1.63023
1.63162
1.63306
1.63456
1.63611
1.6377
1.63933
1.64273
1.64448
1.64627
1.64808
1.64993
1.6518
1.6537
1.65562
1.65756
1.66148
1.66345
1.66543
1.66741
1.66939
1.67136
1.67334
1.6753
1.67725
1.6811
1.683
1.68488
1.68673
1.68855
1.69035
1.69211
1.69383
1.69552
1.69878
1.70034
1.70186
1.70333
1.70476
1.70613
1.70745
1.70871
1.70993
1.71218
1.71322
1.7142
1.71513
1.71599
1.71679
1.71754
1.71822
1.71883
1.71444
1.71477
1.71505
1.71526
1.71541
1.7155
1.71554
1.71551
1.71542
1.71506
1.71479
1.71447
1.71409
1.71365
1.71316
1.71261
1.71201
1.71135
1.70988
1.70906
1.7082
1.70728
1.70631
1.70528
1.70421
1.70309
1.70192
1.69943
1.69811
1.69674
1.69532
1.69386
1.69234
1.69078
1.68917
1.68751
1.68404
1.68223
1.68037
1.67847
1.67651
1.67451
1.67245
1.67034
1.66819
1.66372
1.66141
1.65906
1.65665
1.65419
1.65168
1.64912
1.64651
1.64385
1.63839
1.63558
1.63273
1.62983
1.62688
1.62389
1.62085
1.61777
1.61465
1.60827
1.60503
1.60174
1.59842
1.59507
1.59168
1.58826
1.58481
1.58134
1.57431
1.57077
1.56721
1.56364
1.56005
1.55646
1.55286
1.54925
1.54565
1.53846
1.53488
1.53131
1.52777
1.52424
1.52074
1.51728
1.51384
1.51045
1.51047
1.50706
1.5037
1.5004
1.49716
1.49398
1.49087
1.48784
1.48487
1.47919
1.47647
1.47384
1.47129
1.46884
1.46648
1.46422
1.46205
1.45997
1.45612
1.45434
1.45265
1.45106
1.44957
1.44817
1.44686
1.44565
1.44452
1.44253
1.44167
1.44088
1.44017
1.43954
1.43899
1.43851
1.4381
1.43776
1.43727
1.43713
1.43705
1.43702
1.43706
1.43716
1.43731
1.43753
1.4378
1.43851
1.43895
1.43945
1.44001
1.44063
1.44131
1.44204
1.44284
1.4437
1.4456
1.44665
1.44776
1.44894
1.45019
1.4515
1.45287
1.45432
1.45583
1.45905
1.46076
1.46254
1.46439
1.4663
1.46827
1.47031
1.47242
1.47458
1.47908
1.48142
1.4838
1.48624
1.48873
1.49127
1.49384
1.49646
1.49912
1.50453
1.50729
1.51007
1.51287
1.51569
1.51853
1.52138
1.52425
1.52712
1.53287
1.53575
1.53862
1.54147
1.54432
1.54715
1.54996
1.55276
1.55552
1.56097
1.56365
1.56629
1.5689
1.57146
1.57398
1.57646
1.57889
1.58126
1.58586
1.58808
1.59024
1.59234
1.59438
1.59636
1.59828
1.60014
1.60193
1.60531
1.6069
1.60843
1.60989
1.61128
1.6126
1.61386
1.61505
1.61618
1.61825
1.61918
1.62006
1.62088
1.62164
1.62234
1.623
1.6236
1.62415
1.62512
1.62554
1.62592
1.62626
1.62657
1.62685
1.6271
1.62733
1.62754
1.6279
1.62806
1.62822
1.62836
1.62851
1.62865
1.6288
1.62895
1.62911
1.62947
1.62967
1.6299
1.63014
1.63041
1.6307
1.63101
1.63136
1.63173
1.63256
1.63302
1.63351
1.63404
1.63459
1.63517
1.63579
1.63643
1.63709
1.6385
1.63924
1.64
1.64078
1.64158
1.64239
1.64321
1.64404
1.64488
1.64656
1.64739
1.64822
1.64904
1.64985
1.65063
1.6514
1.65215
1.65287
1.65423
1.65485
1.65544
1.65599
1.6565
1.65696
1.65737
1.65774
1.65805
1.65852
1.65867
1.65876
1.6588
1.65877
1.65868
1.65854
1.65833
1.65806
1.65735
1.6569
1.6564
1.65584
1.65522
1.65454
1.65381
1.65303
1.6522
1.65039
1.64942
1.64841
1.64735
1.64626
1.64512
1.64396
1.64276
1.64154
1.63901
1.63771
1.63639
1.63506
1.63372
1.63236
1.63099
1.62961
1.62823
1.62545
1.62407
1.62268
1.6213
1.61993
1.61856
1.61721
1.61586
1.61453
1.6119
1.61061
1.60933
1.60808
1.60684
1.60562
1.60442
1.60324
1.60209
1.59983
1.59874
1.59767
1.59662
1.5956
1.5946
1.59362
1.59266
1.59173
1.58994
1.58908
1.58824
1.58743
1.58664
1.58588
1.58514
1.58443
1.58374
1.58245
1.58184
1.58127
1.58072
1.58021
1.57972
1.57927
1.57885
1.57846
1.5778
1.57752
1.57728
1.57708
1.57692
1.5768
1.57672
1.57668
1.57669
1.57683
1.57696
1.57714
1.57736
1.57762
1.57792
1.57827
1.57865
1.57908
1.58003
1.58056
1.58112
1.58171
1.58233
1.58297
1.58363
1.58432
1.58501
1.58645
1.58718
1.58791
1.58864
1.58937
1.59009
1.59081
1.5915
1.59219
1.59349
1.5941
1.59468
1.59523
1.59575
1.59623
1.59667
1.59706
1.59742
1.59798
1.59818
1.59834
1.59844
1.59848
1.59847
1.59841
1.59829
1.59811
1.59757
1.59722
1.59681
1.59634
1.59581
1.59523
1.59459
1.5939
1.59316
1.59152
1.59063
1.58969
1.58871
1.58769
1.58663
1.58553
1.5844
1.58323
1.58082
1.57958
1.57831
1.57703
1.57574
1.57443
1.57312
1.5718
1.57048
1.56784
1.56654
1.56524
1.56396
1.56269
1.56144
1.56022
1.55902
1.55786
1.55562
1.55455
1.55352
1.55254
1.55159
1.5507
1.54985
1.54905
1.5483
1.54696
1.54637
1.54584
1.54536
1.54493
1.54456
1.54424
1.54398
1.54377
1.54352
1.54346
1.54346
1.54351
1.5436
1.54374
1.54391
1.54413
1.54438
1.54499
1.54534
1.54571
1.54611
1.54653
1.54697
1.54742
1.54788
1.54835
1.5493
1.54978
1.55025
1.55071
1.55116
1.5516
1.55202
1.55242
1.5528
1.55348
1.55378
1.55405
1.55428
1.55448
1.55464
1.55476
1.55484
1.55488
1.55483
1.55474
1.55461
1.55443
1.5542
1.55393
1.55361
1.55324
1.55283
1.55188
1.55133
1.55075
1.55012
1.54945
1.54874
1.548
1.54722
1.54641
1.54469
1.54379
1.54286
1.54191
1.54095
1.53996
1.53896
1.53795
1.53692
1.53486
1.53382
1.53279
1.53175
1.53073
1.52971
1.52871
1.52771
1.52674
1.52484
1.52393
1.52305
1.52219
1.52136
1.52057
1.5198
1.51908
1.51838
1.51712
1.51654
1.51601
1.51552
1.51507
1.51467
1.51431
1.514
1.51374
1.51334
1.51321
1.51313
1.51309
1.5131
1.51316
1.51326
1.5134
1.51359
1.51409
1.5144
1.51476
1.51515
1.51558
1.51606
1.51656
1.51711
1.51768
1.51894
1.51961
1.52031
1.52104
1.52179
1.52257
1.52337
1.5242
1.52504
1.52678
1.52767
1.52858
1.52949
1.53042
1.53136
1.5323
1.53324
1.53419
1.53609
1.53703
1.53797
1.53891
1.53983
1.54075
1.54166
1.54255
1.54343
1.54513
1.54596
1.54676
1.54755
1.54831
1.54904
1.54975
1.55044
1.55109
1.55232
1.55288
1.55342
1.55392
1.55439
1.55483
1.55523
1.55559
1.55592
1.55648
1.5567
1.55689
1.55704
1.55715
1.55723
1.55727
1.55728
1.55725
1.5571
1.55697
1.55681
1.55662
1.5564
1.55615
1.55587
1.55556
1.55523
1.55449
1.55408
1.55365
1.5532
1.55274
1.55226
1.55176
1.55124
1.55071
1.54962
1.54907
1.5485
1.54793
1.54735
1.54678
1.5462
1.54562
1.54504
1.54391
1.54335
1.5428
1.54226
1.54173
1.54122
1.54072
1.54023
1.53977
1.53889
1.53848
1.5381
1.53774
1.53741
1.5371
1.53681
1.53656
1.53633
1.53597
1.53583
1.53573
1.53566
1.53562
1.53562
1.53565
1.53572
1.53583
1.53615
1.53637
1.53662
1.53692
1.53726
1.53764
1.53806
1.53852
1.53903
1.54017
1.54081
1.5415
1.54223
1.543
1.54382
1.54469
1.5456
1.54656
1.54863
1.54973
1.55087
1.55207
1.5533
1.55459
1.55591
1.55728
1.5587
1.56165
1.56318
1.56476
1.56637
1.56802
1.5697
1.57141
1.57316
1.57494
1.57858
1.58044
1.58232
1.58422
1.58615
1.58809
1.59005
1.59203
1.59402
1.59804
1.60006
1.6021
1.60415
1.60621
1.60827
1.61034
1.61242
1.6145
1.61868
1.62077
1.62287
1.62497
1.62708
1.62919
1.6313
1.63342
1.63554
1.63978
1.64191
1.64404
1.64618
1.64832
1.65046
1.6526
1.65474
1.65689
1.66117
1.66332
1.66545
1.66759
1.66972
1.67184
1.67395
1.67605
1.67814
1.68229
1.68433
1.68636
1.68837
1.69036
1.69232
1.69426
1.69616
1.69804
1.70169
1.70346
1.70519
1.70688
1.70852
1.71012
1.71167
1.71316
1.71461
1.71733
1.7186
1.71981
1.72096
1.72205
1.72307
1.72402
1.72491
1.72572
1.72714
1.72773
1.72826
1.7287
1.72907
1.72937
1.72958
1.72972
1.72978
1.72966
1.72948
1.72923
1.72889
1.72847
1.72798
1.72741
1.72676
1.72604
1.72436
1.72341
1.72239
1.72129
1.72013
1.71889
1.71759
1.71623
1.71479
1.71174
1.71012
1.70845
1.70672
1.70493
1.70309
1.70121
1.69927
1.6973
1.69321
1.69111
1.68897
1.6868
1.68459
1.68236
1.6801
1.67781
1.67551
1.67085
1.66849
1.66613
1.66375
1.66137
1.65899
1.6566
1.65422
1.65183
1.64709
1.64474
1.64239
1.64006
1.63775
1.63546
1.63319
1.63094
1.62871
1.62434
1.6222
1.62009
1.61802
1.61598
1.61398
1.61201
1.61009
1.60821
1.60456
1.60281
1.60109
1.59943
1.59781
1.59623
1.59471
1.59323
1.5918
1.58909
1.58781
1.58658
1.58541
1.58429
1.58321
1.5822
1.58123
1.58032
1.57867
1.57793
1.57725
1.57662
1.57606
1.57555
1.57511
1.57473
1.5744
1.57395
1.57383
1.57377
1.57377
1.57385
1.574
1.57421
1.5745
1.57486
1.57581
1.57639
1.57705
1.57778
1.57859
1.57947
1.58044
1.58147
1.58259
1.58503
1.58636
1.58776
1.58923
1.59077
1.59237
1.59404
1.59576
1.59755
1.60127
1.60321
1.60519
1.60721
1.60927
1.61136
1.61348
1.61563
1.61779
1.62217
1.62437
1.62657
1.62877
1.63097
1.63315
1.63533
1.63748
1.63962
1.64381
1.64586
1.64788
1.64986
1.65179
1.65369
1.65553
1.65733
1.65908
1.66243
1.66402
1.66556
1.66704
1.66846
1.66982
1.67113
1.67238
1.67357
1.67577
1.67679
1.67776
1.67866
1.67952
1.68032
1.68108
1.68178
1.68244
1.68362
1.68414
1.68463
1.68508
1.6855
1.68589
1.68624
1.68657
1.68688
1.68742
1.68766
1.68789
1.68811
1.68831
1.68851
1.6887
1.68889
1.68907
1.68944
1.68962
1.68981
1.69001
1.69021
1.69042
1.69063
1.69086
1.6911
1.6916
1.69187
1.69215
1.69244
1.69274
1.69305
1.69337
1.69369
1.69403
1.69472
1.69507
1.69543
1.6958
1.69617
1.69654
1.69691
1.69728
1.69764
1.69837
1.69872
1.69907
1.69942
1.69975
1.70008
1.7004
1.70071
1.70101
1.70158
1.70185
1.7021
1.70235
1.70258
1.7028
1.703
1.7032
1.70338
1.70371
1.70386
1.704
1.70413
1.70425
1.70436
1.70447
1.70457
1.70466
1.70484
1.70492
1.70501
1.70509
1.70518
1.70527
1.70536
1.70546
1.70557
1.70583
1.70597
1.70613
1.70631
1.70651
1.70673
1.70697
1.70723
1.70752
1.70818
1.70856
1.70897
1.70941
1.70988
1.7104
1.71095
1.71154
1.71216
1.71354
1.71429
1.71509
1.71592
1.71681
1.71773
1.7187
1.71971
1.72077
1.72301
1.72419
1.72541
1.72667
1.72797
1.7293
1.73066
1.73206
1.73348
1.73642
1.73792
1.73944
1.74097
1.74252
1.74408
1.74564
1.74721
1.74877
1.75189
1.75343
1.75496
1.75646
1.75795
1.75941
1.76084
1.76223
1.76359
1.76618
1.76741
1.76859
1.76971
1.77077
1.77178
1.77272
1.7736
1.77442
1.77583
1.77643
1.77695
1.7774
1.77777
1.77806
1.77828
1.77841
1.77846
1.77831
1.77812
1.77784
1.77748
1.77705
1.77653
1.77593
1.77525
1.77449
1.77275
1.77176
1.77071
1.76958
1.76839
1.76712
1.7658
1.76441
1.76296
1.75988
1.75827
1.7566
1.75489
1.75313
1.75133
1.74949
1.74761
1.74571
1.74181
1.73982
1.73782
1.73579
1.73375
1.7317
1.72964
1.72758
1.72552
1.7214
1.71935
1.71731
1.71528
1.71327
1.71128
1.7093
1.70735
1.70543
1.70166
1.69982
1.69802
1.69624
1.69451
1.69281
1.69114
1.68952
1.68794
1.68489
1.68342
1.682
1.68061
1.67927
1.67796
1.6767
1.67547
1.67428
1.672
1.67091
1.66985
1.66882
1.66782
1.66685
1.66589
1.66496
1.66405
1.66227
1.66141
1.66055
1.65969
1.65885
1.658
1.65716
1.65632
1.65547
1.65375
1.65288
1.652
1.6511
1.6502
1.64927
1.64833
1.64737
1.64639
1.64437
1.64333
1.64227
1.64118
1.64007
1.63895
1.6378
1.63663
1.63544
1.633
1.63176
1.6305
1.62922
1.62793
1.62663
1.62532
1.62399
1.62266
1.61999
1.61865
1.6173
1.61596
1.61462
1.61329
1.61196
1.61064
1.60933
1.60675
1.60549
1.60424
1.60301
1.60179
1.6006
1.59943
1.59827
1.59714
1.59495
1.59389
1.59285
1.59183
1.59084
1.58987
1.58893
1.588
1.5871
1.58537
1.58454
1.58372
1.58293
1.58215
1.5814
1.58066
1.57994
1.57924
1.57789
1.57724
1.5766
1.57597
1.57537
1.57477
1.57419
1.57363
1.57308
1.57202
1.57151
1.57102
1.57055
1.57009
1.56965
1.56922
1.56882
1.56843
1.56771
1.56738
1.56708
1.56679
1.56653
1.5663
1.56609
1.5659
1.56574
1.56549
1.56541
1.56535
1.56532
1.56532
1.56535
1.5654
1.56548
1.56558
1.56588
1.56606
1.56627
1.56651
1.56677
1.56705
1.56736
1.56769
1.56805
1.56882
1.56923
1.56967
1.57012
1.57059
1.57108
1.57158
1.5721
1.57264
1.57374
1.57431
1.57489
1.57549
1.57609
1.5767
1.57732
1.57795
1.57859
1.57988
1.58054
1.5812
1.58187
1.58254
1.58322
1.5839
1.58459
1.58528
1.58667
1.58737
1.58808
1.58879
1.5895
1.59021
1.59093
1.59165
1.59238
1.59385
1.59459
1.59533
1.59608
1.59683
1.59759
1.59836
1.59913
1.59992
1.6015
1.60231
1.60312
1.60395
1.60479
1.60564
1.60651
1.60738
1.60827
1.6101
1.61104
1.612
1.61298
1.61398
1.61501
1.61605
1.61712
1.61822
1.62049
1.62167
1.62288
1.62413
1.62541
1.62672
1.62807
1.62945
1.63087
1.63384
1.63539
1.63698
1.63861
1.64028
1.64201
1.64378
1.64559
1.64745
1.65132
1.65332
1.65538
1.65747
1.65962
1.66181
1.66405
1.66633
1.66865
1.67343
1.67588
1.67837
1.68089
1.68345
1.68604
1.68866
1.69131
1.69399
1.69941
1.70214
1.7049
1.70766
1.71044
1.71322
1.716
1.71879
1.72157
1.72712
1.72987
1.73262
1.73534
1.73805
1.74073
1.74339
1.74601
1.74861
1.7537
1.75619
1.75863
1.76104
1.7634
1.76571
1.76797
1.77018
1.77234
1.77649
1.77848
1.78041
1.78228
1.78409
1.78584
1.78752
1.78915
1.7907
1.79362
1.79499
1.79628
1.79751
1.79867
1.79977
1.8008
1.80176
1.80266
1.80425
1.80495
1.80558
1.80615
1.80665
1.80709
1.80747
1.80778
1.80803
1.80836
1.80844
1.80845
1.80842
1.80832
1.80817
1.80797
1.80772
1.80741
1.80665
1.8062
1.8057
1.80516
1.80457
1.80394
1.80327
1.80256
1.8018
1.80018
1.79931
1.79841
1.79747
1.7965
1.79549
1.79446
1.79339
1.79229
1.79
1.78881
1.78759
1.78635
1.78508
1.78378
1.78246
1.78112
1.77975
1.77694
1.7755
1.77405
1.77257
1.77107
1.76955
1.76801
1.76646
1.76489
1.76171
1.7601
1.75847
1.75684
1.7552
1.75355
1.75189
1.75022
1.74856
1.74521
1.74354
1.74188
1.74021
1.73856
1.73691
1.73527
1.73364
1.73202
1.72882
1.72725
1.7257
1.72416
1.72265
1.72116
1.71969
1.71825
1.71683
1.71408
1.71275
1.71145
1.71017
1.70893
1.70772
1.70654
1.70539
1.70427
1.70214
1.70112
1.70014
1.69919
1.69827
1.69738
1.69653
1.69571
1.69491
1.69342
1.69271
1.69204
1.69139
1.69077
1.69017
1.68961
1.68906
1.68855
1.68759
1.68714
1.68672
1.68631
1.68593
1.68557
1.68522
1.6849
1.68459
1.68402
1.68376
1.68351
1.68328
1.68306
1.68286
1.68266
1.68248
1.6823
1.68197
1.68182
1.68167
1.68153
1.68139
1.68126
1.68113
1.681
1.68087
1.68061
1.68048
1.68035
1.68021
1.68007
1.67992
1.67976
1.6796
1.67944
1.67909
1.6789
1.6787
1.67849
1.67828
1.67805
1.67782
1.67757
1.67732
1.67677
1.67649
1.67619
1.67588
1.67557
1.67524
1.67491
1.67456
1.67421
1.67349
1.67312
1.67274
1.67236
1.67197
1.67158
1.67119
1.67079
1.67039
1.66959
1.66918
1.66878
1.66837
1.66797
1.66757
1.66717
1.66677
1.66637
1.66559
1.6652
1.66481
1.66443
1.66405
1.66368
1.6633
1.66293
1.66257
1.66184
1.66149
1.66113
1.66078
1.66043
1.66009
1.65974
1.6594
1.65905
1.65837
1.65802
1.65768
1.65733
1.65698
1.65663
1.65628
1.65592
1.65556
1.65482
1.65445
1.65407
1.65368
1.65329
1.65289
1.65248
1.65207
1.65164
1.65077
1.65032
1.64986
1.64939
1.64891
1.64841
1.6479
1.64739
1.64685
1.64575
1.64517
1.64458
1.64397
1.64335
1.64271
1.64205
1.64137
1.64067
1.63922
1.63846
1.63768
1.63687
1.63605
1.6352
1.63433
1.63343
1.63251
1.63059
1.6296
1.62858
1.62753
1.62646
1.62537
1.62425
1.62311
1.62195
1.61955
1.61833
1.61708
1.61581
1.61453
1.61324
1.61193
1.61061
1.60928
1.6066
1.60526
1.60391
1.60257
1.60124
1.59991
1.5986
1.5973
1.59602
1.59353
1.59232
1.59115
1.59002
1.58893
1.58788
1.58687
1.58592
1.58502
1.5834
1.58268
1.58203
1.58145
1.58094
1.58051
1.58015
1.57988
1.57968
1.57954
1.57959
1.57973
1.57996
1.58027
1.58067
1.58116
1.58173
1.58238
1.58394
1.58484
1.58582
1.58687
1.58799
1.58919
1.59045
1.59177
1.59315
1.59608
1.59762
1.5992
1.60082
1.60248
1.60417
1.60588
1.60761
1.60936
1.61288
1.61465
1.61641
1.61816
1.61991
1.62163
1.62333
1.62501
1.62666
1.62984
1.63137
1.63286
1.63429
1.63568
1.637
1.63827
1.63948
1.64062
1.64269
1.64362
1.64447
1.64525
1.64595
1.64657
1.64711
1.64757
1.64794
1.64844
1.64856
1.6486
1.64856
1.64843
1.64822
1.64792
1.64755
1.64709
1.64593
1.64523
1.64446
1.64361
1.64269
1.6417
1.64064
1.63951
1.63832
1.63576
1.63439
1.63297
1.6315
1.62998
1.62842
1.62682
1.62518
1.6235
1.62006
1.6183
1.61652
1.61473
1.61292
1.61109
1.60927
1.60743
1.6056
1.60195
1.60013
1.59833
1.59655
1.59478
1.59303
1.59131
1.58962
1.58796
1.58474
1.58318
1.58167
1.58019
1.57876
1.57738
1.57605
1.57477
1.57354
1.57125
1.57019
1.56919
1.56825
1.56737
1.56654
1.56578
1.56509
1.56445
1.56338
1.56294
1.56256
1.56225
1.562
1.56182
1.5617
1.56165
1.56166
1.56187
1.56207
1.56233
1.56266
1.56304
1.56347
1.56397
1.56452
1.56513
1.56651
1.56727
1.56809
1.56894
1.56985
1.5708
1.57178
1.57281
1.57387
1.57609
1.57724
1.57842
1.57962
1.58084
1.58208
1.58333
1.58459
1.58586
1.5884
1.58967
1.59093
1.59218
1.59341
1.59463
1.59583
1.597
1.59815
1.60034
1.60138
1.60237
1.60333
1.60423
1.60508
1.60588
1.60661
1.60729
1.60845
1.60892
1.60933
1.60966
1.60992
1.6101
1.61019
1.61021
1.61015
1.60977
1.60945
1.60905
1.60856
1.60798
1.60732
1.60657
1.60573
1.60481
1.60271
1.60153
1.60028
1.59894
1.59752
1.59603
1.59447
1.59284
1.59114
1.58755
1.58567
1.58374
1.58176
1.57974
1.57768
1.57558
1.57346
1.57131
1.56696
1.56477
1.56258
1.5604
1.55822
1.55606
1.55393
1.55182
1.54975
1.54572
1.54378
1.54189
1.54006
1.5383
1.5366
1.53498
1.53342
1.53195
1.52924
1.52801
1.52686
1.5258
1.52482
1.52392
1.52311
1.52238
1.52173
1.52065
1.52022
1.51986
1.51957
1.51933
1.51915
1.51903
1.51896
1.51893
1.51899
1.51907
1.51918
1.51931
1.51947
1.51965
1.51984
1.52005
1.52026
1.5207
1.52093
1.52116
1.52139
1.52162
1.52185
1.52207
1.5223
1.52253
1.52297
1.5232
1.52342
1.52366
1.52389
1.52413
1.52439
1.52465
1.52492
1.52552
1.52585
1.5262
1.52657
1.52696
1.52739
1.52784
1.52833
1.52885
1.52998
1.53061
1.53127
1.53197
1.5327
1.53348
1.53429
1.53515
1.53604
1.53793
1.53893
1.53996
1.54103
1.54213
1.54325
1.54441
1.54558
1.54679
1.54925
1.55051
1.55178
1.55306
1.55436
1.55566
1.55697
1.55828
1.5596
1.56222
1.56353
1.56482
1.56612
1.5674
1.56867
1.56993
1.57118
1.57242
1.57485
1.57604
1.57722
1.57838
1.57952
1.58065
1.58177
1.58287
1.58395
1.58608
1.58712
1.58815
1.58916
1.59016
1.59114
1.59212
1.59308
1.59402
1.59588
1.59679
1.59769
1.59858
1.59946
1.60032
1.60117
1.60201
1.60284
1.60445
1.60524
1.60602
1.60677
1.60752
1.60825
1.60896
1.60965
1.61032
1.61161
1.61223
1.61283
1.6134
1.61396
1.61449
1.61499
1.61548
1.61594
1.61678
1.61716
1.61752
1.61785
1.61815
1.61842
1.61867
1.61889
1.61908
1.61937
1.61948
1.61956
1.61961
1.61963
1.61962
1.61959
1.61953
1.61944
1.61919
1.61903
1.61884
1.61863
1.6184
1.61814
1.61787
1.61757
1.61725
1.61656
1.61619
1.6158
1.6154
1.61498
1.61455
1.61411
1.61365
1.61318
1.61222
1.61173
1.61123
1.61072
1.6102
1.60968
1.60915
1.60861
1.60807
1.60698
1.60643
1.60587
1.60531
1.60474
1.60417
1.60359
1.60301
1.60242
1.60122
1.60061
1.59999
1.59936
1.59872
1.59808
1.59742
1.59675
1.59607
1.59466
1.59394
1.5932
1.59245
1.59168
1.59089
1.59009
1.58928
1.58845
1.58674
1.58586
1.58497
1.58407
1.58315
1.58223
1.58129
1.58035
1.5794
1.57749
1.57653
1.57557
1.57462
1.57366
1.57272
1.57178
1.57084
1.56992
1.56812
1.56723
1.56637
1.56552
1.56468
1.56386
1.56306
1.56228
1.56151
1.56002
1.55929
1.55858
1.55788
1.55719
1.55651
1.55583
1.55516
1.55449
1.55315
1.55248
1.5518
1.55112
1.55043
1.54973
1.54902
1.54829
1.54754
1.54601
1.54521
1.5444
1.54357
1.54272
1.54185
1.54096
1.54006
1.53914
1.53726
1.53631
1.53534
1.53436
1.53338
1.5324
1.53142
1.53044
1.52947
1.52755
1.52662
1.52571
1.52482
1.52395
1.52312
1.52232
1.52156
1.52083
1.51953
1.51895
1.51843
1.51796
1.51755
1.5172
1.51692
1.5167
1.51655
1.51647
1.51653
1.51667
1.51688
1.51716
1.51752
1.51795
1.51845
1.51903
1.52039
1.52118
1.52203
1.52295
1.52393
1.52496
1.52606
1.5272
1.5284
1.53093
1.53226
1.53363
1.53503
1.53646
1.53791
1.53939
1.54089
1.5424
1.54545
1.54698
1.54851
1.55003
1.55155
1.55306
1.55456
1.55603
1.55749
1.56034
1.56173
1.56308
1.56441
1.5657
1.56695
1.56818
1.56936
1.5705
1.57268
1.5737
1.57469
1.57564
1.57654
1.57741
1.57824
1.57903
1.57979
1.58119
1.58184
1.58246
1.58304
1.5836
1.58413
1.58464
1.58512
1.58559
1.58645
1.58686
1.58726
1.58764
1.58801
1.58838
1.58873
1.58909
1.58944
1.59013
1.59048
1.59083
1.59118
1.59154
1.59189
1.59226
1.59262
1.59299
1.59374
1.59412
1.5945
1.59489
1.59527
1.59566
1.59604
1.59643
1.59681
1.59756
1.59793
1.59828
1.59863
1.59897
1.59929
1.5996
1.5999
1.60018
1.60067
1.60089
1.60109
1.60127
1.60142
1.60154
1.60164
1.60171
1.60176
1.60176
1.60172
1.60164
1.60154
1.60141
1.60125
1.60105
1.60083
1.60058
1.59998
1.59964
1.59928
1.59889
1.59847
1.59804
1.59758
1.5971
1.5966
1.59557
1.59503
1.59449
1.59394
1.59338
1.59283
1.59228
1.59173
1.59119
1.59016
1.58966
1.58919
1.58875
1.58833
1.58795
1.58761
1.5873
1.58703
1.58664
1.58651
1.58645
1.58643
1.58648
1.58659
1.58675
1.58699
1.58728
1.58808
1.58858
1.58914
1.58978
1.59048
1.59125
1.59209
1.593
1.59397
1.5961
1.59726
1.59847
1.59975
1.60108
1.60247
1.6039
1.60539
1.60693
1.61014
1.61181
1.61352
1.61528
1.61707
1.61891
1.62078
1.62269
1.62463
1.62864
1.63069
1.63279
1.63492
1.63709
1.6393
1.64154
1.64383
1.64615
1.65091
1.65335
1.65583
1.65835
1.6609
1.66349
1.66612
1.66878
1.67148
1.67696
1.67974
1.68254
1.68536
1.6882
1.69104
1.69389
1.69674
1.69959
1.70525
1.70806
1.71083
1.71357
1.71628
1.71894
1.72155
1.7241
1.72659
1.73136
1.73363
1.73582
1.73791
1.73992
1.74182
1.74362
1.74531
1.7469
1.74972
1.75095
1.75206
1.75304
1.7539
1.75463
1.75523
1.7557
1.75604
1.75632
1.75626
1.75606
1.75574
1.75528
1.75469
1.75398
1.75313
1.75215
1.74982
1.74848
1.74701
1.74542
1.74372
1.7419
1.73997
1.73793
1.73579
1.73119
1.72875
1.72621
1.72358
1.72086
1.71806
1.71518
1.71222
1.70919
1.70291
1.69968
1.69639
1.69305
1.68965
1.68621
1.68273
1.67921
1.67566
1.66846
1.66484
1.66119
1.65754
1.65387
1.65021
1.64654
1.64288
1.63924
1.63198
1.62839
1.62482
1.62129
1.61779
1.61432
1.6109
1.60753
1.6042
1.59771
1.59455
1.59146
1.58842
1.58546
1.58256
1.57973
1.57698
1.5743
1.56917
1.56672
1.56436
1.56207
1.55986
1.55773
1.55568
1.55371
1.55183
1.54829
1.54664
1.54507
1.54358
1.54217
1.54083
1.53958
1.53839
1.53728
1.53529
1.5344
1.53358
1.53284
1.53217
1.53157
1.53104
1.53058
1.53019
1.52964
1.52947
1.52937
1.52935
1.52941
1.52954
1.52975
1.53004
1.53042
1.53141
1.53204
1.53276
1.53356
1.53446
1.53545
1.53654
1.53773
1.53901
1.54189
1.54348
1.54518
1.54698
1.54889
1.5509
1.55302
1.55525
1.55758
1.56255
1.56519
1.56793
1.57077
1.5737
1.57672
1.57983
1.58303
1.58631
1.5931
1.5966
1.60016
1.60379
1.60747
1.6112
1.61498
1.61879
1.62264
1.63041
1.63433
1.63826
1.64219
1.64612
1.65005
1.65396
1.65785
1.66173
1.66938
1.67316
1.67689
1.68057
1.6842
1.68777
1.69128
1.69472
1.6981
1.70462
1.70776
1.71082
1.71379
1.71667
1.71945
1.72214
1.72473
1.72723
1.7319
1.73408
1.73616
1.73812
1.73998
1.74172
1.74336
1.74488
1.7463
1.74879
1.74987
1.75084
1.7517
1.75244
1.75308
1.75362
1.75404
1.75436
1.7547
1.75471
1.75463
1.75445
1.75417
1.7538
1.75333
1.75278
1.75214
1.7506
1.7497
1.74873
1.74767
1.74654
1.74533
1.74405
1.74269
1.74127
1.73821
1.73658
1.73489
1.73314
1.73132
1.72945
1.72752
1.72552
1.72347
1.71921
1.717
1.71473
1.71241
1.71004
1.70763
1.70516
1.70264
1.70007
1.69479
1.69209
1.68933
1.68653
1.68368
1.68079
1.67785
1.67488
1.67186
1.66569
1.66255
1.65937
1.65616
1.6529
1.64962
1.6463
1.64295
1.63956
1.63271
1.62924
1.62575
1.62224
1.61871
1.61516
1.61159
1.60801
1.60441
1.59719
1.59357
1.58994
1.58631
1.58268
1.57906
1.57544
1.57183
1.56822
1.56105
1.55749
1.55395
1.55042
1.54692
1.54345
1.54
1.53658
1.53319
1.5265
1.52322
1.51997
1.51675
1.51358
1.51045
1.50736
1.50431
1.50131
1.49544
1.49258
1.48976
1.48699
1.48427
1.4816
1.47899
1.47642
1.4739
1.46902
1.46666
1.46435
1.4621
1.4599
1.45775
1.45565
1.45361
1.45163
1.44782
1.446
1.44424
1.44253
1.44089
1.4393
1.43777
1.4363
1.43488
1.43224
1.43102
1.42985
1.42875
1.42772
1.42676
1.42586
1.42503
1.42427
1.42298
1.42244
1.42198
1.42159
1.42129
1.42106
1.42092
1.42086
1.42088
1.42117
1.42145
1.42182
1.42227
1.42281
1.42345
1.42417
1.42499
1.42589
1.42798
1.42916
1.43043
1.43179
1.43325
1.43479
1.43642
1.43814
1.43995
1.44382
1.44589
1.44803
1.45025
1.45255
1.45493
1.45738
1.45991
1.4625
1.46788
1.47067
1.47351
1.47641
1.47937
1.48237
1.48543
1.48853
1.49167
1.49806
1.50131
1.50459
1.5079
1.51122
1.51457
1.51794
1.52132
1.52471
1.53151
1.53491
1.53831
1.54171
1.54509
1.54847
1.55183
1.55518
1.55851
1.5651
1.56836
1.57158
1.57478
1.57793
1.58106
1.58414
1.58718
1.59017
1.59603
1.59888
1.60168
1.60443
1.60712
1.60975
1.61233
1.61485
1.6173
1.62202
1.62429
1.62649
1.62862
1.63069
1.63269
1.63462
1.63648
1.63828
1.64166
1.64325
1.64477
1.64623
1.64761
1.64893
1.65018
1.65137
1.65249
1.65453
1.65546
1.65632
1.65712
1.65786
1.65854
1.65916
1.65973
1.66023
1.66109
1.66143
1.66173
1.66197
1.66217
1.66231
1.66241
1.66247
1.66248
1.66237
1.66225
1.66209
1.6619
1.66166
1.66139
1.66109
1.66074
1.66037
1.65952
1.65905
1.65854
1.65801
1.65745
1.65686
1.65625
1.65561
1.65494
1.65353
1.65279
1.65203
1.65125
1.65044
1.64962
1.64878
1.64793
1.64705
1.64526
1.64434
1.64341
1.64247
1.64152
1.64055
1.63959
1.63861
1.63762
1.63564
1.63464
1.63364
1.63263
1.63162
1.63062
1.62961
1.6286
1.62759
1.62557
1.62456
1.62355
1.62254
1.62152
1.62051
1.6195
1.61848
1.61747
1.61541
1.61438
1.61334
1.61229
1.61123
1.61017
1.60909
1.608
1.6069
1.60465
1.6035
1.60234
1.60116
1.59996
1.59874
1.59751
1.59626
1.59499
1.5924
1.59108
1.58975
1.5884
1.58705
1.58568
1.58432
1.58295
1.58158
1.57888
1.57755
1.57625
1.57497
1.57373
1.57253
1.57139
1.57029
1.56926
1.56743
1.56664
1.56595
1.56537
1.56489
1.56454
1.56431
1.56421
1.56426
1.56479
1.56529
1.56594
1.56676
1.56773
1.56887
1.57016
1.57162
1.57323
1.5769
1.57895
1.58114
1.58345
1.58588
1.58842
1.59105
1.59378
1.59659
1.60238
1.60536
1.60836
1.61139
1.61443
1.61747
1.6205
1.62351
1.62649
1.63232
1.63516
1.63793
1.64063
1.64326
1.64581
1.64827
1.65064
1.65292
1.65717
1.65915
1.66102
1.66279
1.66445
1.666
1.66744
1.66878
1.67002
1.67218
1.6731
1.67393
1.67465
1.67528
1.67582
1.67626
1.67661
1.67687
1.67713
1.67714
1.67706
1.67691
1.67668
1.67638
1.676
1.67555
1.67503
1.67379
1.67307
1.67229
1.67145
1.67055
1.66959
1.66856
1.66748
1.66635
1.66391
1.66261
1.66126
1.65985
1.65839
1.65688
1.65532
1.65371
1.65206
1.6486
1.64681
1.64496
1.64307
1.64114
1.63916
1.63714
1.63508
1.63298
1.62867
1.62646
1.62421
1.62193
1.61962
1.61728
1.61491
1.61251
1.61009
1.60517
1.60269
1.60019
1.59767
1.59515
1.59261
1.59007
1.58752
1.58497
1.57989
1.57736
1.57484
1.57233
1.56983
1.56736
1.56491
1.56249
1.56009
1.5554
1.5531
1.55085
1.54864
1.54647
1.54435
1.54229
1.54028
1.53833
1.5346
1.53283
1.53113
1.52949
1.52793
1.52644
1.52503
1.52369
1.52243
1.52015
1.51914
1.51821
1.51736
1.5166
1.51592
1.51533
1.51483
1.51441
1.51385
1.51369
1.51363
1.51365
1.51376
1.51395
1.51422
1.51458
1.51502
1.51614
1.51682
1.51757
1.51839
1.51929
1.52025
1.52128
1.52237
1.52352
1.52601
1.52733
1.5287
1.53011
1.53157
1.53307
1.53461
1.53618
1.53777
1.54105
1.54271
1.5444
1.54609
1.5478
1.54951
1.55123
1.55295
1.55467
1.55809
1.55979
1.56148
1.56316
1.56482
1.56647
1.5681
1.56972
1.57132
1.57446
1.57601
1.57755
1.57907
1.58058
1.58207
1.58356
1.58503
1.5865
1.58944
1.59091
1.59238
1.59386
1.59535
1.59686
1.59838
1.59992
1.60148
1.60468
1.60632
1.60799
1.60969
1.61143
1.61319
1.615
1.61683
1.6187
1.62254
1.62451
1.6265
1.62852
1.63056
1.63263
1.63471
1.6368
1.63891
1.64313
1.64524
1.64735
1.64945
1.65153
1.6536
1.65565
1.65767
1.65967
1.66357
1.66546
1.66732
1.66914
1.67092
1.67266
1.67436
1.67601
1.67762
1.68071
1.68219
1.68363
1.68504
1.68641
1.68774
1.68904
1.69032
1.69156
1.69399
1.69518
1.69635
1.69751
1.69865
1.6998
1.70094
1.70207
1.70321
1.70551
1.70667
1.70784
1.70903
1.71023
1.71145
1.71268
1.71393
1.7152
1.7178
1.71913
1.72048
1.72184
1.72322
1.72461
1.72602
1.72745
1.72888
1.73177
1.73322
1.73467
1.73612
1.73757
1.73901
1.74044
1.74186
1.74327
1.74602
1.74736
1.74867
1.74995
1.7512
1.75241
1.75358
1.7547
1.75578
1.75779
1.75872
1.75958
1.76039
1.76113
1.76181
1.76243
1.76297
1.76345
1.76419
1.76444
1.76463
1.76473
1.76476
1.76471
1.76458
1.76437
1.76407
1.76325
1.76272
1.76211
1.76141
1.76064
1.75979
1.75886
1.75785
1.75676
1.75437
1.75306
1.75168
1.75023
1.74871
1.74712
1.74547
1.74375
1.74197
1.73822
1.73626
1.73425
1.73218
1.73006
1.72788
1.72566
1.72339
1.72108
1.71633
1.7139
1.71143
1.70893
1.7064
1.70384
1.70126
1.69865
1.69603
1.69073
1.68808
1.68541
1.68275
1.6801
1.67745
1.67482
1.67222
1.66964
1.66459
1.66213
1.65972
1.65738
1.65511
1.65291
1.65079
1.64877
1.64685
1.64333
1.64175
1.64029
1.63898
1.6378
1.63677
1.6359
1.63519
1.63463
1.63403
1.63399
1.63412
1.63443
1.6349
1.63555
1.63637
1.63736
1.63852
1.64131
1.64293
1.64469
1.64659
1.64862
1.65077
1.65303
1.65539
1.65785
1.66301
1.6657
1.66844
1.67123
1.67406
1.67691
1.67979
1.68267
1.68556
1.6913
1.69415
1.69697
1.69975
1.70249
1.70519
1.70784
1.71043
1.71295
1.71782
1.72015
1.7224
1.72458
1.72668
1.7287
1.73064
1.73251
1.73428
1.73759
1.73912
1.74057
1.74193
1.74322
1.74441
1.74553
1.74656
1.74752
1.74918
1.74989
1.75052
1.75107
1.75155
1.75194
1.75226
1.7525
1.75265
1.75274
1.75266
1.7525
1.75226
1.75194
1.75154
1.75106
1.7505
1.74984
1.74828
1.74737
1.74636
1.74526
1.74407
1.74278
1.74139
1.73991
1.73832
1.73483
1.73293
1.73092
1.72881
1.72658
1.72424
1.72179
1.71923
1.71655
1.71086
1.70785
1.70473
1.70149
1.69815
1.69471
1.69117
1.68752
1.68379
1.67605
1.67206
1.668
1.66388
1.6597
1.65548
1.65122
1.64693
1.64263
1.63402
1.62975
1.62551
1.62132
1.61719
1.61314
1.60918
1.60532
1.60159
1.59454
1.59125
1.58814
1.58521
1.58248
1.57995
1.57764
1.57556
1.5737
1.57067
1.56951
1.56858
1.56788
1.56741
1.56717
1.56713
1.5673
1.56767
1.56895
1.56983
1.57086
1.57202
1.57329
1.57467
1.57613
1.57766
1.57925
1.58251
1.58417
1.58581
1.58744
1.58903
1.59057
1.59206
1.59349
1.59483
1.59727
1.59835
1.59932
1.60018
1.60094
1.60158
1.6021
1.60251
1.60281
1.60306
1.60302
1.60288
1.60263
1.60229
1.60186
1.60135
1.60076
1.60009
1.59858
1.59774
1.59686
1.59595
1.59501
1.59405
1.59308
1.59211
1.59114
1.58923
1.58831
1.58742
1.58655
1.58573
1.58495
1.58421
1.58352
1.58288
1.58176
1.58128
1.58086
1.58049
1.58017
1.57991
1.5797
1.57953
1.57942
1.57931
1.57932
1.57937
1.57944
1.57955
1.57968
1.57984
1.58002
1.58021
1.58064
1.58087
1.5811
1.58134
1.58158
1.58182
1.58206
1.58229
1.58251
1.58294
1.58314
1.58333
1.58351
1.58367
1.58383
1.58397
1.5841
1.58422
1.58441
1.58449
1.58456
1.58462
1.58466
1.5847
1.58473
1.58475
1.58476
1.58477
1.58477
1.58477
1.58477
1.58476
1.58476
1.58476
1.58477
1.58478
1.58482
1.58486
1.5849
1.58496
1.58503
1.58511
1.58521
1.58533
1.58546
1.58577
1.58595
1.58615
1.58636
1.5866
1.58685
1.58712
1.5874
1.5877
1.58834
1.58867
1.58902
1.58937
1.58973
1.5901
1.59047
1.59084
1.59121
1.59194
1.59229
1.59264
1.59297
1.5933
1.59361
1.5939
1.59418
1.59444
1.5949
1.59509
1.59526
1.5954
1.59552
1.59561
1.59567
1.5957
1.5957
1.5956
1.5955
1.59537
1.59521
1.59501
1.59477
1.5945
1.5942
1.59386
1.59306
1.59261
1.59212
1.59159
1.59102
1.59042
1.58977
1.58909
1.58836
1.58678
1.58593
1.58504
1.5841
1.58313
1.5821
1.58104
1.57993
1.57878
1.57634
1.57506
1.57373
1.57236
1.57094
1.56948
1.56798
1.56643
1.56485
1.56155
1.55985
1.5581
1.55632
1.55451
1.55266
1.55079
1.54888
1.54695
1.54301
1.54101
1.539
1.53697
1.53493
1.53288
1.53083
1.52878
1.52673
1.52268
1.52067
1.51869
1.51673
1.51481
1.51292
1.51108
1.50928
1.50753
1.50422
1.50266
1.50117
1.49976
1.49844
1.4972
1.49606
1.49501
1.49407
1.4925
1.49188
1.49138
1.491
1.49075
1.49061
1.4906
1.49072
1.49097
1.49184
1.49247
1.49322
1.4941
1.49509
1.49621
1.49743
1.49877
1.50021
1.5034
1.50513
1.50695
1.50884
1.51081
1.51285
1.51495
1.51711
1.51931
1.52383
1.52614
1.52847
1.53081
1.53315
1.5355
1.53785
1.54018
1.54251
1.54708
1.54932
1.55153
1.5537
1.55582
1.5579
1.55992
1.56189
1.56381
1.56746
1.56919
1.57085
1.57246
1.57399
1.57546
1.57686
1.5782
1.57946
1.5818
1.58287
1.58388
1.58483
1.58572
1.58655
1.58732
1.58804
1.58871
1.5899
1.59043
1.59091
1.59136
1.59178
1.59216
1.59251
1.59284
1.59314
1.5937
1.59396
1.59421
1.59445
1.5947
1.59494
1.59519
1.59545
1.59572
1.5963
1.59662
1.59696
1.59733
1.59772
1.59814
1.59859
1.59907
1.59959
1.60073
1.60136
1.60202
1.60271
1.60345
1.60422
1.60502
1.60586
1.60674
1.60857
1.60953
1.61052
1.61153
1.61256
1.6136
1.61466
1.61573
1.6168
1.61895
1.62003
1.62109
1.62214
1.62318
1.6242
1.62519
1.62616
1.6271
1.62888
1.6297
1.63049
1.63122
1.63191
1.63255
1.63313
1.63365
1.63411
1.63485
1.63512
1.63532
1.63546
1.63552
1.63551
1.63543
1.63528
1.63505
1.63437
1.63392
1.63339
1.63279
1.63212
1.63137
1.63055
1.62966
1.62869
1.62654
1.62537
1.62412
1.62281
1.62143
1.61999
1.61848
1.61692
1.61529
1.61187
1.61008
1.60824
1.60635
1.60441
1.60242
1.60039
1.59833
1.59622
1.5919
1.5897
1.58746
1.5852
1.58292
1.58062
1.5783
1.57596
1.57362
1.56889
1.56653
1.56416
1.56179
1.55942
1.55707
1.55472
1.55238
1.55005
1.54545
1.54318
1.54093
1.53871
1.53651
1.53433
1.53219
1.53008
1.528
1.52394
1.52197
1.52003
1.51813
1.51628
1.51446
1.51268
1.51095
1.50926
1.50602
1.50446
1.50296
1.5015
1.50009
1.49873
1.49742
1.49617
1.49496
1.49271
1.49167
1.49068
1.48976
1.48889
1.48808
1.48734
1.48666
1.48605
1.48502
1.48462
1.48429
1.48403
1.48385
1.48375
1.48373
1.48379
1.48394
1.4845
1.48491
1.48542
1.48601
1.48671
1.4875
1.48839
1.48937
1.49046
1.49294
1.49434
1.49583
1.49743
1.49913
1.50093
1.50284
1.50484
1.50694
1.51144
1.51383
1.51631
1.51889
1.52154
1.52429
1.52711
1.53001
1.53298
1.53914
1.54232
1.54555
1.54884
1.55219
1.55558
1.55901
1.56248
1.56599
1.57308
1.57666
1.58026
1.58387
1.58749
1.5911
1.59473
1.59834
1.60195
1.60912
1.61268
1.61622
1.61973
1.62321
1.62666
1.63007
1.63344
1.63677
1.6433
1.64649
1.64963
1.65272
1.65575
1.65873
1.66164
1.6645
1.66729
1.67269
1.67529
1.67782
1.68029
1.68269
1.68503
1.68729
1.68949
1.69161
1.69565
1.69756
1.69941
1.70118
1.70289
1.70453
1.7061
1.7076
1.70903
1.7117
1.71293
1.71411
1.71521
1.71626
1.71725
1.71817
1.71904
1.71985
1.72131
1.72196
1.72256
1.72311
1.72361
1.72406
1.72447
1.72484
1.72517
1.72572
1.72594
1.72612
1.72628
1.7264
1.7265
1.72658
1.72663
1.72666
1.72667
1.72664
1.72661
1.72656
1.7265
1.72643
1.72635
1.72626
1.72617
1.72598
1.72588
1.72578
1.72568
1.72558
1.72549
1.7254
1.72531
1.72523
1.72507
1.72501
1.72495
1.72489
1.72485
1.72481
1.72478
1.72475
1.72474
1.72473
1.72473
1.72474
1.72476
1.72479
1.72482
1.72486
1.7249
1.72495
1.72507
1.72514
1.72521
1.72529
1.72537
1.72546
1.72554
1.72564
1.72573
1.72593
1.72603
1.72613
1.72623
1.72633
1.72643
1.72653
1.72664
1.72673
1.72693
1.72702
1.72711
1.7272
1.72728
1.72736
1.72743
1.7275
1.72755
1.72765
1.72768
1.72771
1.72772
1.72773
1.72772
1.7277
1.72767
1.72762
1.72749
1.7274
1.72729
1.72716
1.72702
1.72685
1.72667
1.72646
1.72624
1.72571
1.72541
1.72508
1.72473
1.72434
1.72393
1.7235
1.72303
1.72253
1.72143
1.72083
1.7202
1.71953
1.71883
1.71809
1.71732
1.71651
1.71566
1.71385
1.71288
1.71188
1.71084
1.70976
1.70864
1.70748
1.70628
1.70505
1.70246
1.70111
1.69972
1.69829
1.69683
1.69533
1.6938
1.69223
1.69064
1.68734
1.68565
1.68393
1.68218
1.68041
1.67861
1.67679
1.67495
1.67309
1.66931
1.6674
1.66548
1.66355
1.66161
1.65966
1.65771
1.65576
1.65381
1.64992
1.64799
1.64607
1.64416
1.64227
1.6404
1.63854
1.63671
1.63491
1.6314
1.62969
1.62802
1.62639
1.6248
1.62325
1.62176
1.62031
1.61891
1.61629
1.61506
1.6139
1.6128
1.61176
1.61079
1.60989
1.60905
1.60829
1.60698
1.60644
1.60597
1.60557
1.60525
1.60501
1.60484
1.60475
1.60473
1.60493
1.60514
1.60543
1.60579
1.60622
1.60672
1.60728
1.60792
1.60862
1.61022
1.61111
1.61206
1.61307
1.61413
1.61524
1.6164
1.61761
1.61886
1.62149
1.62286
1.62426
1.6257
1.62716
1.62864
1.63015
1.63168
1.63322
1.63634
1.63791
1.63949
1.64107
1.64265
1.64422
1.64578
1.64734
1.64888
1.65192
1.6534
1.65486
1.6563
1.6577
1.65908
1.66041
1.66172
1.66298
1.66537
1.6665
1.66758
1.66861
1.66959
1.67052
1.67138
1.67219
1.67294
1.67425
1.6748
1.67529
1.67572
1.67607
1.67636
1.67657
1.67671
1.67678
1.67671
1.67656
1.67633
1.67604
1.67567
1.67523
1.67471
1.67412
1.67346
1.67193
1.67106
1.67012
1.66912
1.66806
1.66694
1.66575
1.66451
1.66322
1.66048
1.65904
1.65756
1.65604
1.65449
1.6529
1.65128
1.64964
1.64799
1.64462
1.64293
1.64124
1.63954
1.63785
1.63617
1.63451
1.63287
1.63125
1.6281
1.62658
1.62511
1.62368
1.6223
1.62097
1.61971
1.6185
1.61736
1.6153
1.61438
1.61355
1.61279
1.61212
1.61153
1.61103
1.61062
1.61031
1.60997
1.60994
1.61001
1.61017
1.61044
1.6108
1.61125
1.61181
1.61246
1.61405
1.61498
1.61601
1.61712
1.61832
1.61961
1.62097
1.62242
1.62395
1.62722
1.62896
1.63076
1.63262
1.63454
1.63652
1.63854
1.64061
1.64272
1.64706
1.64927
1.65151
1.65378
1.65605
1.65835
1.66065
1.66295
1.66526
1.66986
1.67215
1.67442
1.67668
1.67891
1.68112
1.6833
1.68545
1.68756
1.69167
1.69367
1.69562
1.69752
1.69937
1.70118
1.70293
1.70462
1.70626
1.70936
1.71082
1.71221
1.71355
1.71482
1.71603
1.71718
1.71826
1.71928
1.72112
1.72195
1.72272
1.72342
1.72406
1.72463
1.72515
1.7256
1.726
1.7266
1.72682
1.72698
1.72708
1.72712
1.72711
1.72704
1.72692
1.72674
1.72623
1.72589
1.7255
1.72506
1.72457
1.72403
1.72344
1.72279
1.7221
1.72055
1.71971
1.71881
1.71787
1.71688
1.71583
1.71474
1.7136
1.71241
1.70988
1.70855
1.70716
1.70573
1.70425
1.70273
1.70116
1.69954
1.69788
1.69443
1.69264
1.69081
1.68894
1.68703
1.68508
1.6831
1.68109
1.67904
1.67486
1.67273
1.67058
1.66841
1.66621
1.664
1.66177
1.65953
1.65728
1.65275
1.65049
1.64822
1.64595
1.64369
1.64144
1.63919
1.63695
1.63472
1.63031
1.62813
1.62597
1.62382
1.6217
1.6196
1.61752
1.61546
1.61343
1.60943
1.60746
1.60552
1.6036
1.60171
1.59983
1.59797
1.59613
1.59431
1.59072
1.58894
1.58718
1.58543
1.58368
1.58195
1.58021
1.57849
1.57676
1.57332
1.57159
1.56986
1.56813
1.56639
1.56464
1.56289
1.56113
1.55935
1.55578
1.55397
1.55215
1.55032
1.54848
1.54663
1.54476
1.54289
1.54101
1.53721
1.53531
1.53339
1.53148
1.52956
1.52764
1.52573
1.52382
1.52192
1.51815
1.51629
1.51444
1.51262
1.51082
1.50905
1.50732
1.50562
1.50395
1.50076
1.49923
1.49775
1.49633
1.49497
1.49367
1.49244
1.49128
1.49018
1.48823
1.48737
1.48659
1.4859
1.4853
1.48478
1.48436
1.48403
1.4838
1.48362
1.48368
1.48384
1.4841
1.48446
1.48493
1.48549
1.48616
1.48694
1.4888
1.48988
1.49107
1.49236
1.49375
1.49524
1.49683
1.49853
1.50032
1.5042
1.50628
1.50846
1.51074
1.5131
1.51556
1.51811
1.52075
1.52348
1.52919
1.53217
1.53523
1.53837
1.54159
1.54489
1.54826
1.5517
1.55521
1.56243
1.56613
1.5699
1.57372
1.5776
1.58152
1.5855
1.58952
1.59358
1.60182
1.60599
1.61019
1.61442
1.61866
1.62293
1.62721
1.6315
1.6358
1.6444
1.64869
1.65297
1.65724
1.66149
1.66572
1.66992
1.67409
1.67822
1.68636
1.69036
1.69431
1.69819
1.70202
1.70578
1.70947
1.71309
1.71662
1.72344
1.72671
1.72989
1.73297
1.73595
1.73882
1.74158
1.74422
1.74675
1.75144
1.75359
1.75561
1.75751
1.75926
1.76088
1.76237
1.76371
1.7649
1.76686
1.76763
1.76824
1.76871
1.76904
1.76922
1.76925
1.76914
1.76889
1.76797
1.76731
1.76651
1.76558
1.76453
1.76335
1.76206
1.76065
1.75913
1.75579
1.75398
1.75208
1.75011
1.74806
1.74594
1.74377
1.74154
1.73927
1.73461
1.73225
1.72987
1.72748
1.72509
1.72271
1.72034
1.71799
1.71567
1.71115
1.70895
1.70681
1.70473
1.70271
1.70077
1.6989
1.69711
1.6954
1.69226
1.69083
1.68949
1.68826
1.68712
1.68609
1.68516
1.68433
1.6836
1.68247
1.68206
1.68175
1.68154
1.68142
1.68141
1.68148
1.68165
1.68191
1.68267
1.68317
1.68374
1.68439
1.68509
1.68587
1.68669
1.68757
1.6885
1.69048
1.69152
1.69259
1.69369
1.6948
1.69593
1.69707
1.69821
1.69935
1.70161
1.70272
1.70381
1.70488
1.70592
1.70692
1.70789
1.70882
1.7097
1.71131
1.71204
1.7127
1.7133
1.71384
1.7143
1.71469
1.71501
1.71524
1.71547
1.71546
1.71536
1.71517
1.71489
1.71452
1.71405
1.71349
1.71283
1.71122
1.71026
1.7092
1.70804
1.70678
1.70541
1.70395
1.70239
1.70072
1.69709
1.69513
1.69307
1.69091
1.68866
1.68631
1.68387
1.68134
1.67872
1.67323
1.67036
1.66741
1.66439
1.66129
1.65812
1.65489
1.65159
1.64823
1.64134
1.63783
1.63426
1.63066
1.62701
1.62334
1.61963
1.6159
1.61214
1.60459
1.60079
1.59699
1.59319
1.5894
1.5856
1.58182
1.57806
1.57431
1.56688
1.5632
1.55956
1.55595
1.55237
1.54884
1.54535
1.5419
1.5385
1.53186
1.52861
1.52542
1.52229
1.51921
1.51619
1.51323
1.51033
1.50748
1.50199
1.49933
1.49674
1.49421
1.49174
1.48934
1.48701
1.48474
1.48253
1.47831
1.4763
1.47435
1.47247
1.47066
1.46892
1.46724
1.46563
1.46409
1.46121
1.45988
1.45862
1.45743
1.45631
1.45527
1.4543
1.45341
1.45259
1.45118
1.4506
1.4501
1.44967
1.44933
1.44907
1.44889
1.44879
1.44878
1.44901
1.44924
1.44956
1.44997
1.45045
1.45102
1.45167
1.45241
1.45322
1.45508
1.45613
1.45725
1.45845
1.45972
1.46106
1.46247
1.46394
1.46549
1.46876
1.47048
1.47226
1.47409
1.47598
1.47791
1.47989
1.48192
1.48398
1.48822
1.4904
1.4926
1.49483
1.49709
1.49937
1.50167
1.504
1.50633
1.51104
1.51341
1.51579
1.51817
1.52055
1.52293
1.52531
1.52769
1.53005
1.53476
1.5371
1.53942
1.54172
1.544
1.54627
1.54851
1.55072
1.55291
1.55721
1.55931
1.56138
1.56342
1.56542
1.56739
1.56932
1.57122
1.57307
1.57665
1.57838
1.58006
1.58171
1.5833
1.58485
1.58635
1.5878
1.58921
1.59187
1.59312
1.59432
1.59547
1.59656
1.59761
1.59859
1.59952
1.6004
1.60198
1.60268
1.60332
1.60391
1.60443
1.60489
1.60529
1.60563
1.6059
1.60626
1.60634
1.60635
1.60629
1.60616
1.60597
1.6057
1.60537
1.60496
1.60392
1.60329
1.60259
1.60181
1.60095
1.60002
1.59901
1.59793
1.59676
1.5942
1.59279
1.59132
1.58976
1.58812
1.58641
1.58462
1.58275
1.58081
1.5767
1.57453
1.57229
1.56998
1.5676
1.56516
1.56265
1.56007
1.55743
1.55198
1.54918
1.54632
1.54341
1.54047
1.53748
1.53445
1.53139
1.5283
1.52205
1.51889
1.51573
1.51256
1.50939
1.50622
1.50306
1.49991
1.49678
1.4906
1.48756
1.48456
1.48161
1.47871
1.47587
1.47309
1.47038
1.46774
1.4627
1.46031
1.45801
1.45581
1.45372
1.45173
1.44985
1.44808
1.44643
1.4435
1.44222
1.44107
1.44006
1.43918
1.43843
1.43783
1.43736
1.43703
1.4368
1.4369
1.43714
1.43753
1.43806
1.43873
1.43954
1.44048
1.44157
1.44415
1.44564
1.44727
1.44902
1.4509
1.4529
1.45503
1.45728
1.45964
1.4647
1.46739
1.47019
1.47309
1.47608
1.47917
1.48235
1.48561
1.48896
1.49588
1.49945
1.50308
1.50678
1.51054
1.51435
1.51821
1.52212
1.52607
1.53408
1.53813
1.5422
1.5463
1.55041
1.55453
1.55866
1.5628
1.56693
1.57518
1.57929
1.58338
1.58746
1.5915
1.59552
1.59951
1.60346
1.60737
1.61506
1.61883
1.62255
1.6262
1.6298
1.63333
1.6368
1.64019
1.64351
1.64992
1.653
1.656
1.65891
1.66174
1.66446
1.6671
1.66963
1.67207
1.67664
1.67877
1.6808
1.68271
1.68452
1.68622
1.6878
1.68928
1.69064
1.69303
1.69405
1.69496
1.69575
1.69643
1.697
1.69746
1.6978
1.69804
1.69818
1.6981
1.69791
1.69762
1.69723
1.69675
1.69617
1.69551
1.69476
1.69301
1.69202
1.69096
1.68983
1.68864
1.68739
1.68609
1.68473
1.68334
1.68043
1.67894
1.67741
1.67587
1.67431
1.67274
1.67116
1.66959
1.66801
1.66489
1.66335
1.66183
1.66034
1.65887
1.65743
1.65602
1.65464
1.65331
1.65076
1.64955
1.64838
1.64726
1.64618
1.64516
1.64418
1.64326
1.64238
1.64079
1.64006
1.63939
1.63877
1.6382
1.63768
1.63721
1.63679
1.63642
1.63584
1.63562
1.63545
1.63532
1.63525
1.63522
1.63524
1.63531
1.63543
1.6358
1.63606
1.63636
1.63671
1.6371
1.63754
1.63802
1.63855
1.63911
1.64036
1.64105
1.64177
1.64253
1.64332
1.64414
1.645
1.64588
1.64678
1.64867
1.64963
1.65062
1.65161
1.65261
1.65362
1.65462
1.65563
1.65662
1.65858
1.65953
1.66046
1.66136
1.66223
1.66307
1.66387
1.66462
1.66533
1.66658
1.66712
1.6676
1.66802
1.66837
1.66865
1.66886
1.66899
1.66905
1.66893
1.66875
1.66849
1.66816
1.66775
1.66726
1.66669
1.66605
1.66534
1.66372
1.66282
1.66186
1.66084
1.65978
1.65868
1.65753
1.65636
1.65515
1.65268
1.65142
1.65016
1.6489
1.64764
1.6464
1.64516
1.64395
1.64276
1.64048
1.63939
1.63833
1.63732
1.63635
1.63542
1.63454
1.6337
1.63291
1.63147
1.63082
1.63022
1.62966
1.62914
1.62867
1.62823
1.62783
1.62746
1.62683
1.62656
1.62632
1.6261
1.62591
1.62574
1.6256
1.62547
1.62536
1.62519
1.62513
1.62508
1.62504
1.62502
1.625
1.625
1.625
1.62501
1.62507
1.6251
1.62515
1.6252
1.62525
1.62531
1.62538
1.62545
1.62552
1.62568
1.62576
1.62584
1.62592
1.626
1.62608
1.62615
1.62622
1.62628
1.62637
1.62641
1.62643
1.62643
1.62642
1.62638
1.62633
1.62626
1.62616
1.62589
1.62571
1.6255
1.62525
1.62497
1.62465
1.6243
1.6239
1.62346
1.62246
1.6219
1.62129
1.62063
1.61992
1.61917
1.61837
1.61751
1.61661
1.61466
1.61361
1.61251
1.61137
1.61017
1.60893
1.60763
1.6063
1.60491
1.60202
1.60051
1.59895
1.59736
1.59574
1.59407
1.59237
1.59064
1.58888
1.58526
1.58341
1.58154
1.57964
1.57772
1.57578
1.57382
1.57184
1.56985
1.56584
1.56381
1.56178
1.55974
1.5577
1.55565
1.5536
1.55155
1.54951
1.54542
1.54338
1.54135
1.53933
1.53732
1.53532
1.53333
1.53135
1.52939
1.52551
1.5236
1.5217
1.51983
1.51798
1.51615
1.51435
1.51257
1.51082
1.50739
1.50573
1.50409
1.50249
1.50092
1.49939
1.49789
1.49643
1.49501
1.4923
1.491
1.48975
1.48855
1.48739
1.48627
1.48521
1.48419
1.48323
1.48145
1.48063
1.47987
1.47917
1.47851
1.47792
1.47737
1.47688
1.47645
1.47575
1.47549
1.47528
1.47513
1.47504
1.475
1.47501
1.47509
1.47522
1.47564
1.47594
1.47629
1.4767
1.47716
1.47769
1.47826
1.47889
1.47958
1.48112
1.48197
1.48287
1.48383
1.48485
1.48592
1.48704
1.48822
1.48945
1.49207
1.49345
1.49489
1.49639
1.49793
1.49952
1.50117
1.50286
1.5046
1.50822
1.5101
1.51203
1.51399
1.51599
1.51804
1.52012
1.52223
1.52438
1.52877
1.53101
1.53327
1.53555
1.53786
1.54018
1.54251
1.54486
1.54722
1.55194
1.55431
1.55667
1.55902
1.56137
1.5637
1.56602
1.56832
1.57059
1.57507
1.57725
1.57941
1.58152
1.58359
1.58562
1.5876
1.58953
1.5914
1.59496
1.59665
1.59827
1.59981
1.60129
1.60268
1.604
1.60523
1.60638
1.60841
1.60929
1.61007
1.61076
1.61135
1.61183
1.61221
1.61249
1.61267
1.61269
1.61254
1.61228
1.61191
1.61143
1.61084
1.61013
1.60932
1.60839
1.60622
1.60497
1.60361
1.60215
1.60059
1.59893
1.59717
1.59532
1.59337
1.58922
1.58703
1.58475
1.5824
1.57999
1.57751
1.57497
1.57237
1.56973
1.56431
1.56154
1.55875
1.55593
1.5531
1.55026
1.5474
1.54455
1.5417
1.53603
1.53322
1.53043
1.52767
1.52494
1.52225
1.51959
1.51698
1.51442
1.50945
1.50704
1.50469
1.50241
1.50018
1.49801
1.49591
1.49388
1.49191
1.48818
1.48641
1.48471
1.48308
1.48152
1.48002
1.47859
1.47723
1.47593
1.47352
1.47241
1.47136
1.47037
1.46945
1.46858
1.46776
1.467
1.4663
1.46505
1.46451
1.46401
1.46356
1.46316
1.46281
1.46251
1.46224
1.46202
1.46172
1.46162
1.46157
1.46155
1.46158
1.46164
1.46173
1.46186
1.46203
1.46246
1.46272
1.46302
1.46334
1.4637
1.46408
1.46449
1.46492
1.46539
1.46638
1.46692
1.46747
1.46805
1.46864
1.46926
1.46989
1.47054
1.4712
1.47258
1.47329
1.47401
1.47474
1.47549
1.47625
1.47701
1.47778
1.47857
1.48015
1.48096
1.48177
1.48259
1.48342
1.48425
1.48509
1.48594
1.48679
1.48853
1.48941
1.4903
1.4912
1.4921
1.49303
1.49396
1.4949
1.49586
1.49783
1.49884
1.49987
1.50092
1.50199
1.50308
1.5042
1.50535
1.50652
1.50895
1.51022
1.51151
1.51284
1.51421
1.51561
1.51705
1.51852
1.52003
1.52318
1.52481
1.52648
1.52819
1.52994
1.53173
1.53356
1.53542
1.53732
1.54122
1.54321
1.54524
1.54729
1.54937
1.55147
1.55359
1.55573
1.55788
1.56221
1.56438
1.56655
1.56871
1.57087
1.57301
1.57514
1.57725
1.57933
1.58341
1.5854
1.58735
1.58925
1.59111
1.59291
1.59466
1.59636
1.59799
1.60106
1.6025
1.60386
1.60515
1.60637
1.60751
1.60857
1.60956
1.61047
1.61205
1.61272
1.61331
1.61383
1.61427
1.61463
1.61492
1.61515
1.6153
1.61541
1.61537
1.61528
1.61513
1.61493
1.61468
1.61438
1.61405
1.61367
1.61283
1.61237
1.61189
1.61139
1.61088
1.61037
1.60984
1.60932
1.6088
1.60779
1.6073
1.60683
1.60638
1.60596
1.60557
1.60521
1.60488
1.60458
1.60411
1.60394
1.60381
1.60372
1.60368
1.60369
1.60375
1.60386
1.60402
1.60449
1.6048
1.60516
1.60557
1.60602
1.60653
1.60708
1.60768
1.60832
1.60973
1.6105
1.61131
1.61215
1.61303
1.61394
1.61488
1.61585
1.61685
1.61893
1.62
1.62109
1.6222
1.62333
1.62447
1.62562
1.62678
1.62796
1.63032
1.63151
1.63271
1.6339
1.6351
1.6363
1.6375
1.63869
1.63988
1.64225
1.64343
1.64461
1.64578
1.64695
1.6481
1.64926
1.65041
1.65155
1.65382
1.65494
1.65607
1.65719
1.6583
1.65941
1.66052
1.66163
1.66273
1.66494
1.66605
1.66715
1.66826
1.66937
1.67049
1.67161
1.67273
1.67386
1.67614
1.6773
1.67846
1.67964
1.68082
1.68202
1.68324
1.68447
1.68571
1.68825
1.68954
1.69086
1.6922
1.69357
1.69495
1.69636
1.69779
1.69925
1.70225
1.70379
1.70536
1.70695
1.70858
1.71023
1.7119
1.71361
1.71534
1.71888
1.72069
1.72251
1.72436
1.72623
1.72811
1.73001
1.73193
1.73385
1.7377
1.73964
1.74157
1.74349
1.74541
1.74731
1.7492
1.75107
1.75292
1.75653
1.75829
1.76002
1.7617
1.76334
1.76494
1.76648
1.76798
1.76942
1.77212
1.77339
1.77458
1.77572
1.77678
1.77778
1.7787
1.77956
1.78034
1.78168
1.78225
1.78273
1.78314
1.78348
1.78375
1.78394
1.78406
1.78411
1.78399
1.78383
1.7836
1.78331
1.78295
1.78253
1.78205
1.78151
1.78091
1.77956
1.77881
1.778
1.77716
1.77626
1.77533
1.77436
1.77335
1.77231
1.77012
1.76899
1.76783
1.76665
1.76545
1.76423
1.76299
1.76174
1.76048
1.75792
1.75664
1.75534
1.75405
1.75275
1.75146
1.75017
1.74888
1.7476
1.74506
1.74381
1.74257
1.74134
1.74013
1.73893
1.73775
1.73659
1.73545
1.73322
1.73214
1.73108
1.73005
1.72904
1.72806
1.7271
1.72617
1.72526
1.72353
1.7227
1.7219
1.72113
1.72038
1.71966
1.71897
1.7183
1.71765
1.71643
1.71585
1.7153
1.71476
1.71424
1.71375
1.71326
1.7128
1.71235
1.71148
1.71106
1.71065
1.71025
1.70986
1.70946
1.70908
1.70869
1.7083
1.70753
1.70713
1.70673
1.70633
1.70591
1.70549
1.70506
1.70462
1.70417
1.70324
1.70276
1.70226
1.70176
1.70125
1.70072
1.70019
1.69964
1.69909
1.69796
1.69739
1.6968
1.69622
1.69563
1.69503
1.69444
1.69384
1.69324
1.69205
1.69146
1.69087
1.69028
1.6897
1.68913
1.68856
1.688
1.68744
1.68635
1.68582
1.68529
1.68478
1.68427
1.68377
1.68327
1.68278
1.6823
1.68135
1.68087
1.68041
1.67994
1.67947
1.67901
1.67854
1.67808
1.67761
1.67668
1.6762
1.67572
1.67524
1.67476
1.67427
1.67378
1.67328
1.67278
1.67178
1.67127
1.67076
1.67025
1.66974
1.66923
1.66873
1.66823
1.66773
1.66677
1.6663
1.66584
1.6654
1.66497
1.66456
1.66417
1.6638
1.66346
1.66286
1.6626
1.66238
1.66219
1.66204
1.66193
1.66186
1.66183
1.66185
1.66203
1.66219
1.6624
1.66266
1.66297
1.66334
1.66375
1.66422
1.66474
1.66594
1.66661
1.66734
1.66811
1.66893
1.66979
1.6707
1.67164
1.67262
1.67469
1.67577
1.67687
1.678
1.67915
1.68032
1.6815
1.68269
1.68388
1.68628
1.68748
1.68867
1.68985
1.69101
1.69216
1.69329
1.6944
1.69548
1.69755
1.69854
1.69949
1.7004
1.70127
1.7021
1.70289
1.70363
1.70432
1.70555
1.70608
1.70657
1.707
1.70738
1.7077
1.70797
1.70818
1.70834
1.70848
1.70847
1.7084
1.70828
1.7081
1.70787
1.70758
1.70724
1.70685
1.7059
1.70536
1.70476
1.70412
1.70342
1.70268
1.7019
1.70107
1.7002
1.69832
1.69733
1.69629
1.69522
1.69412
1.69298
1.6918
1.6906
1.68936
1.68681
1.68549
1.68415
1.68279
1.6814
1.68
1.67857
1.67713
1.67567
1.67271
1.67121
1.6697
1.66817
1.66665
1.66511
1.66357
1.66203
1.66049
1.6574
1.65585
1.65431
1.65277
1.65124
1.64972
1.6482
1.64669
1.64519
1.64223
1.64076
1.63931
1.63788
1.63646
1.63506
1.63367
1.6323
1.63095
1.62831
1.62702
1.62575
1.6245
1.62328
1.62208
1.62091
1.61977
1.61865
1.61649
1.61546
1.61447
1.6135
1.61257
1.61167
1.61081
1.60999
1.60921
1.60777
1.60712
1.60651
1.60596
1.60545
1.60499
1.60458
1.60422
1.60393
1.60349
1.60336
1.60329
1.60328
1.60334
1.60345
1.60362
1.60386
1.60416
1.60495
1.60545
1.606
1.60662
1.6073
1.60804
1.60884
1.6097
1.61063
1.61264
1.61373
1.61488
1.61608
1.61733
1.61863
1.61998
1.62138
1.62283
1.62585
1.62743
1.62905
1.6307
1.6324
1.63412
1.63589
1.63768
1.63951
1.64326
1.64517
1.64711
1.64908
1.65107
1.65308
1.65511
1.65716
1.65923
1.66342
1.66554
1.66767
1.66982
1.67197
1.67414
1.67631
1.67849
1.68068
1.68506
1.68725
1.68944
1.69163
1.69381
1.69599
1.69815
1.70031
1.70245
1.70669
1.70878
1.71085
1.71289
1.71491
1.7169
1.71885
1.72078
1.72267
1.72633
1.7281
1.72982
1.73149
1.73311
1.73468
1.73619
1.73765
1.73904
1.74164
1.74283
1.74396
1.74501
1.746
1.7469
1.74773
1.74847
1.74914
1.75021
1.75062
1.75094
1.75117
1.75131
1.75135
1.7513
1.75116
1.75093
1.75017
1.74964
1.74902
1.74829
1.74747
1.74655
1.74553
1.74442
1.7432
1.74047
1.73896
1.73735
1.73565
1.73384
1.73195
1.72996
1.72788
1.7257
1.72108
1.71863
1.7161
1.71349
1.71079
1.70802
1.70516
1.70223
1.69922
1.69301
1.6898
1.68654
1.68321
1.67984
1.67641
1.67294
1.66943
1.66588
1.65869
1.65506
1.6514
1.64773
1.64406
1.64037
1.63669
1.63301
1.62934
1.62205
1.61844
1.61486
1.61131
1.60781
1.60434
1.60093
1.59756
1.59425
1.58781
1.58469
1.58163
1.57865
1.57574
1.5729
1.57014
1.56747
1.56487
1.55991
1.55756
1.55528
1.55309
1.55098
1.54895
1.547
1.54513
1.54333
1.53997
1.53839
1.53689
1.53545
1.53408
1.53278
1.53153
1.53034
1.52921
1.5271
1.52613
1.52519
1.5243
1.52346
1.52265
1.52187
1.52113
1.52042
1.51909
1.51846
1.51786
1.51727
1.51671
1.51617
1.51564
1.51514
1.51464
1.51369
1.51322
1.51277
1.51233
1.51189
1.51146
1.51103
1.51061
1.51019
1.50936
1.50894
1.50852
1.50811
1.50769
1.50727
1.50685
1.50642
1.506
1.50513
1.50469
1.50424
1.50379
1.50333
1.50287
1.5024
1.50192
1.50143
1.50044
1.49994
1.49942
1.4989
1.49837
1.49784
1.49729
1.49674
1.49619
1.49506
1.49449
1.49391
1.49333
1.49275
1.49216
1.49158
1.49099
1.49041
1.48924
1.48867
1.48809
1.48753
1.48697
1.48642
1.48588
1.48535
1.48483
1.48383
1.48335
1.48289
1.48245
1.48203
1.48163
1.48124
1.48088
1.48054
1.47994
1.47967
1.47943
1.47921
1.47902
1.47886
1.47872
1.47861
1.47852
1.47843
1.47843
1.47845
1.4785
1.47857
1.47866
1.47879
1.47893
1.4791
1.47952
1.47976
1.48002
1.4803
1.4806
1.48093
1.48127
1.48162
1.482
1.48279
1.48321
1.48364
1.48408
1.48454
1.48501
1.48548
1.48596
1.48645
1.48745
1.48796
1.48847
1.48898
1.48949
1.49001
1.49052
1.49104
1.49155
1.49258
1.49308
1.49358
1.49408
1.49457
1.49506
1.49553
1.496
1.49646
1.49735
1.49778
1.4982
1.4986
1.499
1.49937
1.49974
1.50009
1.50043
1.50104
1.50133
1.5016
1.50185
1.50208
1.50229
1.50248
1.50266
1.50281
1.50306
1.50316
1.50323
1.50329
1.50333
1.50335
1.50336
1.50335
1.50332
1.50322
1.50315
1.50306
1.50297
1.50287
1.50276
1.50265
1.50253
1.50241
1.50218
1.50207
1.50197
1.50188
1.5018
1.50173
1.50168
1.50165
1.50164
1.5017
1.50177
1.50188
1.50202
1.5022
1.50241
1.50267
1.50297
1.50332
1.50416
1.50466
1.50521
1.50582
1.50648
1.50721
1.50799
1.50882
1.50972
1.51171
1.5128
1.51394
1.51515
1.51643
1.51776
1.51915
1.52061
1.52213
1.52534
1.52703
1.52877
1.53058
1.53243
1.53434
1.5363
1.53831
1.54036
1.54461
1.5468
1.54903
1.5513
1.5536
1.55594
1.55832
1.56072
1.56316
1.56811
1.57063
1.57317
1.57573
1.57831
1.58091
1.58352
1.58616
1.58881
1.59414
1.59683
1.59952
1.60223
1.60494
1.60765
1.61037
1.61309
1.61582
1.62127
1.624
1.62672
1.62945
1.63216
1.63488
1.63758
1.64028
1.64297
1.64832
1.65097
1.65362
1.65624
1.65885
1.66145
1.66402
1.66658
1.66911
1.67411
1.67657
1.67901
1.68142
1.68379
1.68614
1.68845
1.69073
1.69297
1.69735
1.69948
1.70156
1.7036
1.7056
1.70755
1.70945
1.71131
1.71311
1.71655
1.71819
1.71978
1.7213
1.72277
1.72417
1.72551
1.72678
1.72799
1.73022
1.73122
1.73216
1.73303
1.73382
1.73454
1.73519
1.73575
1.73624
1.73699
1.73724
1.73741
1.73749
1.7375
1.73742
1.73725
1.737
1.73667
1.73574
1.73515
1.73447
1.7337
1.73285
1.73191
1.73088
1.72977
1.72857
1.72591
1.72445
1.72291
1.72129
1.71959
1.7178
1.71594
1.714
1.71198
1.70772
1.70548
1.70317
1.7008
1.69836
1.69585
1.69329
1.69066
1.68798
1.68246
1.67963
1.67676
1.67384
1.67088
1.66789
1.66487
1.66181
1.65874
1.65252
1.64939
1.64624
1.64309
1.63994
1.63678
1.63363
1.63049
1.62736
1.62115
1.61808
1.61503
1.61202
1.60904
1.60609
1.60319
1.60033
1.59753
1.59208
1.58944
1.58686
1.58435
1.58191
1.57954
1.57725
1.57503
1.57289
1.56887
1.56698
1.56518
1.56348
1.56186
1.56034
1.55892
1.55759
1.55636
1.55419
1.55326
1.55243
1.55169
1.55106
1.55052
1.55009
1.54976
1.54953
1.54935
1.54941
1.54957
1.54982
1.55016
1.55059
1.55111
1.55173
1.55243
1.55408
1.55503
1.55606
1.55717
1.55835
1.5596
1.56093
1.56232
1.56378
1.56687
1.56851
1.5702
1.57195
1.57374
1.57559
1.57747
1.5794
1.58136
1.5854
1.58747
1.58957
1.59169
1.59383
1.596
1.59818
1.60038
1.60259
1.60704
1.60927
1.61151
1.61374
1.61597
1.6182
1.62041
1.62262
1.62482
1.62916
1.6313
1.63342
1.63552
1.63759
1.63964
1.64165
1.64363
1.64558
1.64936
1.65119
1.65298
1.65472
1.65642
1.65808
1.65968
1.66123
1.66273
1.66556
1.6669
1.66817
1.66939
1.67054
1.67163
1.67266
1.67363
1.67453
1.67613
1.67683
1.67746
1.67802
1.67852
1.67894
1.67929
1.67958
1.67979
1.67999
1.67999
1.67992
1.67978
1.67957
1.67929
1.67894
1.67852
1.67804
1.67688
1.6762
1.67547
1.67467
1.67381
1.67289
1.67192
1.67089
1.66981
1.6675
1.66627
1.66501
1.6637
1.66235
1.66096
1.65955
1.6581
1.65663
1.65361
1.65207
1.65052
1.64895
1.64738
1.64579
1.64421
1.64263
1.64105
1.63792
1.63638
1.63485
1.63334
1.63186
1.6304
1.62897
1.62757
1.62621
1.62359
1.62235
1.62115
1.61999
1.61888
1.61782
1.61681
1.61585
1.61494
1.61328
1.61253
1.61183
1.61119
1.6106
1.61006
1.60956
1.60912
1.60873
1.60807
1.60781
1.60759
1.60741
1.60726
1.60715
1.60706
1.60701
1.60698
1.607
1.60704
1.60709
1.60716
1.60725
1.60734
1.60744
1.60754
1.60765
1.60787
1.60797
1.60807
1.60816
1.60825
1.60832
1.60838
1.60843
1.60847
1.60849
1.60847
1.60844
1.60839
1.60832
1.60822
1.60811
1.60797
1.60781
1.60742
1.60719
1.60693
1.60665
1.60634
1.60601
1.60565
1.60527
1.60486
1.60397
1.60349
1.60298
1.60245
1.60189
1.60131
1.60071
1.60008
1.59944
1.59808
1.59738
1.59666
1.59592
1.59517
1.5944
1.59362
1.59282
1.59201
1.59037
1.58954
1.5887
1.58786
1.58702
1.58617
1.58533
1.58449
1.58366
1.58201
1.58121
1.58041
1.57964
1.57888
1.57814
1.57742
1.57672
1.57606
1.5748
1.57422
1.57367
1.57316
1.57268
1.57224
1.57185
1.57149
1.57118
1.57069
1.57052
1.57039
1.57031
1.57029
1.57031
1.57038
1.5705
1.57067
1.57117
1.5715
1.57187
1.5723
1.57277
1.57329
1.57386
1.57447
1.57513
1.57657
1.57735
1.57817
1.57902
1.57991
1.58084
1.58179
1.58278
1.58379
1.58589
1.58698
1.58809
1.58921
1.59035
1.59151
1.59268
1.59387
1.59506
1.59748
1.59869
1.59992
1.60115
1.60238
1.60361
1.60485
1.60609
1.60733
1.60981
1.61105
1.61228
1.61352
1.61475
1.61598
1.61721
1.61844
1.61966
1.62211
1.62333
1.62455
1.62577
1.62698
1.6282
1.62942
1.63063
1.63185
1.63428
1.6355
1.63671
1.63793
1.63915
1.64036
1.64158
1.64279
1.64401
1.64643
1.64764
1.64885
1.65006
1.65126
1.65245
1.65365
1.65483
1.65601
1.65834
1.65949
1.66063
1.66175
1.66287
1.66397
1.66505
1.66611
1.66716
1.66919
1.67017
1.67112
1.67205
1.67295
1.67382
1.67466
1.67547
1.67625
1.67769
1.67836
1.67899
1.67958
1.68012
1.68063
1.6811
1.68152
1.6819
1.68251
1.68275
1.68295
1.68309
1.68319
1.68325
1.68325
1.68321
1.68312
1.68281
1.68258
1.68231
1.68199
1.68163
1.68123
1.68079
1.68031
1.67979
1.67864
1.67802
1.67736
1.67667
1.67596
1.67521
1.67445
1.67366
1.67285
1.67119
1.67033
1.66946
1.66859
1.66771
1.66682
1.66593
1.66504
1.66415
1.66238
1.66151
1.66064
1.65979
1.65895
1.65812
1.65731
1.65652
1.65574
1.65425
1.65353
1.65284
1.65216
1.65151
1.65089
1.65028
1.6497
1.64914
1.64808
1.64759
1.64712
1.64666
1.64622
1.6458
1.6454
1.64501
1.64464
1.64393
1.64359
1.64326
1.64293
1.64261
1.64229
1.64198
1.64166
1.64134
1.64068
1.64034
1.63999
1.63962
1.63924
1.63884
1.63843
1.63799
1.63752
1.63651
1.63596
1.63538
1.63476
1.6341
1.6334
1.63266
1.63188
1.63105
1.62923
1.62825
1.62721
1.62612
1.62496
1.62375
1.62247
1.62114
1.61973
1.61673
1.61514
1.61347
1.61173
1.60993
1.60806
1.60612
1.60412
1.60205
1.5977
1.59543
1.5931
1.59071
1.58827
1.58576
1.5832
1.5806
1.57794
1.57251
1.56973
1.56693
1.56409
1.56124
1.55837
1.55549
1.5526
1.54971
1.54396
1.5411
1.53827
1.53546
1.53269
1.52996
1.52728
1.52465
1.52208
1.51713
1.51477
1.51249
1.5103
1.50819
1.50618
1.50427
1.50247
1.50077
1.49771
1.49635
1.49511
1.49399
1.493
1.49212
1.49137
1.49075
1.49024
1.48961
1.48948
1.48947
1.48958
1.4898
1.49015
1.4906
1.49116
1.49184
1.49349
1.49447
1.49554
1.4967
1.49794
1.49927
1.50068
1.50216
1.50371
1.50701
1.50874
1.51053
1.51237
1.51425
1.51616
1.51811
1.52009
1.5221
1.52616
1.52822
1.53027
1.53233
1.53439
1.53644
1.53848
1.5405
1.5425
1.54642
1.54833
1.55021
1.55204
1.55383
1.55558
1.55727
1.5589
1.56048
1.56345
1.56483
1.56614
1.56737
1.56853
1.56961
1.57061
1.57153
1.57236
1.57376
1.57432
1.57479
1.57516
1.57545
1.57563
1.57572
1.57572
1.57561
1.57511
1.57471
1.57422
1.57362
1.57293
1.57214
1.57125
1.57028
1.5692
1.56679
1.56545
1.56402
1.56251
1.56092
1.55925
1.55751
1.55569
1.5538
1.54982
1.54773
1.54559
1.5434
1.54115
1.53886
1.53652
1.53415
1.53174
1.52684
1.52435
1.52185
1.51934
1.51682
1.51429
1.51177
1.50926
1.50675
1.50179
1.49935
1.49693
1.49455
1.49221
1.4899
1.48765
1.48544
1.48329
1.47916
1.4772
1.4753
1.47347
1.47172
1.47005
1.46845
1.46694
1.46551
1.46292
1.46176
1.46069
1.45971
1.45882
1.45803
1.45734
1.45673
1.45623
1.45549
1.45527
1.45513
1.45509
1.45514
1.45527
1.45549
1.4558
1.45619
1.45721
1.45783
1.45852
1.45929
1.46013
1.46103
1.46199
1.46301
1.46409
1.46639
1.46762
1.46889
1.4702
1.47155
1.47294
1.47435
1.4758
1.47727
1.48029
1.48183
1.48339
1.48496
1.48654
1.48814
1.48975
1.49137
1.49299
1.49626
1.4979
1.49954
1.50119
1.50284
1.50449
1.50615
1.50782
1.50948
1.51283
1.51451
1.5162
1.5179
1.5196
1.52132
1.52304
1.52478
1.52652
1.53006
1.53185
1.53366
1.53548
1.53733
1.53919
1.54107
1.54298
1.54491
1.54884
1.55084
1.55286
1.55492
1.55699
1.5591
1.56123
1.56338
1.56557
1.57001
1.57227
1.57456
1.57687
1.5792
1.58156
1.58394
1.58634
1.58876
1.59366
1.59613
1.59862
1.60112
1.60364
1.60616
1.6087
1.61125
1.6138
1.61891
1.62147
1.62403
1.62659
1.62914
1.63168
1.63422
1.63675
1.63926
1.64425
1.64672
1.64917
1.65159
1.654
1.65637
1.65872
1.66104
1.66333
1.66781
1.66999
1.67214
1.67424
1.6763
1.67831
1.68028
1.6822
1.68408
1.68766
1.68938
1.69103
1.69263
1.69416
1.69564
1.69705
1.6984
1.69968
1.70205
1.70313
1.70414
1.70508
1.70594
1.70674
1.70746
1.70811
1.70868
1.7096
1.70995
1.71022
1.71041
1.71053
1.71057
1.71053
1.71042
1.71023
1.70963
1.70921
1.70873
1.70817
1.70754
1.70683
1.70606
1.70522
1.70431
1.70231
1.70121
1.70005
1.69883
1.69756
1.69623
1.69484
1.69341
1.69192
1.68881
1.68719
1.68553
1.68384
1.6821
1.68033
1.67853
1.6767
1.67485
1.67106
1.66913
1.66718
1.66521
1.66323
1.66123
1.65922
1.6572
1.65517
1.65108
1.64903
1.64698
1.64492
1.64286
1.64081
1.63875
1.63669
1.63464
1.63054
1.6285
1.62646
1.62443
1.6224
1.62038
1.61836
1.61635
1.61435
1.61038
1.6084
1.60643
1.60448
1.60253
1.60059
1.59866
1.59674
1.59483
1.59104
1.58917
1.5873
1.58545
1.58361
1.58179
1.57998
1.57818
1.5764
1.57288
1.57115
1.56943
1.56772
1.56604
1.56437
1.56272
1.56109
1.55948
1.55631
1.55476
1.55322
1.55171
1.55021
1.54874
1.54728
1.54585
1.54443
1.54166
1.5403
1.53897
1.53765
1.53635
1.53506
1.5338
1.53255
1.53132
1.52891
1.52773
1.52656
1.52541
1.52427
1.52315
1.52203
1.52094
1.51985
1.51771
1.51666
1.51562
1.51458
1.51356
1.51255
1.51155
1.51056
1.50958
1.50764
1.50669
1.50576
1.50483
1.50392
1.50302
1.50214
1.50127
1.50042
1.49879
1.498
1.49724
1.49651
1.49581
1.49514
1.49451
1.49391
1.49336
1.49239
1.49198
1.49162
1.49132
1.49108
1.49091
1.4908
1.49077
1.49082
1.49115
1.49144
1.49182
1.4923
1.49287
1.49355
1.49432
1.49521
1.49619
1.4985
1.49982
1.50125
1.5028
1.50446
1.50624
1.50814
1.51015
1.51227
1.51686
1.51932
1.52188
1.52455
1.52732
1.53018
1.53314
1.53619
1.53932
1.54582
1.54918
1.5526
1.55608
1.55961
1.56319
1.5668
1.57045
1.57413
1.58154
1.58526
1.58898
1.59269
1.59639
1.60007
1.60372
1.60734
1.61092
1.61793
1.62136
1.62471
1.628
1.63121
1.63434
1.63739
1.64034
1.64319
1.64859
1.65113
1.65355
1.65586
1.65804
1.6601
1.66203
1.66383
1.6655
1.66842
1.66968
1.6708
1.67177
1.6726
1.67329
1.67384
1.67424
1.6745
1.67458
1.67441
1.67409
1.67364
1.67304
1.6723
1.67143
1.67043
1.66929
1.66664
1.66512
1.66349
1.66174
1.65988
1.65791
1.65584
1.65366
1.65139
1.64658
1.64405
1.64144
1.63876
1.63601
1.63321
1.63034
1.62743
1.62447
1.61844
1.61538
1.6123
1.60921
1.60611
1.603
1.5999
1.5968
1.59372
1.58763
1.58462
1.58165
1.57872
1.57584
1.57301
1.57024
1.56753
1.56488
1.55979
1.55736
1.55501
1.55274
1.55055
1.54846
1.54646
1.54455
1.54273
1.53938
1.53785
1.53641
1.53508
1.53384
1.53271
1.53167
1.53073
1.52988
1.52848
1.52792
1.52745
1.52708
1.52679
1.52659
1.52648
1.52646
1.52651
1.52687
1.52717
1.52754
1.52799
1.52851
1.52909
1.52975
1.53048
1.53127
1.53303
1.53401
1.53503
1.53612
1.53725
1.53844
1.53967
1.54094
1.54226
1.54502
1.54644
1.5479
1.54939
1.5509
1.55244
1.55399
1.55556
1.55714
1.56033
1.56193
1.56353
1.56512
1.56671
1.56828
1.56985
1.57139
1.57291
1.57587
1.57731
1.57871
1.58007
1.58138
1.58265
1.58388
1.58505
1.58616
1.58822
1.58916
1.59003
1.59083
1.59157
1.59223
1.59282
1.59333
1.59377
1.5944
1.5946
1.59472
1.59475
1.5947
1.59457
1.59435
1.59405
1.59366
1.59263
1.59199
1.59127
1.59046
1.58957
1.5886
1.58755
1.58643
1.58522
1.58259
1.58116
1.57966
1.57809
1.57645
1.57475
1.57298
1.57114
1.56925
1.56528
1.56322
1.5611
1.55894
1.55672
1.55447
1.55217
1.54983
1.54745
1.5426
1.54013
1.53764
1.53512
1.53259
1.53004
1.52748
1.52491
1.52233
1.51718
1.51462
1.51207
1.50953
1.50701
1.50451
1.50204
1.49961
1.49721
1.49254
1.49028
1.48808
1.48594
1.48387
1.48187
1.47995
1.4781
1.47635
1.47311
1.47164
1.47028
1.46903
1.46789
1.46687
1.46596
1.46519
1.46454
1.46363
1.46337
1.46326
1.46328
1.46344
1.46374
1.46418
1.46476
1.46547
1.46732
1.46844
1.46969
1.47108
1.47258
1.47422
1.47596
1.47783
1.4798
1.48406
1.48633
1.48869
1.49114
1.49367
1.49626
1.49893
1.50166
1.50444
1.51014
1.51305
1.516
1.51897
1.52197
1.52498
1.528
1.53103
1.53406
1.5401
1.5431
1.5461
1.54907
1.55201
1.55493
1.55782
1.56068
1.56351
1.56904
1.57174
1.5744
1.57701
1.57958
1.58209
1.58456
1.58697
1.58934
1.5939
1.5961
1.59824
1.60033
1.60236
1.60433
1.60625
1.6081
1.6099
1.61333
1.61495
1.61651
1.61802
1.61946
1.62085
1.62218
1.62345
1.62465
1.62689
1.62792
1.62889
1.6298
1.63065
1.63144
1.63217
1.63284
1.63345
1.63448
1.63491
1.63527
1.63558
1.63583
1.63601
1.63613
1.6362
1.63621
1.63604
1.63587
1.63565
1.63536
1.63502
1.63463
1.63418
1.63368
1.63313
1.63188
1.63118
1.63044
1.62965
1.62883
1.62796
1.62706
1.62611
1.62514
1.6231
1.62204
1.62095
1.61985
1.61872
1.61758
1.61642
1.61525
1.61407
1.6117
1.61051
1.60932
1.60813
1.60695
1.60578
1.60462
1.60348
1.60235
1.60013
1.59906
1.59801
1.59698
1.59597
1.59499
1.59404
1.59312
1.59222
1.59052
1.58971
1.58893
1.58818
1.58746
1.58677
1.58611
1.58547
1.58487
1.58373
1.5832
1.5827
1.58222
1.58176
1.58132
1.5809
1.5805
1.58012
1.57939
1.57905
1.57873
1.57841
1.57811
1.57781
1.57752
1.57725
1.57698
1.57646
1.57622
1.57598
1.57575
1.57553
1.57532
1.57512
1.57493
1.57475
1.57442
1.57428
1.57416
1.57405
1.57396
1.57389
1.57384
1.57382
1.57383
1.57392
1.57401
1.57413
1.57429
1.57449
1.57472
1.57499
1.57529
1.57564
1.57647
1.57695
1.57748
1.57805
1.57867
1.57933
1.58005
1.58081
1.58162
1.58338
1.58434
1.58533
1.58637
1.58746
1.58859
1.58977
1.59099
1.59224
1.59488
1.59625
1.59766
1.5991
1.60058
1.60208
1.60362
1.60518
1.60676
1.61
1.61165
1.61331
1.61499
1.61668
1.61838
1.62009
1.6218
1.62351
1.62694
1.62864
1.63034
1.63203
1.63371
1.63537
1.63702
1.63865
1.64025
1.6434
1.64493
1.64644
1.64791
1.64935
1.65076
1.65213
1.65347
1.65476
1.65724
1.65841
1.65954
1.66062
1.66166
1.66265
1.66359
1.66449
1.66533
1.66688
1.66757
1.66822
1.66882
1.66937
1.66987
1.67031
1.67071
1.67106
1.67161
1.67181
1.67196
1.67207
1.67213
1.67214
1.67211
1.67204
1.67192
1.67157
1.67133
1.67105
1.67074
1.67039
1.67
1.66959
1.66914
1.66867
1.66763
1.66707
1.66649
1.6659
1.66528
1.66465
1.664
1.66334
1.66267
1.66132
1.66063
1.65995
1.65927
1.6586
1.65794
1.65729
1.65666
1.65604
1.65486
1.65431
1.65379
1.6533
1.65285
1.65243
1.65205
1.65172
1.65143
1.65098
1.65083
1.65074
1.65069
1.6507
1.65077
1.65089
1.65106
1.65129
1.65193
1.65233
1.65278
1.65328
1.65383
1.65444
1.65508
1.65578
1.65651
1.65809
1.65892
1.65979
1.66067
1.66158
1.66249
1.66342
1.66436
1.6653
1.66716
1.66807
1.66897
1.66984
1.67069
1.67151
1.67229
1.67303
1.67373
1.67498
1.67553
1.67602
1.67645
1.67681
1.67711
1.67734
1.6775
1.67758
1.67753
1.67738
1.67717
1.67687
1.6765
1.67605
1.67552
1.67492
1.67425
1.6727
1.67182
1.67088
1.66988
1.66883
1.66772
1.66657
1.66537
1.66414
1.66158
1.66026
1.65893
1.65759
1.65624
1.6549
1.65357
1.65225
1.65095
1.64844
1.64725
1.64609
1.64499
1.64395
1.64297
1.64206
1.64121
1.64045
1.63916
1.63864
1.63822
1.63788
1.63763
1.63748
1.63742
1.63745
1.63758
1.63809
1.63848
1.63896
1.63951
1.64015
1.64085
1.64163
1.64247
1.64336
1.64533
1.64638
1.64748
1.64861
1.64977
1.65096
1.65216
1.65338
1.65461
1.65707
1.6583
1.65951
1.66071
1.66189
1.66305
1.66417
1.66527
1.66633
1.66834
1.66928
1.67017
1.67102
1.67181
1.67255
1.67324
1.67386
1.67443
1.67539
1.67578
1.6761
1.67636
1.67656
1.67669
1.67675
1.67676
1.67669
1.67637
1.67611
1.67579
1.67541
1.67496
1.67445
1.67388
1.67324
1.67255
1.671
1.67014
1.66923
1.66826
1.66725
1.66618
1.66507
1.66391
1.66271
1.66018
1.65886
1.6575
1.65611
1.65468
1.65323
1.65175
1.65025
1.64873
1.64563
1.64407
1.64249
1.64091
1.63932
1.63774
1.63615
1.63458
1.63301
1.62992
1.62841
1.62692
1.62546
1.62403
1.62263
1.62127
1.61995
1.61868
1.61628
1.61516
1.6141
1.6131
1.61217
1.6113
1.61049
1.60976
1.6091
1.608
1.60756
1.60719
1.60691
1.6067
1.60657
1.60651
1.60654
1.60663
1.60705
1.60736
1.60774
1.60819
1.6087
1.60927
1.60991
1.6106
1.61134
1.61298
1.61387
1.6148
1.61577
1.61678
1.61783
1.61891
1.62003
1.62117
1.62353
1.62475
1.626
1.62727
1.62855
1.62986
1.63118
1.63252
1.63388
1.63665
1.63806
1.63948
1.64092
1.64238
1.64385
1.64533
1.64683
1.64834
1.65141
1.65297
1.65453
1.65611
1.65769
1.65929
1.6609
1.66251
1.66413
1.66739
1.66902
1.67065
1.67228
1.67391
1.67554
1.67716
1.67876
1.68036
1.68351
1.68506
1.6866
1.6881
1.68959
1.69104
1.69247
1.69387
1.69523
1.69783
1.69907
1.70027
1.70141
1.70251
1.70356
1.70455
1.70549
1.70637
1.70794
1.70863
1.70926
1.70981
1.7103
1.71072
1.71107
1.71134
1.71155
1.71173
1.71171
1.71161
1.71144
1.7112
1.71088
1.71048
1.71001
1.70947
1.70816
1.70739
1.70656
1.70565
1.70467
1.70363
1.70252
1.70134
1.7001
1.69744
1.69602
1.69455
1.69302
1.69144
1.68981
1.68813
1.68641
1.68464
1.681
1.67912
1.6772
1.67526
1.67329
1.67129
1.66927
1.66723
1.66517
1.66101
1.65892
1.65682
1.65471
1.6526
1.65048
1.64837
1.64627
1.64417
1.64
1.63793
1.63588
1.63385
1.63183
1.62983
1.62786
1.62591
1.62398
1.62021
1.61837
1.61656
1.61478
1.61303
1.61132
1.60964
1.60799
1.60638
1.60325
1.60174
1.60027
1.59882
1.59741
1.59603
1.59469
1.59337
1.59208
1.58959
1.58838
1.5872
1.58604
1.58489
1.58377
1.58267
1.58158
1.5805
1.57838
1.57733
1.57628
1.57524
1.5742
1.57316
1.57213
1.57109
1.57005
1.56797
1.56693
1.56588
1.56484
1.56379
1.56275
1.56172
1.56069
1.55968
1.55769
1.55673
1.55579
1.55489
1.55402
1.55319
1.55241
1.55168
1.55101
1.54988
1.54942
1.54906
1.54879
1.54861
1.54854
1.54859
1.54875
1.54903
1.54998
1.55065
1.55146
1.55242
1.55351
1.55475
1.55614
1.55767
1.55934
1.5631
1.56519
1.56741
1.56975
1.57221
1.57479
1.57747
1.58026
1.58314
1.58915
1.59226
1.59543
1.59865
1.60192
1.60521
1.60853
1.61186
1.6152
1.62185
1.62515
1.62841
1.63165
1.63484
1.63797
1.64105
1.64406
1.64701
1.65266
1.65536
1.65797
1.66049
1.66291
1.66523
1.66745
1.66956
1.67157
1.67526
1.67693
1.6785
1.67996
1.6813
1.68254
1.68366
1.68468
1.68559
1.68708
1.68768
1.68817
1.68856
1.68886
1.68906
1.68916
1.68918
1.68911
1.68871
1.68839
1.68799
1.68751
1.68697
1.68635
1.68567
1.68493
1.68412
1.68233
1.68136
1.68033
1.67926
1.67814
1.67698
1.67578
1.67454
1.67327
1.67062
1.66926
1.66786
1.66644
1.66501
1.66355
1.66207
1.66058
1.65907
1.65602
1.65449
1.65294
1.65139
1.64984
1.64829
1.64674
1.64519
1.64365
1.64058
1.63906
1.63755
1.63605
1.63456
1.63309
1.63164
1.6302
1.62879
1.62601
1.62466
1.62333
1.62203
1.62075
1.6195
1.61828
1.61709
1.61594
1.61371
1.61265
1.61163
1.61064
1.60968
1.60877
1.60789
1.60705
1.60625
1.60477
1.6041
1.60347
1.60288
1.60233
1.60183
1.60137
1.60096
1.60059
1.59998
1.59974
1.59955
1.5994
1.5993
1.59924
1.59922
1.59925
1.59932
1.59959
1.59979
1.60002
1.60029
1.6006
1.60095
1.60132
1.60174
1.60218
1.60315
1.60368
1.60423
1.6048
1.60539
1.60599
1.60661
1.60724
1.60787
1.60915
1.60979
1.61043
1.61105
1.61167
1.61227
1.61286
1.61342
1.61395
1.61493
1.61537
1.61577
1.61613
1.61644
1.6167
1.61691
1.61706
1.61715
1.61714
1.61703
1.61685
1.6166
1.61627
1.61586
1.61537
1.61479
1.61414
1.61256
1.61163
1.61062
1.60952
1.60832
1.60704
1.60566
1.60419
1.60264
1.59926
1.59744
1.59554
1.59356
1.5915
1.58937
1.58716
1.58488
1.58253
1.57766
1.57514
1.57258
1.56997
1.56732
1.56464
1.56193
1.5592
1.55645
1.55093
1.54817
1.54541
1.54267
1.53995
1.53726
1.5346
1.53197
1.52939
1.52438
1.52196
1.51961
1.51733
1.51512
1.513
1.51095
1.50899
1.50712
1.50367
1.50209
1.5006
1.49923
1.49795
1.49678
1.49572
1.49476
1.49391
1.49252
1.49198
1.49155
1.49122
1.49099
1.49086
1.49082
1.49088
1.49104
1.49161
1.49203
1.49253
1.49311
1.49378
1.49451
1.49532
1.4962
1.49715
1.49925
1.50039
1.50159
1.50284
1.50415
1.50552
1.50693
1.5084
1.50991
1.51307
1.51472
1.51641
1.51815
1.51992
1.52173
1.52358
1.52547
1.52739
1.53134
1.53337
1.53543
1.53752
1.53964
1.5418
1.54399
1.5462
1.54845
1.55303
1.55536
1.55771
1.56009
1.5625
1.56493
1.56738
1.56985
1.57235
1.57739
1.57994
1.58251
1.58509
1.58768
1.59029
1.5929
1.59553
1.59816
1.60345
1.60609
1.60874
1.61139
1.61404
1.61668
1.61931
1.62194
1.62456
1.62977
1.63234
1.63491
1.63745
1.63997
1.64246
1.64493
1.64737
1.64978
1.65449
1.6568
1.65906
1.66128
1.66346
1.66559
1.66767
1.66971
1.67169
1.67549
1.6773
1.67905
1.68074
1.68237
1.68393
1.68542
1.68684
1.6882
1.69069
1.69183
1.69289
1.69387
1.69479
1.69562
1.69638
1.69706
1.69767
1.69865
1.69903
1.69933
1.69956
1.69972
1.69981
1.69982
1.69977
1.69965
1.6992
1.69888
1.6985
1.69806
1.69756
1.697
1.6964
1.69574
1.69503
1.69347
1.69263
1.69174
1.69082
1.68987
1.68888
1.68786
1.68682
1.68575
1.68353
1.6824
1.68125
1.68009
1.67891
1.67773
1.67654
1.67535
1.67415
1.67175
1.67056
1.66937
1.6682
1.66703
1.66587
1.66473
1.6636
1.6625
1.66035
1.65931
1.6583
1.65732
1.65637
1.65545
1.65456
1.65372
1.6529
1.65141
1.65073
1.65009
1.6495
1.64895
1.64846
1.64802
1.64763
1.64729
