-4.55201
-4.55201
-4.55231
-4.55231
-4.55231
-4.55246
-4.55231
-4.55216
-4.55201
-4.55201
-4.55186
-4.55186
-4.55186
-4.55201
-4.55216
-4.55246
-4.55261
-4.55246
-4.55231
-4.55231
-4.55231
-4.55246
-4.55261
-4.55261
-4.55246
-4.55246
-4.55246
-4.55231
-4.55231
-4.55231
-4.55231
-4.55231
-4.55186
-4.55171
-4.55141
-4.55156
-4.55125
-4.55125
-4.55125
-4.55095
-4.55095
-4.55095
-4.55095
-4.5508
-4.55095
-4.5505
-4.55065
-4.5505
-4.55035
-4.5502
-4.5502
-4.55005
-4.5499
-4.54914
-4.54899
-4.54869
-4.54869
-4.54838
-4.54793
-4.54778
-4.54763
-4.54763
-4.54748
-4.54718
-4.54687
-4.54657
-4.54642
-4.54657
-4.54687
-4.54657
-4.54672
-4.54672
-4.54672
-4.54642
-4.54627
-4.54627
-4.54642
-4.54627
-4.54627
-4.54627
-4.54627
-4.54597
-4.54612
-4.54597
-4.54612
-4.54536
-4.54536
-4.54521
-4.54521
-4.54521
-4.45611
-4.45656
-4.45671
-4.45717
-4.45717
-4.45702
-4.45702
-4.45702
-4.45702
-4.45671
-4.45626
-4.45626
-4.45626
-4.45641
-4.45656
-4.45671
-4.45671
-4.45701
-4.45701
-4.45701
-4.45686
-4.45701
-4.45701
-4.45717
-4.45747
-4.45792
-4.45777
-4.45762
-4.45777
-4.45762
-4.45762
-4.45777
-4.45762
-4.45777
-4.45807
-4.45807
-4.45822
-4.45822
-4.45807
-4.45792
-4.45807
-4.45882
-4.45928
-4.45913
-4.45928
-4.45943
-4.45943
-4.45943
-4.45973
-4.46003
-4.46003
-4.46033
-4.46033
-4.46049
-4.46049
-4.46049
-4.46079
-4.46094
-4.46109
-4.46124
-4.46124
-4.46124
-4.46139
-4.46109
-4.46109
-4.46109
-4.46094
-4.46079
-4.46079
-4.46079
-4.46079
-4.46094
-4.46064
-4.46064
-4.46049
-4.46049
-4.46049
-4.46049
-4.46049
-4.46049
-4.46049
-4.46033
-4.46064
-4.46049
-4.46049
-4.46064
-4.46079
-4.46064
-4.46049
-4.46049
-4.08654
-4.08685
-4.08654
-4.08639
-4.08639
-4.08654
-4.08669
-4.08669
-4.08669
-4.08669
-4.08685
-4.08669
-4.08669
-4.08669
-4.08654
-4.08669
-4.08669
-4.08639
-4.08609
-4.08609
-4.08609
-4.08609
-4.08624
-4.08624
-4.08639
-4.08624
-4.08654
-4.08654
-4.08639
-4.08609
-4.08594
-4.08579
-4.08579
-4.08564
-4.08609
-4.08624
-4.08624
-4.08609
-4.08609
-4.08594
-4.08594
-4.08579
-4.08609
-4.08624
-4.08609
-4.08609
-4.08579
-4.08579
-4.08548
-4.08579
-4.08579
-4.08564
-4.08579
-4.08564
-4.08579
-4.08594
-4.08639
-4.08639
-4.08669
-4.08654
-4.08654
-4.08654
-4.08654
-4.08684
-4.08715
-4.08654
-4.08624
-4.08624
-4.08654
-4.08654
-4.087
-4.08715
-4.0873
-4.087
-4.087
-4.08715
-4.0873
-4.0873
-4.0879
-4.08775
-4.0879
-4.08821
-4.08821
-4.08806
-4.0879
-4.0879
-4.08775
-4.087
-4.087
-4.0867
-3.78797
-3.78797
-3.78842
-3.78842
-3.78857
-3.78842
-3.78812
-3.78812
-3.78797
-3.78782
-3.78752
-3.78782
-3.78797
-3.78797
-3.78797
-3.78797
-3.78797
-3.78812
-3.78812
-3.78782
-3.78767
-3.78797
-3.78797
-3.78782
-3.78782
-3.78797
-3.78797
-3.78812
-3.78797
-3.78797
-3.78782
-3.78797
-3.78812
-3.78827
-3.78857
-3.78903
-3.78918
-3.78918
-3.78948
-3.78933
-3.78888
-3.78903
-3.78888
-3.78888
-3.78842
-3.78857
-3.78857
-3.78918
-3.78903
-3.78933
-3.78918
-3.78903
-3.78887
-3.78872
-3.78842
-3.78842
-3.78842
-3.78842
-3.78827
-3.78827
-3.78812
-3.78827
-3.78842
-3.78842
-3.78827
-3.78827
-3.78812
-3.78797
-3.78812
-3.78797
-3.78812
-3.78797
-3.78842
-3.78857
-3.78857
-3.78857
-3.78872
-3.78872
-3.78887
-3.78887
-3.78902
-3.78902
-3.78917
-3.78948
-3.78963
-3.79023
-3.79008
-3.78993
-3.78993
-3.78993
-3.68903
-3.68934
-3.68903
-3.68903
-3.68918
-3.68888
-3.68873
-3.68873
-3.68873
-3.68843
-3.68843
-3.68813
-3.68767
-3.68767
-3.68767
-3.68782
-3.68767
-3.68767
-3.68737
-3.68722
-3.68722
-3.68737
-3.68737
-3.68737
-3.68722
-3.68722
-3.68767
-3.68767
-3.68782
-3.68782
-3.68782
-3.68782
-3.68813
-3.68798
-3.68798
-3.68828
-3.68813
-3.68798
-3.68813
-3.68767
-3.68767
-3.68767
-3.68752
-3.68783
-3.68783
-3.68798
-3.68798
-3.68798
-3.68798
-3.68783
-3.68752
-3.68737
-3.68752
-3.68752
-3.68783
-3.68798
-3.68798
-3.68798
-3.68783
-3.68768
-3.68738
-3.68722
-3.68722
-3.68722
-3.68722
-3.68753
-3.68753
-3.68722
-3.68707
-3.68722
-3.68707
-3.68738
-3.68753
-3.68768
-3.68738
-3.68738
-3.68738
-3.68723
-3.68738
-3.68707
-3.68723
-3.68723
-3.68738
-3.68753
-3.68753
-3.68753
-3.68753
-3.68768
-3.68753
-3.68753
-3.48016
-3.48016
-3.48031
-3.48031
-3.48046
-3.48031
-3.48031
-3.48031
-3.48001
-3.48016
-3.48046
-3.48031
-3.48031
-3.48001
-3.48001
-3.47986
-3.47986
-3.47986
-3.48001
-3.48001
-3.47986
-3.47986
-3.47955
-3.4797
-3.48001
-3.48016
-3.48001
-3.48016
-3.48
-3.4797
-3.48
-3.47985
-3.48
-3.48
-3.4797
-3.47985
-3.4797
-3.47955
-3.47955
-3.48015
-3.48061
-3.48061
-3.48061
-3.48091
-3.48121
-3.48136
-3.48136
-3.48136
-3.48181
-3.48151
-3.48166
-3.48166
-3.48166
-3.48166
-3.48151
-3.48136
-3.48121
-3.48121
-3.48121
-3.48106
-3.48121
-3.48121
-3.48136
-3.48166
-3.48151
-3.48166
-3.48166
-3.48151
-3.48136
-3.48136
-3.48136
-3.48121
-3.48106
-3.48121
-3.48106
-3.48106
-3.48121
-3.48091
-3.48106
-3.48121
-3.48091
-3.48121
-3.48136
-3.48136
-3.48121
-3.48106
-3.48136
-3.48121
-3.48121
-3.48152
-3.40806
-3.40776
-3.40776
-3.40791
-3.40791
-3.40822
-3.40776
-3.40761
-3.40776
-3.40761
-3.40746
-3.40746
-3.40731
-3.40731
-3.40746
-3.40746
-3.40761
-3.40716
-3.40716
-3.40701
-3.40686
-3.40686
-3.40716
-3.40686
-3.40686
-3.40671
-3.40655
-3.40671
-3.4064
-3.4064
-3.40625
-3.4061
-3.40595
-3.4061
-3.4061
-3.40595
-3.40565
-3.4055
-3.40535
-3.40535
-3.40535
-3.40535
-3.40519
-3.40474
-3.40459
-3.40414
-3.40414
-3.40444
-3.40489
-3.40489
-3.40504
-3.40519
-3.40489
-3.40504
-3.40534
-3.40519
-3.40534
-3.40534
-3.40519
-3.40534
-3.40564
-3.4058
-3.4058
-3.40549
-3.40549
-3.40549
-3.40534
-3.40534
-3.40504
-3.40504
-3.40474
-3.40458
-3.40474
-3.40474
-3.40474
-3.40474
-3.40459
-3.40489
-3.40489
-3.40504
-3.40504
-3.40519
-3.40504
-3.40489
-3.40489
-3.40474
-3.40443
-3.40428
-3.40413
-3.40428
-3.3537
-3.3537
-3.35355
-3.35325
-3.3531
-3.35295
-3.35249
-3.35264
-3.35249
-3.35219
-3.35219
-3.35249
-3.35249
-3.35219
-3.35174
-3.35189
-3.35204
-3.35219
-3.35234
-3.35219
-3.35219
-3.35204
-3.35204
-3.35219
-3.35249
-3.35234
-3.35249
-3.35279
-3.35249
-3.35234
-3.35264
-3.35264
-3.35309
-3.35294
-3.35309
-3.35279
-3.35264
-3.35264
-3.35249
-3.35249
-3.35234
-3.35219
-3.35219
-3.35189
-3.35189
-3.35219
-3.35219
-3.35219
-3.35249
-3.35264
-3.35279
-3.35249
-3.35249
-3.35249
-3.35249
-3.35234
-3.35264
-3.35279
-3.3528
-3.35295
-3.35295
-3.35264
-3.35264
-3.35219
-3.35234
-3.35204
-3.35219
-3.35219
-3.35249
-3.35234
-3.35219
-3.3525
-3.35219
-3.35219
-3.3528
-3.35295
-3.3531
-3.3528
-3.35234
-3.3525
-3.35234
-3.35234
-3.3525
-3.3525
-3.3525
-3.3528
-3.3531
-3.35355
-3.35355
-3.35355
-3.33121
-3.33136
-3.33136
-3.33136
-3.33121
-3.33121
-3.33136
-3.33136
-3.33136
-3.33106
-3.3309
-3.3309
-3.33075
-3.33106
-3.3309
-3.3309
-3.3309
-3.33106
-3.33166
-3.33151
-3.33121
-3.33106
-3.33106
-3.33121
-3.33106
-3.33136
-3.33151
-3.33166
-3.33166
-3.33166
-3.33181
-3.33181
-3.33151
-3.33181
-3.33181
-3.33181
-3.33151
-3.33151
-3.33136
-3.33151
-3.33121
-3.33166
-3.33196
-3.33226
-3.33257
-3.33302
-3.33287
-3.33287
-3.33302
-3.33287
-3.33241
-3.33241
-3.33287
-3.33272
-3.33287
-3.33287
-3.33272
-3.33272
-3.33256
-3.33272
-3.33287
-3.33287
-3.33347
-3.33332
-3.33347
-3.33332
-3.33332
-3.33362
-3.33392
-3.33407
-3.33407
-3.33392
-3.33347
-3.33332
-3.33332
-3.33301
-3.33331
-3.33347
-3.33331
-3.33301
-3.33301
-3.33301
-3.33286
-3.33271
-3.33301
-3.33331
-3.33346
-3.33331
-3.33301
-3.33286
-3.42176
-3.42161
-3.42161
-3.42176
-3.42161
-3.42161
-3.42161
-3.42146
-3.42131
-3.42177
-3.42146
-3.42146
-3.42131
-3.42116
-3.42131
-3.42177
-3.42192
-3.42177
-3.42132
-3.42101
-3.42116
-3.42086
-3.42086
-3.42056
-3.42071
-3.42071
-3.42026
-3.42011
-3.42011
-3.41981
-3.41981
-3.41935
-3.4192
-3.4192
-3.4189
-3.41905
-3.41905
-3.4189
-3.4189
-3.4186
-3.4183
-3.41845
-3.41799
-3.4183
-3.4183
-3.4183
-3.4186
-3.4186
-3.4183
-3.4183
-3.41845
-3.41845
-3.4189
-3.4189
-3.4183
-3.41814
-3.41799
-3.41799
-3.41814
-3.41814
-3.41814
-3.41814
-3.41814
-3.4186
-3.4186
-3.41875
-3.4189
-3.4189
-3.4189
-3.41905
-3.4192
-3.4189
-3.41874
-3.4189
-3.4189
-3.4192
-3.4198
-3.4201
-3.4198
-3.41995
-3.42025
-3.42041
-3.42025
-3.42025
-3.42025
-3.4201
-3.4201
-3.4198
-3.41995
-3.41965
-3.29606
-3.29606
-3.29606
-3.29591
-3.29546
-3.29546
-3.29576
-3.29591
-3.29591
-3.29576
-3.29561
-3.29561
-3.29591
-3.29591
-3.29636
-3.29652
-3.29621
-3.29636
-3.29637
-3.29606
-3.29591
-3.29591
-3.29576
-3.29576
-3.29546
-3.29546
-3.29546
-3.29531
-3.29516
-3.29531
-3.29546
-3.29531
-3.29516
-3.29531
-3.29531
-3.29576
-3.29561
-3.29561
-3.29546
-3.29546
-3.29546
-3.29546
-3.29531
-3.29546
-3.29576
-3.29561
-3.29546
-3.29531
-3.29516
-3.29501
-3.29471
-3.29501
-3.29486
-3.29486
-3.29486
-3.29471
-3.29455
-3.29425
-3.29425
-3.29395
-3.29395
-3.29395
-3.29395
-3.29395
-3.29425
-3.29425
-3.2941
-3.2941
-3.2941
-3.2938
-3.29395
-3.29365
-3.29365
-3.29395
-3.2941
-3.2944
-3.2947
-3.29485
-3.295
-3.29516
-3.29531
-3.29516
-3.29531
-3.29531
-3.29531
-3.29531
-3.295
-3.295
-3.295
-3.29515
-3.23913
-3.23898
-3.23883
-3.23853
-3.23853
-3.23823
-3.23868
-3.23853
-3.23868
-3.23883
-3.23868
-3.23868
-3.23838
-3.23853
-3.23868
-3.23883
-3.23883
-3.23883
-3.23823
-3.23853
-3.23883
-3.23883
-3.23898
-3.23898
-3.23883
-3.23898
-3.23883
-3.23853
-3.23868
-3.23868
-3.23838
-3.23838
-3.23853
-3.23838
-3.23838
-3.23823
-3.23853
-3.23853
-3.23853
-3.23838
-3.23808
-3.23838
-3.23823
-3.23808
-3.23763
-3.23717
-3.23733
-3.23718
-3.23672
-3.23657
-3.23642
-3.23627
-3.23597
-3.23597
-3.23657
-3.23657
-3.23627
-3.23627
-3.23612
-3.23582
-3.23597
-3.23627
-3.23642
-3.23673
-3.23673
-3.23658
-3.23643
-3.23643
-3.23658
-3.23627
-3.23628
-3.23658
-3.23703
-3.23718
-3.23718
-3.23703
-3.23703
-3.23688
-3.23673
-3.23673
-3.23673
-3.23688
-3.23643
-3.23628
-3.23628
-3.23643
-3.23628
-3.23658
-3.23643
-3.23643
-3.35381
-3.35396
-3.35381
-3.35396
-3.35442
-3.35457
-3.35457
-3.35442
-3.35426
-3.35411
-3.35411
-3.35442
-3.35457
-3.35487
-3.35517
-3.35502
-3.35487
-3.35472
-3.35472
-3.35487
-3.35472
-3.35441
-3.35441
-3.35472
-3.35426
-3.35426
-3.35426
-3.35472
-3.35456
-3.35456
-3.35471
-3.35471
-3.35456
-3.35441
-3.35426
-3.35411
-3.35441
-3.35471
-3.35501
-3.35471
-3.35486
-3.35456
-3.35471
-3.35471
-3.35486
-3.35546
-3.35531
-3.35531
-3.35516
-3.355
-3.35485
-3.35455
-3.3544
-3.35394
-3.35379
-3.35379
-3.35379
-3.35364
-3.35334
-3.35334
-3.35334
-3.35334
-3.35349
-3.35349
-3.35364
-3.35364
-3.35379
-3.35379
-3.35394
-3.35409
-3.35425
-3.35425
-3.35425
-3.3541
-3.3541
-3.3541
-3.3544
-3.35425
-3.35455
-3.35455
-3.3541
-3.35425
-3.35441
-3.35471
-3.35486
-3.35501
-3.35516
-3.35501
-3.35532
-3.35562
-3.26201
-3.26186
-3.26201
-3.26216
-3.26216
-3.26216
-3.26216
-3.26231
-3.26201
-3.26201
-3.26216
-3.26246
-3.26246
-3.26231
-3.26247
-3.26231
-3.26231
-3.26277
-3.26307
-3.26277
-3.26292
-3.26307
-3.26337
-3.26352
-3.26337
-3.26352
-3.26352
-3.26367
-3.26382
-3.26337
-3.26322
-3.26307
-3.26307
-3.26277
-3.26322
-3.26337
-3.26382
-3.26412
-3.26443
-3.26428
-3.26427
-3.26427
-3.26412
-3.26427
-3.26443
-3.26473
-3.26473
-3.26503
-3.26533
-3.26533
-3.26533
-3.26533
-3.26533
-3.26533
-3.26563
-3.26563
-3.26563
-3.26548
-3.26533
-3.26533
-3.26518
-3.26533
-3.26533
-3.26548
-3.26548
-3.26548
-3.26563
-3.26533
-3.26518
-3.26503
-3.26488
-3.26487
-3.26457
-3.26472
-3.26487
-3.26502
-3.26548
-3.26563
-3.26563
-3.26578
-3.26578
-3.26563
-3.26563
-3.26548
-3.26548
-3.26563
-3.26563
-3.26563
-3.26578
-3.26578
-3.28162
-3.28147
-3.28177
-3.28177
-3.28162
-3.28162
-3.28162
-3.28147
-3.28132
-3.28162
-3.28193
-3.28238
-3.28193
-3.28223
-3.28253
-3.28268
-3.28268
-3.28253
-3.28223
-3.28238
-3.28253
-3.28238
-3.28238
-3.28253
-3.28238
-3.28208
-3.28208
-3.28208
-3.28163
-3.28193
-3.28208
-3.28193
-3.28148
-3.28163
-3.28148
-3.28148
-3.28117
-3.28117
-3.28133
-3.28102
-3.28133
-3.28087
-3.28072
-3.28087
-3.28102
-3.28118
-3.28102
-3.28102
-3.28087
-3.28042
-3.28042
-3.28042
-3.28087
-3.28057
-3.28042
-3.27997
-3.28027
-3.28027
-3.28042
-3.28042
-3.28042
-3.28042
-3.28027
-3.28042
-3.28057
-3.28103
-3.28118
-3.28118
-3.28118
-3.28087
-3.28103
-3.28072
-3.28072
-3.28103
-3.28118
-3.28118
-3.28103
-3.28072
-3.28072
-3.28087
-3.28103
-3.28103
-3.28103
-3.28118
-3.28178
-3.28163
-3.28148
-3.28118
-3.28118
-3.28118
-3.3561
-3.35625
-3.35625
-3.3561
-3.3561
-3.35594
-3.35579
-3.35579
-3.35564
-3.35534
-3.35504
-3.35519
-3.35549
-3.35549
-3.35519
-3.35549
-3.35549
-3.35579
-3.35549
-3.35579
-3.35579
-3.35549
-3.35534
-3.35504
-3.35474
-3.35443
-3.35489
-3.35428
-3.35413
-3.35383
-3.35338
-3.35368
-3.35368
-3.35368
-3.35368
-3.35353
-3.35428
-3.35428
-3.35428
-3.35383
-3.35368
-3.35368
-3.35383
-3.35428
-3.35428
-3.35428
-3.35413
-3.35383
-3.35398
-3.35398
-3.35413
-3.35428
-3.35473
-3.35458
-3.35443
-3.35443
-3.35428
-3.35458
-3.35458
-3.35488
-3.35488
-3.35549
-3.35564
-3.35549
-3.35549
-3.35549
-3.35534
-3.35549
-3.35534
-3.35519
-3.35534
-3.35564
-3.35519
-3.35503
-3.35503
-3.35503
-3.35488
-3.35503
-3.35488
-3.35488
-3.35488
-3.35488
-3.35488
-3.35488
-3.35488
-3.35503
-3.35518
-3.35534
-3.35564
-3.35564
-3.37938
-3.37953
-3.37968
-3.37968
-3.37998
-3.37998
-3.37983
-3.37983
-3.37968
-3.37968
-3.37953
-3.37953
-3.37953
-3.37953
-3.37938
-3.37938
-3.37923
-3.37953
-3.37983
-3.37953
-3.37953
-3.37968
-3.37968
-3.37968
-3.37999
-3.37983
-3.37983
-3.37999
-3.37983
-3.37999
-3.37999
-3.38014
-3.37999
-3.37999
-3.38029
-3.37999
-3.37968
-3.37983
-3.37998
-3.38014
-3.38014
-3.38014
-3.38029
-3.38044
-3.38074
-3.38074
-3.38059
-3.38074
-3.38074
-3.38074
-3.38089
-3.38089
-3.38059
-3.38074
-3.38074
-3.38059
-3.38059
-3.38044
-3.38044
-3.38013
-3.38013
-3.37938
-3.37953
-3.37953
-3.37923
-3.37968
-3.37938
-3.37938
-3.37968
-3.37983
-3.37953
-3.37938
-3.37938
-3.37908
-3.37923
-3.37908
-3.37908
-3.37908
-3.37908
-3.37923
-3.37923
-3.37923
-3.37953
-3.37953
-3.37953
-3.37938
-3.37923
-3.37953
-3.37953
-3.37923
-3.29031
-3.29061
-3.29076
-3.29091
-3.29091
-3.29091
-3.29091
-3.29076
-3.29046
-3.29046
-3.29046
-3.29046
-3.29046
-3.29061
-3.29076
-3.29061
-3.29046
-3.29031
-3.29046
-3.29031
-3.29076
-3.29076
-3.29061
-3.29061
-3.29076
-3.29076
-3.29046
-3.29061
-3.29061
-3.29046
-3.29031
-3.29046
-3.29061
-3.29016
-3.29031
-3.29061
-3.29046
-3.29061
-3.29061
-3.29091
-3.29091
-3.29061
-3.29046
-3.29046
-3.29016
-3.29031
-3.29031
-3.29016
-3.29061
-3.29076
-3.29076
-3.29076
-3.29061
-3.29076
-3.29061
-3.29091
-3.29091
-3.29091
-3.29091
-3.29076
-3.29091
-3.29091
-3.29046
-3.29031
-3.29031
-3.29031
-3.29031
-3.29031
-3.29046
-3.29061
-3.29076
-3.29031
-3.29031
-3.29046
-3.29031
-3.29015
-3.29015
-3.2897
-3.29
-3.28985
-3.28985
-3.28955
-3.2894
-3.2894
-3.2897
-3.29
-3.29
-3.29015
-3.28985
-3.28985
-3.41662
-3.41647
-3.41632
-3.41632
-3.41632
-3.41617
-3.41587
-3.41587
-3.41602
-3.41617
-3.41632
-3.41602
-3.41587
-3.41602
-3.41632
-3.41602
-3.41587
-3.41587
-3.41587
-3.41617
-3.41632
-3.41632
-3.41632
-3.41647
-3.41632
-3.41647
-3.41647
-3.41662
-3.41677
-3.41677
-3.41692
-3.41677
-3.41708
-3.41692
-3.41677
-3.41708
-3.41708
-3.41708
-3.41708
-3.41662
-3.41632
-3.41617
-3.41617
-3.41602
-3.41617
-3.41647
-3.41647
-3.41632
-3.41632
-3.41587
-3.41572
-3.41572
-3.41557
-3.41557
-3.41587
-3.41572
-3.41572
-3.41557
-3.41557
-3.41557
-3.41542
-3.41542
-3.41542
-3.41527
-3.41557
-3.41512
-3.41497
-3.41512
-3.41512
-3.41527
-3.41542
-3.41557
-3.41512
-3.41497
-3.41497
-3.41497
-3.41497
-3.41497
-3.41497
-3.41466
-3.41482
-3.41466
-3.41451
-3.41391
-3.41376
-3.41421
-3.41436
-3.41451
-3.41451
-3.41451
-3.41996
-3.42011
-3.42011
-3.41981
-3.41981
-3.41996
-3.42041
-3.42041
-3.42011
-3.41981
-3.42011
-3.42026
-3.42026
-3.42026
-3.42011
-3.42026
-3.42056
-3.42041
-3.42026
-3.42026
-3.42071
-3.42101
-3.42101
-3.42116
-3.42116
-3.42101
-3.42101
-3.42116
-3.42132
-3.42116
-3.42147
-3.42116
-3.42116
-3.42131
-3.42131
-3.42131
-3.42101
-3.42101
-3.42071
-3.42071
-3.42056
-3.42071
-3.42086
-3.42101
-3.42101
-3.42101
-3.42116
-3.42116
-3.42132
-3.42101
-3.42101
-3.42147
-3.42162
-3.42177
-3.42132
-3.42086
-3.42101
-3.42116
-3.42132
-3.42147
-3.42132
-3.42071
-3.42071
-3.42056
-3.42041
-3.42011
-3.41996
-3.41965
-3.4195
-3.41935
-3.4192
-3.41905
-3.4192
-3.4192
-3.4192
-3.4192
-3.41875
-3.41859
-3.41874
-3.41874
-3.41874
-3.41874
-3.41874
-3.41889
-3.41889
-3.41904
-3.41859
-3.41874
-3.41874
-3.41874
-3.41221
-3.41176
-3.41176
-3.41176
-3.41191
-3.41176
-3.41161
-3.41191
-3.41176
-3.41236
-3.41236
-3.41251
-3.41266
-3.41266
-3.41281
-3.41281
-3.41251
-3.41251
-3.41251
-3.41251
-3.41236
-3.41251
-3.41266
-3.41236
-3.41251
-3.41251
-3.41266
-3.41236
-3.41221
-3.41206
-3.41236
-3.41251
-3.41282
-3.41251
-3.41236
-3.41251
-3.41236
-3.41236
-3.41236
-3.41221
-3.41191
-3.41191
-3.41176
-3.41161
-3.41191
-3.41221
-3.41236
-3.41236
-3.41251
-3.41266
-3.41221
-3.41176
-3.41176
-3.41176
-3.41191
-3.41161
-3.41176
-3.41146
-3.41146
-3.4113
-3.41145
-3.41145
-3.4113
-3.4113
-3.4113
-3.41161
-3.41161
-3.4113
-3.41145
-3.41161
-3.41161
-3.41161
-3.41146
-3.41146
-3.41146
-3.41146
-3.41146
-3.41161
-3.41146
-3.41161
-3.41161
-3.41191
-3.41176
-3.41176
-3.41161
-3.41161
-3.41191
-3.41161
-3.41146
-3.41146
-3.41191
-3.41206
-3.41221
-3.41236
-3.41221
-3.41221
-3.41237
-3.41282
-3.41297
-3.41282
-3.41297
-3.41342
-3.41342
-3.41327
-3.41327
-3.41342
-3.41342
-3.41312
-3.41297
-3.41297
-3.41282
-3.41267
-3.41282
-3.41222
-3.41267
-3.41237
-3.41237
-3.41252
-3.41237
-3.41222
-3.41252
-3.41282
-3.41237
-3.41222
-3.41207
-3.41222
-3.41191
-3.41191
-3.41191
-3.41161
-3.41176
-3.41176
-3.41176
-3.41161
-3.41176
-3.41221
-3.41236
-3.41236
-3.41252
-3.41236
-3.41251
-3.41282
-3.41282
-3.41312
-3.41297
-3.41282
-3.41297
-3.41282
-3.41282
-3.41282
-3.41266
-3.41281
-3.41281
-3.41281
-3.41297
-3.41281
-3.41281
-3.41297
-3.41312
-3.41342
-3.41342
-3.41342
-3.41327
-3.41281
-3.41296
-3.41296
-3.41312
-3.41312
-3.41312
-3.41312
-3.41342
-3.41342
-3.41312
-3.41327
-3.41327
-3.41312
-3.41327
-3.41342
-3.41357
-3.41372
-3.41297
-3.41297
-3.41297
-3.41282
-3.41297
-3.41312
-3.41297
-3.41252
-3.41267
-3.41267
-3.41267
-3.41236
-3.41282
-3.41282
-3.41267
-3.41297
-3.41312
-3.41312
-3.41267
-3.41252
-3.41252
-3.41267
-3.41282
-3.41282
-3.41282
-3.41267
-3.41252
-3.41282
-3.41282
-3.41297
-3.41297
-3.41282
-3.41297
-3.41297
-3.41312
-3.41312
-3.41312
-3.41282
-3.41297
-3.41282
-3.41236
-3.41236
-3.41252
-3.41297
-3.41297
-3.41282
-3.41312
-3.41297
-3.41312
-3.41327
-3.41327
-3.41327
-3.41342
-3.41312
-3.41297
-3.41312
-3.41312
-3.41312
-3.41342
-3.41327
-3.41342
-3.41327
-3.41312
-3.41281
-3.41281
-3.41296
-3.41327
-3.41296
-3.41296
-3.41296
-3.41312
-3.41312
-3.41342
-3.41357
-3.41387
-3.41402
-3.41417
-3.41432
-3.41448
-3.41463
-3.41448
-3.41523
-3.41493
-3.41463
-3.41463
-3.41463
-3.41463
-3.41463
-3.41463
-3.41478
-3.41463
-3.41448
-3.41463
-3.41478
-3.41448
-3.41448
-3.41448
-3.41448
-3.41432
-3.41417
-3.41417
-3.41417
-3.41417
-3.41447
-3.41447
-3.41493
-3.41508
-3.41493
-3.41463
-3.41447
-3.41417
-3.41387
-3.41402
-3.41387
-3.41402
-3.41387
-3.41387
-3.41357
-3.41372
-3.41342
-3.41372
-3.41387
-3.41387
-3.41372
-3.41387
-3.41372
-3.41387
-3.41417
-3.41448
-3.41478
-3.41448
-3.41448
-3.41448
-3.41448
-3.41448
-3.41433
-3.41403
-3.41418
-3.41433
-3.41388
-3.41403
-3.41433
-3.41463
-3.41463
-3.41463
-3.41433
-3.41448
-3.41463
-3.41448
-3.41433
-3.41418
-3.41418
-3.41418
-3.41463
-3.41478
-3.41463
-3.41478
-3.41463
-3.41463
-3.41463
-3.41478
-3.41463
-3.41493
-3.41478
-3.41463
-3.41448
-3.41433
-3.41403
-3.41433
-3.41418
-3.41403
-3.41372
-3.41357
-3.41372
-3.41342
-3.41372
-3.41372
-3.41387
-3.41402
-3.41372
-3.41357
-3.41357
-3.41357
-3.41372
-3.41387
-3.41372
-3.41357
-3.41357
-3.41357
-3.41312
-3.41372
-3.41387
-3.41387
-3.41387
-3.41372
-3.41357
-3.41357
-3.41357
-3.41387
-3.41432
-3.41462
-3.41462
-3.41478
-3.41478
-3.41478
-3.41447
-3.41447
-3.41432
-3.41432
-3.41447
-3.41432
-3.41432
-3.41432
-3.41463
-3.41463
-3.41478
-3.41463
-3.41448
-3.41432
-3.41448
-3.41448
-3.41417
-3.41402
-3.41402
-3.41387
-3.41402
-3.41433
-3.41433
-3.41433
-3.41433
-3.41402
-3.41433
-3.41403
-3.41448
-3.41463
-3.41448
-3.41448
-3.41463
-3.41478
-3.41478
-3.41448
-3.41388
-3.41403
-3.41418
-3.41418
-3.41418
-3.41403
-3.41388
-3.41373
-3.41403
-3.41418
-3.41418
-3.41448
-3.41463
-3.41448
-3.41448
-3.41448
-3.41433
-3.41433
-3.41433
-3.41433
-3.41493
-3.41493
-3.41493
-3.41539
-3.41508
-3.41478
-3.41478
-3.41478
-3.41493
-3.41493
-3.41493
-3.41493
-3.41538
-3.41538
-3.41523
-3.41523
-3.41523
-3.41508
-3.41448
-3.41433
-3.41433
-3.41463
-3.41478
-3.41478
-3.41463
-3.41463
-3.41433
-3.41463
-3.41433
-3.41417
-3.41433
-3.41417
-3.41417
-3.41402
-3.41402
-3.41387
-3.41357
-3.41387
-3.41402
-3.41402
-3.41402
-3.41448
-3.41478
-3.41493
-3.41493
-3.41493
-3.41478
-3.41478
-3.41433
-3.41433
-3.41402
-3.41387
-3.41372
-3.41357
-3.41402
-3.41387
-3.41402
-3.41387
-3.41403
-3.41418
-3.41448
-3.41463
-3.41448
-3.41448
-3.41418
-3.41403
-3.41372
-3.41327
-3.41312
-3.41312
-3.41297
-3.41297
-3.41327
-3.41327
-3.41357
-3.41372
-3.41357
-3.41388
-3.41403
-3.41418
-3.41433
-3.41448
-3.41448
-3.41463
-3.41448
-3.41448
-3.41433
-3.41463
-3.41433
-3.41478
-3.41463
-3.41403
-3.41403
-3.41403
-3.41403
-3.41418
-3.41433
-3.41448
-3.41433
-3.41448
-3.41448
-3.41418
-3.41418
-3.41418
-3.41418
-3.41433
-3.41418
-3.41418
-3.41403
-3.41433
-3.41448
-3.41448
-3.41433
-3.41463
-3.41463
-3.41463
-3.41494
-3.41569
-3.41569
-3.41569
-3.41569
-3.41569
-3.41599
-3.41614
-3.41614
-3.4163
-3.41614
-3.41614
-3.41599
-3.4163
-3.41614
-3.41645
-3.41614
-3.41599
-3.41599
-3.41584
-3.41584
-3.41599
-3.41539
-3.41539
-3.41539
-3.41524
-3.41508
-3.41524
-3.41463
-3.41478
-3.41478
-3.41508
-3.41539
-3.41554
-3.41524
-3.41539
-3.41523
-3.41523
-3.41554
-3.41539
-3.41539
-3.41523
-3.41539
-3.41523
-3.41523
-3.41523
-3.41508
-3.41493
-3.41478
-3.41478
-3.41508
-3.41508
-3.41539
-3.41554
-3.41523
-3.41554
-3.41554
-3.41554
-3.41539
-3.41554
-3.41554
-3.41599
-3.41584
-3.41584
-3.41569
-3.41523
-3.41554
-3.41599
-3.41614
-3.41614
-3.41629
-3.41599
-3.41614
-3.41659
-3.41659
-3.41629
-3.41629
-3.41644
-3.41659
-3.41644
-3.41644
-3.41644
-3.41599
-3.41614
-3.41614
-3.41629
-3.41614
-3.41614
-3.41629
-3.41629
-3.41644
-3.41599
-3.41644
-3.4166
-3.41644
-3.41644
-3.41629
-3.41599
-3.41599
-3.41584
-3.41569
-3.41539
-3.41539
-3.41523
-3.41569
-3.41569
-3.41569
-3.41584
-3.41539
-3.41584
-3.41569
-3.41569
-3.41569
-3.41523
-3.41554
-3.41554
-3.41508
-3.41493
-3.41539
-3.41508
-3.41508
-3.41493
-3.41478
-3.41463
-3.41463
-3.41478
-3.41478
-3.41524
-3.41554
-3.41539
-3.41524
-3.41539
-3.41569
-3.41584
-3.41569
-3.41584
-3.41554
-3.41554
-3.41554
-3.41554
-3.41554
-3.41569
-3.41584
-3.41584
-3.41614
-3.4166
-3.4166
-3.41645
-3.41675
-3.41705
-3.4169
-3.4169
-3.41705
-3.41675
-3.4166
-3.41645
-3.4166
-3.4166
-3.41645
-3.41675
-3.4166
-3.41645
-3.41675
-3.4169
-3.4169
-3.4169
-3.41705
-3.41675
-3.41645
-3.4166
-3.41644
-3.41644
-3.41675
-3.4169
-3.4169
-3.41675
-3.41705
-3.4172
-3.4169
-3.4172
-3.41705
-3.41735
-3.4172
-3.41705
-3.4172
-3.41735
-3.4172
-3.41735
-3.4172
-3.41705
-3.41689
-3.41674
-3.41659
-3.41644
-3.41644
-3.41674
-3.41674
-3.41689
-3.41674
-3.41674
-3.41674
-3.41629
-3.41614
-3.41644
-3.41644
-3.41704
-3.4175
-3.41765
-3.41734
-3.4175
-3.41719
-3.41704
-3.41704
-3.41689
-3.41689
-3.41704
-3.41719
-3.41689
-3.41689
-3.41674
-3.41704
-3.41674
-3.41689
-3.41674
-3.41689
-3.41689
-3.41689
-3.41689
-3.41659
-3.41659
-3.41659
-3.41674
-3.41659
-3.41659
-3.41674
-3.41689
-3.41689
-3.41704
-3.41704
-3.41704
-3.41704
-3.41719
-3.41749
-3.41749
-3.41719
-3.41704
-3.41689
-3.41704
-3.41689
-3.41689
-3.41689
-3.41674
-3.41689
-3.41704
-3.41719
-3.41719
-3.41734
-3.41689
-3.41689
-3.41689
-3.41689
-3.41689
-3.41689
-3.41659
-3.41674
-3.41689
-3.41689
-3.41674
-3.41674
-3.41689
-3.41674
-3.41643
-3.41613
-3.41598
-3.41583
-3.41613
-3.41628
-3.41674
-3.41674
-3.41689
-3.41689
-3.41689
-3.41689
-3.41689
-3.41674
-3.41689
-3.41704
-3.41719
-3.41719
-3.41704
-3.41704
-3.41704
-3.41704
-3.41735
-3.4172
-3.4175
-3.41735
-3.4175
-3.41735
-3.41735
-3.41735
-3.4175
-3.41735
-3.41705
-3.4169
-3.41705
-3.4169
-3.41705
-3.4169
-3.4172
-3.41735
-3.4175
-3.41765
-3.41765
-3.41765
-3.41795
-3.4178
-3.41765
-3.4175
-3.4172
-3.41674
-3.41705
-3.41705
-3.41735
-3.41735
-3.4172
-3.4175
-3.41765
-3.4178
-3.41765
-3.4175
-3.4172
-3.4172
-3.41735
-3.41689
-3.41704
-3.41704
-3.41689
-3.41659
-3.41674
-3.41659
-3.41659
-3.41629
-3.41659
-3.41704
-3.41689
-3.41719
-3.41734
-3.41719
-3.4175
-3.41734
-3.41765
-3.41765
-3.41765
-3.4175
-3.41734
-3.41765
-3.4178
-3.4178
-3.4178
-3.41795
-3.41855
-3.41886
-3.41855
-3.41901
-3.41901
-3.41916
-3.41931
-3.41916
-3.41931
-3.41916
-3.41916
-3.41931
-3.41976
-3.41931
-3.41916
-3.41931
-3.41946
-3.41916
-3.41871
-3.41841
-3.41841
-3.41856
-3.41856
-3.41856
-3.41856
-3.41856
-3.41841
-3.41856
-3.41886
-3.41901
-3.41901
-3.41901
-3.41961
-3.41916
-3.41916
-3.41886
-3.41871
-3.41841
-3.41871
-3.41871
-3.41871
-3.41856
-3.41841
-3.41841
-3.41841
-3.4184
-3.41825
-3.4184
-3.4184
-3.4184
-3.41856
-3.4184
-3.41871
-3.41856
-3.41871
-3.41901
-3.41916
-3.41901
-3.41916
-3.41901
-3.41916
-3.41916
-3.41916
-3.41916
-3.41916
-3.41886
-3.4184
-3.4181
-3.41855
-3.41855
-3.4181
-3.41825
-3.41886
-3.41871
-3.41886
-3.41886
-3.41916
-3.41901
-3.41901
-3.41886
-3.41855
-3.41855
-3.41855
-3.4184
-3.41855
-3.41855
-3.4184
-3.41825
-3.41855
-3.41856
-3.4184
-3.4184
-3.41795
-3.4178
-3.4178
-3.4175
-3.41705
-3.41735
-3.4175
-3.41765
-3.41765
-3.41765
-3.4175
-3.4172
-3.4169
-3.4172
-3.41705
-3.41705
-3.4172
-3.41765
-3.41765
-3.4175
-3.4175
-3.4175
-3.41765
-3.41735
-3.4175
-3.4175
-3.41735
-3.41735
-3.41735
-3.4175
-3.41781
-3.4178
-3.41796
-3.41796
-3.41796
-3.4178
-3.41796
-3.41765
-3.4178
-3.41796
-3.41811
-3.41826
-3.41826
-3.41795
-3.41765
-3.4175
-3.41765
-3.41795
-3.4178
-3.4178
-3.41765
-3.4175
-3.41825
-3.41825
-3.4181
-3.41795
-3.4178
-3.41795
-3.41825
-3.4181
-3.4181
-3.41871
-3.41855
-3.41855
-3.41855
-3.41825
-3.4178
-3.41795
-3.4181
-3.4184
-3.41855
-3.41855
-3.4184
-3.41825
-3.4184
-3.41825
-3.41795
-3.4184
-3.4184
-3.41825
-3.4184
-3.4187
-3.41886
-3.4187
-3.4187
-3.41931
-3.41916
-3.41916
-3.4187
-3.41871
-3.41916
-3.41871
-3.41855
-3.41871
-3.41886
-3.41886
-3.41886
-3.41871
-3.41871
-3.41886
-3.41886
-3.41871
-3.41871
-3.41841
-3.41841
-3.41841
-3.41856
-3.41856
-3.41841
-3.41871
-3.41856
-3.41871
-3.41841
-3.41841
-3.41841
-3.41826
-3.41826
-3.4181
-3.4181
-3.4181
-3.41841
-3.41916
-3.41916
-3.41916
-3.41901
-3.41901
-3.41916
-3.41916
-3.41931
-3.41916
-3.41931
-3.41931
-3.41916
-3.41916
-3.41916
-3.41916
-3.41916
-3.41916
-3.41916
-3.41901
-3.41916
-3.41916
-3.4181
-3.41765
-3.41765
-3.4175
-3.41735
-3.4172
-3.4172
-3.41705
-3.41689
-3.41705
-3.4169
-3.41705
-3.4169
-3.4172
-3.4172
-3.41735
-3.41735
-3.4178
-3.4175
-3.41765
-3.41765
-3.41735
-3.4178
-3.4178
-3.41765
-3.41735
-3.41735
-3.4172
-3.4172
-3.4169
-3.41674
-3.41735
-3.41735
-3.41705
-3.4172
-3.4172
-3.41735
-3.4175
-3.41735
-3.4172
-3.41705
-3.4172
-3.4172
-3.41735
-3.41735
-3.41674
-3.4169
-3.41674
-3.41705
-3.41705
-3.41705
-3.4169
-3.41705
-3.41765
-3.4178
-3.4178
-3.4178
-3.41795
-3.4181
-3.4181
-3.4181
-3.4181
-3.4181
-3.41856
-3.41841
-3.41825
-3.4181
-3.4181
-3.4178
-3.4175
-3.41795
-3.41765
-3.4178
-3.41795
-3.4178
-3.41765
-3.41765
-3.41765
-3.41765
-3.4178
-3.41795
-3.4178
-3.4178
-3.41795
-3.4178
-3.41795
-3.4178
-3.41765
-3.4178
-3.41765
-3.41795
-3.4178
-3.4178
-3.41795
-3.41795
-3.41811
-3.4178
-3.41811
-3.41811
-3.41841
-3.41841
-3.41826
-3.41795
-3.4175
-3.41735
-3.4172
-3.4175
-3.4175
-3.41735
-3.41765
-3.41765
-3.41765
-3.41765
-3.4178
-3.41826
-3.41826
-3.41856
-3.41871
-3.41826
-3.41841
-3.41856
-3.41795
-3.4175
-3.4175
-3.41735
-3.41735
-3.4172
-3.4172
-3.41765
-3.4178
-3.4181
-3.4181
-3.4178
-3.41765
-3.41765
-3.41765
-3.4175
-3.4175
-3.41765
-3.41765
-3.4175
-3.41765
-3.4175
-3.4175
-3.4178
-3.41765
-3.4175
-3.4175
-3.4175
-3.41735
-3.4175
-3.41735
-3.41735
-3.4172
-3.41735
-3.41705
-3.4169
-3.41705
-3.41659
-3.4169
-3.4169
-3.41674
-3.41659
-3.41674
-3.41644
-3.41659
-3.4169
-3.4169
-3.41659
-3.41644
-3.41659
-3.41675
-3.4169
-3.41705
-3.41675
-3.41675
-3.41705
-3.4169
-3.4169
-3.4169
-3.4172
-3.41705
-3.4172
-3.4169
-3.4169
-3.41675
-3.41645
-3.41645
-3.41645
-3.4163
-3.41584
-3.41615
-3.41599
-3.41569
-3.41569
-3.41615
-3.41584
-3.416
-3.416
-3.416
-3.41615
-3.41585
-3.41554
-3.41569
-3.41569
-3.41569
-3.41585
-3.41615
-3.41615
-3.416
-3.41585
-3.41554
-3.41554
-3.41539
-3.41524
-3.41539
-3.41539
-3.41554
-3.41509
-3.41509
-3.41509
-3.41494
-3.41524
-3.41524
-3.41554
-3.41569
-3.41585
-3.416
-3.41585
-3.416
-3.41569
-3.41554
-3.41569
-3.41539
-3.41539
-3.41554
-3.41554
-3.41509
-3.41509
-3.41539
-3.41554
-3.41584
-3.41615
-3.41584
-3.41554
-3.41569
-3.41539
-3.41539
-3.41524
-3.41509
-3.41509
-3.41524
-3.41494
-3.41494
-3.41494
-3.41479
-3.41479
-3.41479
-3.41464
-3.41464
-3.41464
-3.41494
-3.41509
-3.41509
-3.41509
-3.41494
-3.41494
-3.41479
-3.41479
-3.41494
-3.41494
-3.41494
-3.41524
-3.41569
-3.41539
-3.41524
-3.41539
-3.41524
-3.41554
-3.41599
-3.41584
-3.41554
-3.41509
-3.41479
-3.41479
-3.41463
-3.41494
-3.41494
-3.41464
-3.41433
-3.41433
-3.41418
-3.41418
-3.41418
-3.41418
-3.41403
-3.41388
-3.41388
-3.41373
-3.41388
-3.41373
-3.41403
-3.41418
-3.41403
-3.41343
-3.41327
-3.41312
-3.41297
-3.41282
-3.41252
-3.41297
-3.41312
-3.41282
-3.41297
-3.41297
-3.41267
-3.41282
-3.41282
-3.41282
-3.41312
-3.41327
-3.41297
-3.41312
-3.41282
-3.41312
-3.41327
-3.41343
-3.41343
-3.41343
-3.41358
-3.41358
-3.41358
-3.41373
-3.41373
-3.41388
-3.41373
-3.41373
-3.41373
-3.41358
-3.41373
-3.41373
-3.41403
-3.41373
-3.41373
-3.41373
-3.41388
-3.41449
-3.41433
-3.41418
-3.41403
-3.41388
-3.41418
-3.41449
-3.41418
-3.41418
-3.41403
-3.41403
-3.41403
-3.41373
-3.41388
-3.41418
-3.41418
-3.41403
-3.41433
-3.41449
-3.41449
-3.41418
-3.41388
-3.41388
-3.41373
-3.41358
-3.41358
-3.41328
-3.41282
-3.41298
-3.41282
-3.41267
-3.41252
-3.41237
-3.41237
-3.41207
-3.41192
-3.41162
-3.41131
-3.41146
-3.41177
-3.41177
-3.41177
-3.41177
-3.41177
-3.41177
-3.41192
-3.41207
-3.41237
-3.41237
-3.41237
-3.41267
-3.41267
-3.41252
-3.41237
-3.41237
-3.41237
-3.41237
-3.41222
-3.41207
-3.41177
-3.41177
-3.41192
-3.41222
-3.41252
-3.41252
-3.41282
-3.41282
-3.41267
-3.41297
-3.41282
-3.41267
-3.41282
-3.41297
-3.41358
-3.41343
-3.41358
-3.41343
-3.41328
-3.41313
-3.41267
-3.41282
-3.41267
-3.41282
-3.41313
-3.41313
-3.41252
-3.41267
-3.41252
-3.41252
-3.41237
-3.41267
-3.41298
-3.41313
-3.41388
-3.41373
-3.41343
-3.41328
-3.41358
-3.41358
-3.41343
-3.41328
-3.41343
-3.41328
-3.41328
-3.41267
-3.41267
-3.41282
-3.41283
-3.41267
-3.41252
-3.41252
-3.41252
-3.41252
-3.41222
-3.41237
-3.41252
-3.41252
-3.41283
-3.41283
-3.41283
-3.41283
-3.41267
-3.41283
-3.41283
-3.41283
-3.41283
-3.41252
-3.41237
-3.41222
-3.41207
-3.41192
-3.41237
-3.41222
-3.41222
-3.41222
-3.41222
-3.41237
-3.41252
-3.41267
-3.41282
-3.41252
-3.41252
-3.41267
-3.41282
-3.41328
-3.41312
-3.41312
-3.41327
-3.41373
-3.41358
-3.41373
-3.41327
-3.41358
-3.41358
-3.41342
-3.41358
-3.41358
-3.41357
-3.41342
-3.41357
-3.41388
-3.41373
-3.41373
-3.41388
-3.41373
-3.41373
-3.41373
-3.41358
-3.41312
-3.41327
-3.41342
-3.41342
-3.41342
-3.41327
-3.41342
-3.41358
-3.41358
-3.41312
-3.41312
-3.41297
-3.41267
-3.41267
-3.41237
-3.41297
-3.41328
-3.41328
-3.41328
-3.41343
-3.41358
-3.41358
-3.41373
-3.41343
-3.41328
-3.41403
-3.41419
-3.41404
-3.41419
-3.41373
-3.41343
-3.41358
-3.41373
-3.41373
-3.41373
-3.41328
-3.41343
-3.41389
-3.41404
-3.41419
-3.41434
-3.41464
-3.41464
-3.41494
-3.41525
-3.41479
-3.41494
-3.41494
-3.41494
-3.41494
-3.4151
-3.41494
-3.41479
-3.41479
-3.41494
-3.41494
-3.41464
-3.41464
-3.41479
-3.41479
-3.41494
-3.41524
-3.41509
-3.41494
-3.41479
-3.41434
-3.41449
-3.41419
-3.41388
-3.41388
-3.41388
-3.41373
-3.41388
-3.41373
-3.41388
-3.41433
-3.41464
-3.41433
-3.41433
-3.41433
-3.41448
-3.41464
-3.41479
-3.41494
-3.41509
-3.41509
-3.41494
-3.41509
-3.41509
-3.41494
-3.41478
-3.41463
-3.41448
-3.41433
-3.41388
-3.41373
-3.41342
-3.41342
-3.41312
-3.41358
-3.41358
-3.41358
-3.41342
-3.41358
-3.41358
-3.41388
-3.41403
-3.41403
-3.41373
-3.41358
-3.41373
-3.41373
-3.41403
-3.41388
-3.41388
-3.41388
-3.41403
-3.41418
-3.41418
-3.41418
-3.41418
-3.41403
-3.41433
-3.41433
-3.41418
-3.41433
-3.41433
-3.41418
-3.41388
-3.41388
-3.41403
-3.41403
-3.41388
-3.41388
-3.41373
-3.41403
-3.41388
-3.41403
-3.41403
-3.41418
-3.41448
-3.41479
-3.41479
-3.41449
-3.41449
-3.41449
-3.41464
-3.41479
-3.41494
-3.41509
-3.41464
-3.41418
-3.41419
-3.41373
-3.41358
-3.41388
-3.41373
-3.41358
-3.41373
-3.41389
-3.41404
-3.41434
-3.41434
-3.41434
-3.41434
-3.41389
-3.41434
-3.41419
-3.41449
-3.41419
-3.41434
-3.41434
-3.41404
-3.41419
-3.41404
-3.41404
-3.41389
-3.41374
-3.41404
-3.41434
-3.41434
-3.41419
-3.41419
-3.41419
-3.41404
-3.41419
-3.41419
-3.41419
-3.41434
-3.41419
-3.41464
-3.41464
-3.41479
-3.41479
-3.41479
-3.41494
-3.41494
-3.41479
-3.41524
-3.41539
-3.41524
-3.41539
-3.416
-3.41584
-3.41584
-3.41584
-3.41569
-3.41584
-3.41569
-3.41569
-3.41524
-3.41524
-3.41524
-3.41509
-3.41509
-3.41524
-3.41554
-3.41554
-3.41539
-3.41554
-3.41569
-3.41554
-3.41569
-3.41554
-3.41554
-3.41524
-3.41494
-3.41509
-3.41524
-3.41509
-3.41539
-3.41569
-3.41569
-3.41569
-3.41569
-3.416
-3.41615
-3.41645
-3.4166
-3.41615
-3.41615
-3.41615
-3.4166
-3.4166
-3.4166
-3.4163
-3.4166
-3.4166
-3.4166
-3.4169
-3.4169
-3.41706
-3.41675
-3.41675
-3.4166
-3.4163
-3.4163
-3.4163
-3.41615
-3.41615
-3.416
-3.41615
-3.416
-3.41584
-3.41584
-3.41584
-3.41569
-3.41569
-3.41554
-3.41569
-3.41584
-3.41599
-3.41615
-3.41615
-3.41599
-3.4163
-3.41584
-3.41599
-3.41599
-3.41584
-3.416
-3.416
-3.41645
-3.41645
-3.4166
-3.4163
-3.41645
-3.416
-3.41569
-3.41539
-3.41509
-3.41479
-3.41509
-3.41539
-3.41554
-3.41569
-3.41585
-3.41585
-3.4157
-3.41585
-3.41585
-3.41585
-3.416
-3.41615
-3.416
-3.416
-3.416
-3.41585
-3.41554
-3.41554
-3.41539
-3.41539
-3.41509
-3.41479
-3.41434
-3.41434
-3.41449
-3.41449
-3.41464
-3.41464
-3.41449
-3.41464
-3.41464
-3.41464
-3.41464
-3.41449
-3.41449
-3.41418
-3.41403
-3.41418
-3.41449
-3.41433
-3.41449
-3.41449
-3.41449
-3.41434
-3.41434
-3.41449
-3.41449
-3.41449
-3.41434
-3.41464
-3.41434
-3.41403
-3.41418
-3.41418
-3.41418
-3.41433
-3.41418
-3.41433
-3.41403
-3.41388
-3.41388
-3.41403
-3.41433
-3.41433
-3.41388
-3.41418
-3.41403
-3.41433
-3.41449
-3.41449
-3.41434
-3.41449
-3.41433
-3.41479
-3.41464
-3.41464
-3.41494
-3.41494
-3.41464
-3.41479
-3.41509
-3.41509
-3.41524
-3.41509
-3.41509
-3.41479
-3.41524
-3.41509
-3.41539
-3.41539
-3.41539
-3.41524
-3.41524
-3.41584
-3.41554
-3.41524
-3.41524
-3.41554
-3.41509
-3.41524
-3.41524
-3.41479
-3.41448
-3.41388
-3.41373
-3.41373
-3.41358
-3.41373
-3.41388
-3.41388
-3.41403
-3.41388
-3.41418
-3.41403
-3.41403
-3.41448
-3.41418
-3.41403
-3.41388
-3.41373
-3.41358
-3.41312
-3.41312
-3.41343
-3.41343
-3.41312
-3.41327
-3.41312
-3.41297
-3.41327
-3.41358
-3.41358
-3.41312
-3.41297
-3.41282
-3.41297
-3.41297
-3.41312
-3.41312
-3.41342
-3.41327
-3.41312
-3.41312
-3.41297
-3.41297
-3.41297
-3.41267
-3.41267
-3.41282
-3.41267
-3.41237
-3.41252
-3.41267
-3.41236
-3.41206
-3.41237
-3.41237
-3.41252
-3.41252
-3.41267
-3.41267
-3.41267
-3.41237
-3.41221
-3.41206
-3.41221
-3.41252
-3.41252
-3.41252
-3.41267
-3.41252
-3.41267
-3.41267
-3.41252
-3.41282
-3.41297
-3.41297
-3.41282
-3.41312
-3.41312
-3.41327
-3.41282
-3.41297
-3.41327
-3.41312
-3.41312
-3.41297
-3.41312
-3.41297
-3.41297
-3.41312
-3.41342
-3.41312
-3.41327
-3.41327
-3.41327
-3.41327
-3.41327
-3.41327
-3.41327
-3.41327
-3.41342
-3.41342
-3.41342
-3.41357
-3.41342
-3.41312
-3.41297
-3.41281
-3.41281
-3.41297
-3.41281
-3.41296
-3.41296
-3.41251
-3.41236
-3.41236
-3.41236
-3.41206
-3.41221
-3.41176
-3.41176
-3.41176
-3.41176
-3.41191
-3.41206
-3.41206
-3.41191
-3.41176
-3.41176
-3.41221
-3.41206
-3.41206
-3.41191
-3.41176
-3.41146
-3.41146
-3.41146
-3.41252
-3.41282
-3.41282
-3.41267
-3.41267
-3.41267
-3.41237
-3.41222
-3.41207
-3.41191
-3.41207
-3.41161
-3.41161
-3.41176
-3.41191
-3.41191
-3.41207
-3.41222
-3.41207
-3.41207
-3.41222
-3.41237
-3.41252
-3.41252
-3.41267
-3.41282
-3.41267
-3.41312
-3.41312
-3.41312
-3.41327
-3.41342
-3.41342
-3.41358
-3.41373
-3.41373
-3.41388
-3.41373
-3.41403
-3.41403
-3.41373
-3.41388
-3.41388
-3.41403
-3.41418
-3.41448
-3.41463
-3.41448
-3.41478
-3.41478
-3.41478
-3.41478
-3.41463
-3.41509
-3.41539
-3.41554
-3.41569
-3.41569
-3.41539
-3.41524
-3.41524
-3.41539
-3.41569
-3.41614
-3.41614
-3.41584
-3.41554
-3.41569
-3.41554
-3.41554
-3.41539
-3.41539
-3.41554
-3.41539
-3.41524
-3.41509
-3.41524
-3.41539
-3.41569
-3.41569
-3.41539
-3.41539
-3.41539
-3.41569
-3.41569
-3.41569
-3.41554
-3.41554
-3.41584
-3.41554
-3.41539
-3.41539
-3.41478
-3.41463
-3.41448
-3.41433
-3.41433
-3.41448
-3.41418
-3.41478
-3.41463
-3.41433
-3.41433
-3.41418
-3.41418
-3.41402
-3.41387
-3.41417
-3.41402
-3.41402
-3.41433
-3.41463
-3.41417
-3.41387
-3.41387
-3.41372
-3.41342
-3.41387
-3.41402
-3.41372
-3.41357
-3.41372
-3.41357
-3.41357
-3.41342
-3.41342
-3.41357
-3.41357
-3.41387
-3.41387
-3.41387
-3.41417
-3.41432
-3.41417
-3.41402
-3.41387
-3.41402
-3.41357
-3.41357
-3.41342
-3.41342
-3.41342
-3.41342
-3.41357
-3.41327
-3.41296
-3.41296
-3.41312
-3.41296
-3.41296
-3.41296
-3.41296
-3.41281
-3.41372
-3.41342
-3.41357
-3.41327
-3.41312
-3.41296
-3.41296
-3.41296
-3.41296
-3.41327
-3.41342
-3.41342
-3.41342
-3.41372
-3.41357
-3.41357
-3.41372
-3.41357
-3.41327
-3.41312
-3.41297
-3.41281
-3.41266
-3.41236
-3.41251
-3.41221
-3.41206
-3.41221
-3.41251
-3.41267
-3.41282
-3.41282
-3.41297
-3.41267
-3.41282
-3.41267
-3.41267
-3.41252
-3.41252
-3.41282
-3.41252
-3.41252
-3.41267
-3.41297
-3.41297
-3.41312
-3.41312
-3.41343
-3.41343
-3.41328
-3.41343
-3.41313
-3.41358
-3.41343
-3.41328
-3.41328
-3.41312
-3.41358
-3.41358
-3.41373
-3.41388
-3.41373
-3.41388
-3.41433
-3.41448
-3.41478
-3.41494
-3.41509
-3.41494
-3.41478
-3.41478
-3.41433
-3.41418
-3.41403
-3.41418
-3.41433
-3.41433
-3.41418
-3.41418
-3.41448
-3.41463
-3.41478
-3.41538
-3.41569
-3.41569
-3.41569
-3.41599
-3.41614
-3.41599
-3.41599
-3.41629
-3.41614
-3.41614
-3.41644
-3.41674
-3.41659
-3.41644
-3.41644
-3.41614
-3.41583
-3.41613
-3.41644
-3.41659
-3.41674
-3.41659
-3.41644
-3.41629
-3.41598
-3.41613
-3.41613
-3.41613
-3.41628
-3.41628
-3.41598
-3.41598
-3.41568
-3.41538
-3.41447
-3.41432
-3.41432
-3.41402
-3.41402
-3.41402
-3.41417
-3.41432
-3.41432
-3.41432
-3.41432
-3.41462
-3.41447
-3.41462
-3.41462
-3.41477
-3.41462
-3.41462
-3.41477
-3.41492
-3.41507
-3.41477
-3.41477
-3.41447
-3.41447
-3.41402
-3.41386
-3.41386
-3.41387
-3.41371
-3.41356
-3.41356
-3.41356
-3.41311
-3.41296
-3.41281
-3.41296
-3.41356
-3.41371
-3.41371
-3.41356
-3.41371
-3.41341
-3.41341
-3.41371
-3.41371
-3.41371
-3.41386
-3.41386
-3.41386
-3.41386
-3.41356
-3.41371
-3.41386
-3.41356
-3.41356
-3.41356
-3.41326
-3.41356
-3.41371
-3.41356
-3.41386
-3.41371
-3.41356
-3.41356
-3.41356
-3.41386
-3.41371
-3.41402
-3.41387
-3.41387
-3.41417
-3.41356
-3.41356
-3.41356
-3.41387
-3.41402
-3.41402
-3.41357
-3.41387
-3.41387
-3.41387
-3.41417
-3.41417
-3.41402
-3.41417
-3.41402
-3.41387
-3.41417
-3.41402
-3.41402
-3.41387
-3.41372
-3.41402
-3.41372
-3.41372
-3.41387
-3.41387
-3.41402
-3.41372
-3.41342
-3.41342
-3.41327
-3.41297
-3.41327
-3.41281
-3.41266
-3.41281
-3.41296
-3.41266
-3.41236
-3.41221
-3.41221
-3.41221
-3.41206
-3.41191
-3.41206
-3.41206
-3.41191
-3.41191
-3.4116
-3.41115
-3.4116
-3.41175
-3.41206
-3.41191
-3.41206
-3.41206
-3.41175
-3.4116
-3.41145
-3.41145
-3.41145
-3.4113
-3.4113
-3.4116
-3.41145
-3.4116
-3.4113
-3.41115
-3.411
-3.41069
-3.41069
-3.41039
-3.41024
-3.41009
-3.41039
-3.40994
-3.40964
-3.40964
-3.40933
-3.40933
-3.40964
-3.40949
-3.40933
-3.40918
-3.40903
-3.40903
-3.40903
-3.40949
-3.40979
-3.40994
-3.40964
-3.40964
-3.40979
-3.40964
-3.40964
-3.40918
-3.40918
-3.40903
-3.40933
-3.40949
-3.40949
-3.40918
-3.40903
-3.40933
-3.40933
-3.40918
-3.40949
-3.40933
-3.40903
-3.40903
-3.40888
-3.40873
-3.40888
-3.40888
-3.40903
-3.40903
-3.40903
-3.40903
-3.40933
-3.40948
-3.40933
-3.40948
-3.40963
-3.41009
-3.41069
-3.41069
-3.41024
-3.41054
-3.41054
-3.41069
-3.41084
-3.41069
-3.41099
-3.41099
-3.41114
-3.4113
-3.41114
-3.41114
-3.41114
-3.4113
-3.4113
-3.41099
-3.41084
-3.41099
-3.41114
-3.41114
-3.41099
-3.41114
-3.41145
-3.41145
-3.4113
-3.41114
-3.41099
-3.41099
-3.41069
-3.41069
-3.41099
-3.41099
-3.41114
-3.41114
-3.41114
-3.41114
-3.41114
-3.41099
-3.41099
-3.41114
-3.41099
-3.41054
-3.41039
-3.41009
-3.40993
-3.41009
-3.41039
-3.41084
-3.41084
-3.41084
-3.41084
-3.41069
-3.41084
-3.41084
-3.41069
-3.41084
-3.41099
-3.41084
-3.41099
-3.41114
-3.41099
-3.41084
-3.41069
-3.41069
-3.41099
-3.41114
-3.41114
-3.41114
-3.41129
-3.41114
-3.41129
-3.41129
-3.41145
-3.41145
-3.41145
-3.41129
-3.41114
-3.41114
-3.41145
-3.4119
-3.4119
-3.4119
-3.4116
-3.41175
-3.4119
-3.41175
-3.4119
-3.4119
-3.4119
-3.4119
-3.4119
-3.4119
-3.41205
-3.41205
-3.4122
-3.41236
-3.41281
-3.41296
-3.41296
-3.41251
-3.41266
-3.41266
-3.41251
-3.41236
-3.41281
-3.41281
-3.41251
-3.41266
-3.41251
-3.41236
-3.41221
-3.41251
-3.41266
-3.41266
-3.41281
-3.41281
-3.41311
-3.41311
-3.41327
-3.41372
-3.41372
-3.41372
-3.41342
-3.41357
-3.41357
-3.41342
-3.41312
-3.41281
-3.41281
-3.41281
-3.41266
-3.41251
-3.41251
-3.41236
-3.41236
-3.4116
-3.41145
-3.4113
-3.4113
-3.41145
-3.41176
-3.41115
-3.411
-3.41115
-3.411
-3.41085
-3.4107
-3.41085
-3.4107
-3.41085
-3.41085
-3.4107
-3.4107
-3.4107
-3.411
-3.4107
-3.41055
-3.41055
-3.4104
-3.4104
-3.41024
-3.41024
-3.40979
-3.40964
-3.40964
-3.40979
-3.40979
-3.40994
-3.41009
-3.41024
-3.41009
-3.41009
-3.41009
-3.41009
-3.41009
-3.40979
-3.40994
-3.40994
-3.41009
-3.4104
-3.41024
-3.4104
-3.4107
-3.4107
-3.4107
-3.41085
-3.41085
-3.41085
-3.411
-3.4113
-3.41145
-3.41145
-3.4116
-3.4116
-3.4113
-3.41115
-3.4113
-3.4116
-3.41175
-3.4116
-3.4119
-3.4113
-3.4113
-3.4119
-3.4116
-3.4116
-3.41145
-3.41145
-3.41115
-3.4113
-3.41115
-3.4113
-3.4113
-3.41115
-3.4113
-3.4113
-3.41115
-3.4107
-3.4107
-3.4107
-3.41055
-3.411
-3.4107
-3.41039
-3.41009
-3.41009
-3.41009
-3.41024
-3.40979
-3.40964
-3.40934
-3.40904
-3.40934
-3.40949
-3.40964
-3.40964
-3.40949
-3.40949
-3.40964
-3.40964
-3.40979
-3.40964
-3.40949
-3.40949
-3.40949
-3.40934
-3.40949
-3.40964
-3.41009
-3.40994
-3.41024
-3.41009
-3.41009
-3.40994
-3.40979
-3.41009
-3.41024
-3.41039
-3.41039
-3.41024
-3.41024
-3.40993
-3.40993
-3.40993
-3.40993
-3.40978
-3.40978
-3.41008
-3.41008
-3.41008
-3.41024
-3.41024
-3.41009
-3.41009
-3.40994
-3.41009
-3.41039
-3.41039
-3.41024
-3.40979
-3.40994
-3.41055
-3.41009
-3.40979
-3.40949
-3.40934
-3.40934
-3.40934
-3.40965
-3.40949
-3.40965
-3.4095
-3.40934
-3.40935
-3.4095
-3.40935
-3.40935
-3.40919
-3.40935
-3.4095
-3.40965
-3.4095
-3.4095
-3.40904
-3.40889
-3.40904
-3.40965
-3.40965
-3.40919
-3.40904
-3.40919
-3.40919
-3.40934
-3.4095
-3.40965
-3.40995
-3.4098
-3.40995
-3.4098
-3.40995
-3.40995
-3.4101
-3.4101
-3.41025
-3.4104
-3.41025
-3.40979
-3.40995
-3.40979
-3.40979
-3.40979
-3.40979
-3.40964
-3.40964
-3.40949
-3.40964
-3.41025
-3.41025
-3.41025
-3.41025
-3.4104
-3.41055
-3.4107
-3.4107
-3.4107
-3.41085
-3.41115
-3.41115
-3.41115
-3.41115
-3.411
-3.4113
-3.41176
-3.41176
-3.41176
-3.4113
-3.41115
-3.41115
-3.411
-3.411
-3.411
-3.41085
-3.41085
-3.4107
-3.4107
-3.41085
-3.411
-3.41085
-3.411
-3.4113
-3.4113
-3.41145
-3.4113
-3.4113
-3.411
-3.411
-3.411
-3.41085
-3.41085
-3.41085
-3.411
-3.411
-3.41085
-3.4113
-3.411
-3.41115
-3.41115
-3.41115
-3.4113
-3.41145
-3.4116
-3.41145
-3.4116
-3.4116
-3.41175
-3.41205
-3.4122
-3.41251
-3.41281
-3.41281
-3.41311
-3.41311
-3.41296
-3.41311
-3.41326
-3.41341
-3.41341
-3.41341
-3.41356
-3.41356
-3.41386
-3.41371
-3.41387
-3.41371
-3.41387
-3.41387
-3.41371
-3.41371
-3.41371
-3.41387
-3.41402
-3.41432
-3.41417
-3.41417
-3.41447
-3.41432
-3.41432
-3.41447
-3.41447
-3.41432
-3.41417
-3.41402
-3.41402
-3.41417
-3.41417
-3.41432
-3.41478
-3.41478
-3.41478
-3.41478
-3.41463
-3.41417
-3.41417
-3.41417
-3.41387
-3.41387
-3.41417
-3.41417
-3.41417
-3.41402
-3.41402
-3.41387
-3.41372
-3.41387
-3.41433
-3.41432
-3.41448
-3.41478
-3.41493
-3.41508
-3.41508
-3.41523
-3.41508
-3.41523
-3.41508
-3.41523
-3.41523
-3.41538
-3.41523
-3.41538
-3.41553
-3.41538
-3.41553
-3.41568
-3.41568
-3.41568
-3.41568
-3.41583
-3.41614
-3.41598
-3.41568
-3.41583
-3.41599
-3.41583
-3.41538
-3.41523
-3.41523
-3.41478
-3.41463
-3.41493
-3.41508
-3.41523
-3.41523
-3.41553
-3.41553
-3.41599
-3.41614
-3.41614
-3.41614
-3.41659
-3.41629
-3.41629
-3.41659
-3.41674
-3.41674
-3.41674
-3.41629
-3.41614
-3.41629
-3.41629
-3.41614
-3.41599
-3.41644
-3.41629
-3.41629
-3.41629
-3.41613
-3.41598
-3.41583
-3.41583
-3.41598
-3.41598
-3.41598
-3.41628
-3.41628
-3.41613
-3.41613
-3.41598
-3.41583
-3.41598
-3.41583
-3.41659
-3.41628
-3.41598
-3.41613
-3.41613
-3.41613
-3.41598
-3.41613
-3.41613
-3.41598
-3.41598
-3.41583
-3.41583
-3.41613
-3.41598
-3.41598
-3.41598
-3.41583
-3.41568
-3.41553
-3.41553
-3.41538
-3.41477
-3.41462
-3.41462
-3.41493
-3.41508
-3.41538
-3.41568
-3.41553
-3.41553
-3.41523
-3.41523
-3.41538
-3.41508
-3.41508
-3.41523
-3.41508
-3.41508
-3.41493
-3.41478
-3.41493
-3.41493
-3.41478
-3.41493
-3.41478
-3.41478
-3.41478
-3.41493
-3.41478
-3.41478
-3.41463
-3.41433
-3.41402
-3.41417
-3.41448
-3.41463
-3.41478
-3.41508
-3.41523
-3.41523
-3.41493
-3.41493
-3.41478
-3.41508
-3.41478
-3.41463
-3.41463
-3.41463
-3.41417
-3.41448
-3.41447
-3.41417
-3.41417
-3.41402
-3.41402
-3.41402
-3.41357
-3.41387
-3.41387
-3.41372
-3.41417
-3.41447
-3.41417
-3.41417
-3.41402
-3.41387
-3.41387
-3.41387
-3.41356
-3.41387
-3.41417
-3.41402
-3.41417
-3.41447
-3.41462
-3.41432
-3.41462
-3.41492
-3.41477
-3.41477
-3.41507
-3.41522
-3.41522
-3.41522
-3.41507
-3.41537
-3.41567
-3.41522
-3.41522
-3.41522
-3.41476
-3.41476
-3.41476
-3.41431
-3.41446
-3.41446
-3.41492
-3.41507
-3.41522
-3.41507
-3.41507
-3.41507
-3.41507
-3.41522
-3.41507
-3.41462
-3.41462
-3.41477
-3.41462
-3.41477
-3.41478
-3.41478
-3.41447
-3.41432
-3.41448
-3.41432
-3.41448
-3.41433
-3.41417
-3.41402
-3.41402
-3.41402
-3.41418
-3.41433
-3.41402
-3.41402
-3.41402
-3.41387
-3.41478
-3.41478
-3.41523
-3.41493
-3.41523
-3.41569
-3.41554
-3.41538
-3.41538
-3.41508
-3.41508
-3.41463
-3.41433
-3.41463
-3.41508
-3.41493
-3.41508
-3.41508
-3.41523
-3.41523
-3.41538
-3.41538
-3.41523
-3.41538
-3.41538
-3.41523
-3.41554
-3.41538
-3.41508
-3.41523
-3.41478
-3.41493
-3.41508
-3.41478
-3.41478
-3.41463
-3.41463
-3.41448
-3.41433
-3.41448
-3.41418
-3.41403
-3.41418
-3.41373
-3.41373
-3.41342
-3.41357
-3.41342
-3.41373
-3.41373
-3.41418
-3.41418
-3.41448
-3.41493
-3.41509
-3.41509
-3.41493
-3.41493
-3.41493
-3.41478
-3.41478
-3.41448
-3.41463
-3.41463
-3.41478
-3.41448
-3.41493
-3.41447
-3.41447
-3.41432
-3.41432
-3.41447
-3.41447
-3.41447
-3.41447
-3.41447
-3.41462
-3.41477
-3.41522
-3.41507
-3.41477
-3.41492
-3.41476
-3.41476
-3.41476
-3.41461
-3.41461
-3.41446
-3.41431
-3.41416
-3.41416
-3.41431
-3.41416
-3.41416
-3.41401
-3.41356
-3.41356
-3.41326
-3.41311
-3.41251
-3.41206
-3.41236
-3.41266
-3.41327
-3.41312
-3.41327
-3.41327
-3.41327
-3.41312
-3.41297
-3.41312
-3.41327
-3.41327
-3.41327
-3.41312
-3.41312
-3.41312
-3.41327
-3.41327
-3.41342
-3.41327
-3.41358
-3.41358
-3.41342
-3.41312
-3.41297
-3.41297
-3.41312
-3.41357
-3.41327
-3.41342
-3.41327
-3.41327
-3.41327
-3.41342
-3.41281
-3.41266
-3.41266
-3.41236
-3.41251
-3.41236
-3.41221
-3.41236
-3.41205
-3.4119
-3.4119
-3.41205
-3.4119
-3.41175
-3.41145
-3.41145
-3.4113
-3.41145
-3.4119
-3.4119
-3.41205
-3.4119
-3.4122
-3.4122
-3.41251
-3.4119
-3.4119
-3.4119
-3.4119
-3.41205
-3.4119
-3.41175
-3.4119
-3.4119
-3.4119
-3.41175
-3.4116
-3.41191
-3.4116
-3.41175
-3.41191
-3.41175
-3.41175
-3.41191
-3.41175
-3.41175
-3.41175
-3.41221
-3.41221
-3.41206
-3.41191
-3.41175
-3.41175
-3.4116
-3.41145
-3.41145
-3.4116
-3.41175
-3.41206
-3.41191
-3.41175
-3.41206
-3.41221
-3.41206
-3.41221
-3.41266
-3.41281
-3.41296
-3.41281
-3.41281
-3.41266
-3.41251
-3.41281
-3.41281
-3.41251
-3.41266
-3.41296
-3.41326
-3.41296
-3.41342
-3.41311
-3.41296
-3.41281
-3.41281
-3.41266
-3.41236
-3.41266
-3.41281
-3.41266
-3.41251
-3.41236
-3.41221
-3.41206
-3.41206
-3.41206
-3.41221
-3.41206
-3.41191
-3.41191
-3.41176
-3.41206
-3.41191
-3.4116
-3.4113
-3.4113
-3.4113
-3.41145
-3.41115
-3.41115
-3.41115
-3.411
-3.4113
-3.411
-3.4107
-3.41085
-3.41085
-3.411
-3.4113
-3.41145
-3.4113
-3.41145
-3.41145
-3.4113
-3.41145
-3.4113
-3.4113
-3.4113
-3.4113
-3.4113
-3.41145
-3.41191
-3.41191
-3.41176
-3.41176
-3.41206
-3.41191
-3.41176
-3.41221
-3.41251
-3.41221
-3.41221
-3.41176
-3.41146
-3.4113
-3.4113
-3.41115
-3.4113
-3.41146
-3.4113
-3.4113
-3.4113
-3.4113
-3.4113
-3.41145
-3.41145
-3.41176
-3.41161
-3.41115
-3.41115
-3.41115
-3.41115
-3.41145
-3.41145
-3.41145
-3.4113
-3.4113
-3.4113
-3.4113
-3.41115
-3.41115
-3.41115
-3.411
-3.41115
-3.41115
-3.41054
-3.41115
-3.411
-3.411
-3.41115
-3.41115
-3.41145
-3.4113
-3.41145
-3.41145
-3.4113
-3.4113
-3.41145
-3.4113
-3.41129
-3.41114
-3.41099
-3.41114
-3.41129
-3.41175
-3.41175
-3.4119
-3.4119
-3.41235
-3.41235
-3.41235
-3.41235
-3.41235
-3.41235
-3.41236
-3.41236
-3.41221
-3.4119
-3.41206
-3.41221
-3.41221
-3.41191
-3.41236
-3.41236
-3.41251
-3.41266
-3.41281
-3.41281
-3.41282
-3.41312
-3.41282
-3.41236
-3.41206
-3.41252
-3.41252
-3.41252
-3.41237
-3.41252
-3.41267
-3.41252
-3.41252
-3.41252
-3.41252
-3.41222
-3.41191
-3.41176
-3.41176
-3.41176
-3.41206
-3.41221
-3.41206
-3.41146
-3.41191
-3.41206
-3.41146
-3.41161
-3.41146
-3.41176
-3.41191
-3.41131
-3.41131
-3.41131
-3.41116
-3.41116
-3.41146
-3.41131
-3.411
-3.41161
-3.41191
-3.41191
-3.41236
-3.41236
-3.41221
-3.41221
-3.41191
-3.41191
-3.41146
-3.41145
-3.41161
-3.41161
-3.41161
-3.41191
-3.41191
-3.41176
-3.4113
-3.41191
-3.4116
-3.41145
-3.411
-3.41085
-3.411
-3.41115
-3.41115
-3.41145
-3.41085
-3.4113
-3.4113
-3.4113
-3.4116
-3.4116
-3.41176
-3.41176
-3.41221
-3.41221
-3.41206
-3.41236
-3.41236
-3.41221
-3.41191
-3.41176
-3.41191
-3.41176
-3.41191
-3.41206
-3.41206
-3.41161
-3.41146
-3.41176
-3.41176
-3.41191
-3.41191
-3.41191
-3.41191
-3.41206
-3.41206
-3.41221
-3.41221
-3.41221
-3.41206
-3.41191
-3.41236
-3.41221
-3.41191
-3.41191
-3.41191
-3.41206
-3.41206
-3.41191
-3.41221
-3.41221
-3.41191
-3.41221
-3.41206
-3.41206
-3.41206
-3.41191
-3.41176
-3.41161
-3.411
-3.4107
-3.41055
-3.4104
-3.41025
-3.4101
-3.41025
-3.41025
-3.41025
-3.41025
-3.4104
-3.41055
-3.41085
-3.411
-3.4113
-3.41115
-3.411
-3.411
-3.411
-3.41115
-3.411
-3.4113
-3.4116
-3.41175
-3.41191
-3.41175
-3.41206
-3.41236
-3.41221
-3.41251
-3.41251
-3.41236
-3.41236
-3.41221
-3.4119
-3.41175
-3.41221
-3.41236
-3.41236
-3.41251
-3.41236
-3.41236
-3.41236
-3.41236
-3.41221
-3.41221
-3.41236
-3.41251
-3.41251
-3.41221
-3.41205
-3.41221
-3.41221
-3.4119
-3.4119
-3.41205
-3.41205
-3.4119
-3.4119
-3.41175
-3.4116
-3.4116
-3.41145
-3.4119
-3.4119
-3.4122
-3.41205
-3.4122
-3.4122
-3.4122
-3.4122
-3.41235
-3.41266
-3.41281
-3.41281
-3.41281
-3.4125
-3.41235
-3.41235
-3.41281
-3.41281
-3.4125
-3.41265
-3.41281
-3.4125
-3.41265
-3.41235
-3.41235
-3.41265
-3.41281
-3.41266
-3.41281
-3.41281
-3.41296
-3.41311
-3.41296
-3.41326
-3.41326
-3.41281
-3.41205
-3.4122
-3.4122
-3.41251
-3.41296
-3.41296
-3.41311
-3.41341
-3.41311
-3.41296
-3.41281
-3.41296
-3.41281
-3.41281
-3.41266
-3.41221
-3.41206
-3.41206
-3.41206
-3.41221
-3.41221
-3.4116
-3.4116
-3.4116
-3.41145
-3.41145
-3.41115
-3.41115
-3.41115
-3.41115
-3.411
-3.4113
-3.41176
-3.41191
-3.41161
-3.41161
-3.4113
-3.4113
-3.411
-3.4107
-3.41055
-3.41085
-3.411
-3.41085
-3.41115
-3.4107
-3.41085
-3.411
-3.41085
-3.4107
-3.41025
-3.41025
-3.4104
-3.41025
-3.41025
-3.41025
-3.41025
-3.41055
-3.4104
-3.40994
-3.41009
-3.40994
-3.40964
-3.40964
-3.40964
-3.40934
-3.40949
-3.40919
-3.40934
-3.40919
-3.40919
-3.40903
-3.40888
-3.40888
-3.40873
-3.40858
-3.40918
-3.40918
-3.40949
-3.40994
-3.41024
-3.40979
-3.40979
-3.40964
-3.40979
-3.40979
-3.40964
-3.40964
-3.40994
-3.41009
-3.40979
-3.41024
-3.41039
-3.41085
-3.41085
-3.41115
-3.411
-3.411
-3.41085
-3.411
-3.411
-3.41115
-3.411
-3.4113
-3.4113
-3.4116
-3.41175
-3.41175
-3.41175
-3.4119
-3.41175
-3.4119
-3.41221
-3.41221
-3.41236
-3.41221
-3.41221
-3.41205
-3.4119
-3.4116
-3.4116
-3.4116
-3.4119
-3.41205
-3.4119
-3.41221
-3.41206
-3.41206
-3.4119
-3.41221
-3.41221
-3.41221
-3.41221
-3.41251
-3.41266
-3.41281
-3.41266
-3.41281
-3.41281
-3.41311
-3.41311
-3.41296
-3.41281
-3.41281
-3.41281
-3.41281
-3.41281
-3.41296
-3.41296
-3.41281
-3.41266
-3.41251
-3.41251
-3.41266
-3.41251
-3.41281
-3.41266
-3.41266
-3.41296
-3.41281
-3.41281
-3.41327
-3.41312
-3.41312
-3.41312
-3.41281
-3.41221
-3.41251
-3.41251
-3.41297
-3.41297
-3.41342
-3.41342
-3.41312
-3.41327
-3.41327
-3.41327
-3.41357
-3.41342
-3.41342
-3.41342
-3.41312
-3.41297
-3.41312
-3.41342
-3.41342
-3.41342
-3.41357
-3.41372
-3.41327
-3.41312
-3.41312
-3.41312
-3.41327
-3.41327
-3.41342
-3.41342
-3.41342
-3.41402
-3.41402
-3.41402
-3.41372
-3.41372
-3.41372
-3.41402
-3.41372
-3.41387
-3.41402
-3.41402
-3.41448
-3.41478
-3.41463
-3.41478
-3.41478
-3.41478
-3.41478
-3.41448
-3.41463
-3.41463
-3.41493
-3.41478
-3.41463
-3.41493
-3.41463
-3.41448
-3.41508
-3.41538
-3.41538
-3.41523
-3.41523
-3.41508
-3.41508
-3.41508
-3.41493
-3.41523
-3.41538
-3.41568
-3.41568
-3.41583
-3.41598
-3.41629
-3.41644
-3.41644
-3.41659
-3.41659
-3.41674
-3.41689
-3.41689
-3.41719
-3.41689
-3.41674
-3.41704
-3.41719
-3.41734
-3.41734
-3.41719
-3.41749
-3.41795
-3.41795
-3.41764
-3.41765
-3.41749
-3.41765
-3.41749
-3.41749
-3.41749
-3.41749
-3.41719
-3.41689
-3.41689
-3.41614
-3.41614
-3.41568
-3.41568
-3.41568
-3.41568
-3.41568
-3.41553
-3.41553
-3.41569
-3.41599
-3.41614
-3.41584
-3.41599
-3.41614
-3.41629
-3.41644
-3.41599
-3.41614
-3.41629
-3.41629
-3.41629
-3.41629
-3.41629
-3.41644
-3.41659
-3.41659
-3.41644
-3.41644
-3.41614
-3.41599
-3.41614
-3.4166
-3.4166
-3.41644
-3.41629
-3.41599
-3.41599
-3.41629
-3.41629
-3.41614
-3.41614
-3.41614
-3.41629
-3.41599
-3.41554
-3.41539
-3.41539
-3.41494
-3.41494
-3.41509
-3.41524
-3.41509
-3.41509
-3.41524
-3.41524
-3.41509
-3.41493
-3.41493
-3.41448
-3.41478
-3.41463
-3.41463
-3.41463
-3.41493
-3.41508
-3.41478
-3.41478
-3.41493
-3.41523
-3.41539
-3.41554
-3.41523
-3.41523
-3.41538
-3.41523
-3.41508
-3.41523
-3.41523
-3.41538
-3.41538
-3.41568
-3.41568
-3.41583
-3.41568
-3.41614
-3.41629
-3.41598
-3.41629
-3.41644
-3.41568
-3.41553
-3.41598
-3.41598
-3.41598
-3.41598
-3.41598
-3.41568
-3.41523
-3.41508
-3.41523
-3.41523
-3.41538
-3.41523
-3.41492
-3.41477
-3.41508
-3.41508
-3.41493
-3.41493
-3.41493
-3.41462
-3.41447
-3.41417
-3.41432
-3.41432
-3.41432
-3.41417
-3.41402
-3.41357
-3.41342
-3.41357
-3.41327
-3.41342
-3.41357
-3.41372
-3.41387
-3.41387
-3.41417
-3.41387
-3.41387
-3.41402
-3.41418
-3.41433
-3.41402
-3.41418
-3.41433
-3.41433
-3.41448
-3.41448
-3.41448
-3.41388
-3.41388
-3.41357
-3.41357
-3.41373
-3.41357
-3.41357
-3.41373
-3.41388
-3.41403
-3.41403
-3.41373
-3.41358
-3.41358
-3.41358
-3.41327
-3.41327
-3.41297
-3.41282
-3.41282
-3.41267
-3.41267
-3.41252
-3.41176
-3.41191
-3.41191
-3.41207
-3.41176
-3.41191
-3.41207
-3.41191
-3.41176
-3.41191
-3.41222
-3.41207
-3.41207
-3.41207
-3.41222
-3.41267
-3.41312
-3.41297
-3.41297
-3.41267
-3.41267
-3.41267
-3.41267
-3.41252
-3.41222
-3.41237
-3.41267
-3.41282
-3.41267
-3.41297
-3.41312
-3.41342
-3.41358
-3.41342
-3.41342
-3.41342
-3.41373
-3.41373
-3.41342
-3.41342
-3.41342
-3.41342
-3.41358
-3.41373
-3.41342
-3.41342
-3.41342
-3.41327
-3.41342
-3.41357
-3.41357
-3.41373
-3.41342
-3.41357
-3.41373
-3.41357
-3.41357
-3.41357
-3.41357
-3.41373
-3.41357
-3.41327
-3.41327
-3.41372
-3.41388
-3.41388
-3.41403
-3.41403
-3.41418
-3.41418
-3.41418
-3.41418
-3.41433
-3.41418
-3.41478
-3.41478
-3.41478
-3.41478
-3.41508
-3.41478
-3.41478
-3.41478
-3.41433
-3.41448
-3.41448
-3.41478
-3.41463
-3.41448
-3.41403
-3.41388
-3.41388
-3.41403
-3.41418
-3.41418
-3.41403
-3.41388
-3.41357
-3.41342
-3.41373
-3.41373
-3.41358
-3.41388
-3.41418
-3.41403
-3.41388
-3.41448
-3.41448
-3.41448
-3.41448
-3.41433
-3.41448
-3.41448
-3.41433
-3.41433
-3.41418
-3.41433
-3.41403
-3.41418
-3.41418
-3.41433
-3.41418
-3.41418
-3.41433
-3.41403
-3.41448
-3.41478
-3.41493
-3.41524
-3.41509
-3.41463
-3.41463
-3.41433
-3.41418
-3.41448
-3.41478
-3.41463
-3.41448
-3.41433
-3.41418
-3.41403
-3.41387
-3.41387
-3.41342
-3.41357
-3.41342
-3.41342
-3.41342
-3.41342
-3.41327
-3.41312
-3.41312
-3.41312
-3.41342
-3.41342
-3.41372
-3.41417
-3.41402
-3.41402
-3.41402
-3.41387
-3.41417
-3.41357
-3.41342
-3.41357
-3.41357
-3.41372
-3.41342
-3.41342
-3.41342
-3.41327
-3.41357
-3.41342
-3.41342
-3.41357
-3.41342
-3.41357
-3.41357
-3.41342
-3.41342
-3.41357
-3.41357
-3.41372
-3.41387
-3.41372
-3.41402
-3.41418
-3.41387
-3.41418
-3.41403
-3.41387
-3.41403
-3.41387
-3.41372
-3.41372
-3.41357
-3.41342
-3.41312
-3.41312
-3.41327
-3.41327
-3.41327
-3.41327
-3.41312
-3.41312
-3.41297
-3.41252
-3.41237
-3.41252
-3.41237
-3.41267
-3.41267
-3.41312
-3.41312
-3.41297
-3.41312
-3.41297
-3.41328
-3.41328
-3.41343
-3.41403
-3.41388
-3.41403
-3.41403
-3.41419
-3.41403
-3.41373
-3.41388
-3.41373
-3.41343
-3.41328
-3.41298
-3.41298
-3.41283
-3.41283
-3.41283
-3.41298
-3.41343
-3.41313
-3.41358
-3.41358
-3.41358
-3.41343
-3.41343
-3.41328
-3.41343
-3.41358
-3.41358
-3.41404
-3.41358
-3.41343
-3.41328
-3.41328
-3.41298
-3.41328
-3.41328
-3.41343
-3.41373
-3.41373
-3.41358
-3.41358
-3.41343
-3.41358
-3.41388
-3.41373
-3.41373
-3.41373
-3.41418
-3.41403
-3.41373
-3.41388
-3.41418
-3.41433
-3.41463
-3.41508
-3.41493
-3.41478
-3.41463
-3.41478
-3.41478
-3.41478
-3.41463
-3.41433
-3.41448
-3.41448
-3.41448
-3.41448
-3.41417
-3.41447
-3.41463
-3.41478
-3.41478
-3.41478
-3.41493
-3.41493
-3.41478
-3.41432
-3.41432
-3.41417
-3.41402
-3.41432
-3.41447
-3.41417
-3.41432
-3.41387
-3.41387
-3.41417
-3.41402
-3.41402
-3.41402
-3.41372
-3.41387
-3.41357
-3.41387
-3.41372
-3.41372
-3.41357
-3.41342
-3.41342
-3.41357
-3.41387
-3.41433
-3.41433
-3.41433
-3.41403
-3.41388
-3.41388
-3.41403
-3.41388
-3.41373
-3.41388
-3.41388
-3.41373
-3.41373
-3.41388
-3.41388
-3.41373
-3.41388
-3.41418
-3.41403
-3.41388
-3.41433
-3.41433
-3.41418
-3.41448
-3.41433
-3.41403
-3.41418
-3.41418
-3.41418
-3.41418
-3.41418
-3.41418
-3.41418
-3.41403
-3.41403
-3.41358
-3.41373
-3.41373
-3.41403
-3.41403
-3.41403
-3.41388
-3.41403
-3.41403
-3.41418
-3.41418
-3.41388
-3.41388
-3.41388
-3.41373
-3.41373
-3.41403
-3.41403
-3.41418
-3.41433
-3.41463
-3.41493
-3.41478
-3.41478
-3.41478
-3.41478
-3.41478
-3.41508
-3.41463
-3.41448
-3.41418
-3.41418
-3.41448
-3.41463
-3.41448
-3.41417
-3.41387
-3.41372
-3.41357
-3.41342
-3.41387
-3.41357
-3.41357
-3.41372
-3.41387
-3.41387
-3.41387
-3.41387
-3.41447
-3.41432
-3.41387
-3.41387
-3.41417
-3.41432
-3.41432
-3.41432
-3.41432
-3.41432
-3.41417
-3.41372
-3.41372
-3.41387
-3.41372
-3.41402
-3.41372
-3.41387
-3.41372
-3.41357
-3.41342
-3.41342
-3.41327
-3.41342
-3.41311
-3.41296
-3.41281
-3.41281
-3.41281
-3.41266
-3.41266
-3.41251
-3.41236
-3.41221
-3.41221
-3.41236
-3.41221
-3.41221
-3.41236
-3.41221
-3.41221
-3.41221
-3.41206
-3.41206
-3.41191
-3.4113
-3.411
-3.41115
-3.41115
-3.411
-3.411
-3.4107
-3.41085
-3.41085
-3.41085
-3.41085
-3.41085
-3.4107
-3.41055
-3.41039
-3.41055
-3.4107
-3.41055
-3.411
-3.41085
-3.4107
-3.41055
-3.4107
-3.41085
-3.41085
-3.41085
-3.4107
-3.411
-3.411
-3.41115
-3.41115
-3.4113
-3.41115
-3.4113
-3.4113
-3.41145
-3.41146
-3.41161
-3.41146
-3.41176
-3.41161
-3.41161
-3.41176
-3.41206
-3.41176
-3.41146
-3.41146
-3.41146
-3.41131
-3.41131
-3.411
-3.41116
-3.41131
-3.41131
-3.41131
-3.41146
-3.41131
-3.41131
-3.41161
-3.41176
-3.41176
-3.41191
-3.41206
-3.41191
-3.41176
-3.41176
-3.41176
-3.41161
-3.41161
-3.41146
-3.41146
-3.41146
-3.41116
-3.41131
-3.41131
-3.41131
-3.41101
-3.41101
-3.41085
-3.4107
-3.4107
-3.41116
-3.41085
-3.4104
-3.41055
-3.41055
-3.4107
-3.41085
-3.41116
-3.41101
-3.41101
-3.41086
-3.41086
-3.41116
-3.41086
-3.4107
-3.41086
-3.41086
-3.41086
-3.41025
-3.40995
-3.41025
-3.41055
-3.41071
-3.41071
-3.41086
-3.41055
-3.41055
-3.41055
-3.41071
-3.4104
-3.41055
-3.41055
-3.41101
-3.41086
-3.41101
-3.41131
-3.41101
-3.40995
-3.4098
-3.40995
-3.40995
-3.4101
-3.4101
-3.4101
-3.4104
-3.41086
-3.41086
-3.41101
-3.41116
-3.41116
-3.41086
-3.41101
-3.41116
-3.41085
-3.41025
-3.4101
-3.41025
-3.4104
-3.4104
-3.4104
-3.4104
-3.4101
-3.40995
-3.4104
-3.4101
-3.41009
-3.40979
-3.40994
-3.40979
-3.40964
-3.40964
-3.40979
-3.40964
-3.40964
-3.40964
-3.40964
-3.40979
-3.40979
-3.40994
-3.40964
-3.40979
-3.40949
-3.40933
-3.40933
-3.40918
-3.40933
-3.40948
-3.40933
-3.40888
-3.40903
-3.40903
-3.40903
-3.40903
-3.40873
-3.40903
-3.40903
-3.40903
-3.40918
-3.40903
-3.40918
-3.40918
-3.40949
-3.40964
-3.40979
-3.40964
-3.40994
-3.41009
-3.41009
-3.41054
-3.4107
-3.41039
-3.41055
-3.4107
-3.41055
-3.4107
-3.4107
-3.4107
-3.41085
-3.411
-3.411
-3.4107
-3.4107
-3.41085
-3.41055
-3.41055
-3.41055
-3.4104
-3.4104
-3.4104
-3.4104
-3.41055
-3.41055
-3.41025
-3.4104
-3.4104
-3.4104
-3.4107
-3.41101
-3.41086
-3.41131
-3.41161
-3.41146
-3.41146
-3.41176
-3.41267
-3.41252
-3.41222
-3.41222
-3.41222
-3.41222
-3.41237
-3.41237
-3.41207
-3.41252
-3.41282
-3.41297
-3.41297
-3.41282
-3.41267
-3.41297
-3.41297
-3.41267
-3.41237
-3.41252
-3.41252
-3.41267
-3.41252
-3.41267
-3.41267
-3.41252
-3.41222
-3.41207
-3.41237
-3.41237
-3.41252
-3.41222
-3.41207
-3.41192
-3.41207
-3.41222
-3.41207
-3.41192
-3.41207
-3.41267
-3.41237
-3.41237
-3.41207
-3.41207
-3.41192
-3.41192
-3.41176
-3.41176
-3.41192
-3.41207
-3.41207
-3.41207
-3.41222
-3.41252
-3.41252
-3.41282
-3.41282
-3.41267
-3.41267
-3.41267
-3.41267
-3.41236
-3.41236
-3.41236
-3.41221
-3.41251
-3.41251
-3.41221
-3.41221
-3.41191
-3.41206
-3.41221
-3.41236
-3.41251
-3.41266
-3.41251
-3.41236
-3.41236
-3.41221
-3.41176
-3.41161
-3.41191
-3.41176
-3.41176
-3.41161
-3.41146
-3.41176
-3.41176
-3.41176
-3.41161
-3.41115
-3.4113
-3.4113
-3.41085
-3.411
-3.411
-3.41131
-3.41161
-3.41176
-3.41161
-3.41146
-3.41176
-3.41161
-3.41176
-3.41146
-3.41115
-3.4113
-3.4113
-3.411
-3.41146
-3.41176
-3.41191
-3.41176
-3.41191
-3.41176
-3.41176
-3.41176
-3.41221
-3.41236
-3.41221
-3.41236
-3.41252
-3.41237
-3.41267
-3.41282
-3.41282
-3.41297
-3.41312
-3.41312
-3.41327
-3.41327
-3.41327
-3.41343
-3.41358
-3.41358
-3.41373
-3.41343
-3.41358
-3.41358
-3.41328
-3.41313
-3.41297
-3.41313
-3.41313
-3.41328
-3.41328
-3.41358
-3.41373
-3.41358
-3.41343
-3.41343
-3.41328
-3.41313
-3.41252
-3.41222
-3.41252
-3.41252
-3.41267
-3.41252
-3.41237
-3.41222
-3.41222
-3.41176
-3.41176
-3.41176
-3.41176
-3.41161
-3.41161
-3.41131
-3.41161
-3.41161
-3.41161
-3.41176
-3.41146
-3.41176
-3.41146
-3.41131
-3.41131
-3.41161
-3.41146
-3.41131
-3.41115
-3.41146
-3.41116
-3.411
-3.4107
-3.4107
-3.41055
-3.4107
-3.4107
-3.41055
-3.4104
-3.4107
-3.41055
-3.4104
-3.4104
-3.4104
-3.4101
-3.4101
-3.4101
-3.41025
-3.41025
-3.41025
-3.4104
-3.41101
-3.41116
-3.41116
-3.41131
-3.41131
-3.41161
-3.41161
-3.41146
-3.41116
-3.41131
-3.41085
-3.41101
-3.41101
-3.41101
-3.41101
-3.41101
-3.41131
-3.41131
-3.41086
-3.41055
-3.4107
-3.41086
-3.41131
-3.41101
-3.41116
-3.41131
-3.41101
-3.41055
-3.4107
-3.41086
-3.41071
-3.41055
-3.4104
-3.41025
-3.41025
-3.41055
-3.41055
-3.4104
-3.41071
-3.41025
-3.4104
-3.4104
-3.41025
-3.41025
-3.4101
-3.40995
-3.40995
-3.40965
-3.40965
-3.4095
-3.4095
-3.4095
-3.4095
-3.40905
-3.4092
-3.40905
-3.4092
-3.40889
-3.40889
-3.40889
-3.40905
-3.40905
-3.40905
-3.4092
-3.40935
-3.4095
-3.4095
-3.40889
-3.40889
-3.40904
-3.4092
-3.40904
-3.40904
-3.40904
-3.40935
-3.4098
-3.40995
-3.4098
-3.40995
-3.4104
-3.4107
-3.41086
-3.4107
-3.4107
-3.41055
-3.4104
-3.41055
-3.4104
-3.4104
-3.41085
-3.41101
-3.41085
-3.4107
-3.41085
-3.41085
-3.41146
-3.41176
-3.41176
-3.41176
-3.41146
-3.41146
-3.41161
-3.41206
-3.41206
-3.41206
-3.41206
-3.41191
-3.41206
-3.41176
-3.41191
-3.41161
-3.41176
-3.41191
-3.41176
-3.41161
-3.41146
-3.41161
-3.41161
-3.41146
-3.41146
-3.41146
-3.41131
-3.41116
-3.411
-3.411
-3.411
-3.411
-3.41131
-3.41176
-3.41146
-3.41131
-3.41116
-3.41116
-3.4107
-3.4107
-3.41085
-3.41085
-3.41055
-3.4107
-3.4107
-3.41085
-3.41085
-3.41055
-3.4107
-3.41055
-3.41055
-3.41055
-3.411
-3.41101
-3.41085
-3.41085
-3.41101
-3.41116
-3.41116
-3.41116
-3.41116
-3.4107
-3.4107
-3.4107
-3.41055
-3.41101
-3.41101
-3.41116
-3.41116
-3.41116
-3.41101
-3.4107
-3.4107
-3.41086
-3.41131
-3.41131
-3.41146
-3.41131
-3.41116
-3.41101
-3.41131
-3.41116
-3.41116
-3.41116
-3.41116
-3.41101
-3.41071
-3.4104
-3.41071
-3.41086
-3.41056
-3.41056
-3.41056
-3.4104
-3.41056
-3.41041
-3.4101
-3.4098
-3.4095
-3.40935
-3.40965
-3.40965
-3.4095
-3.40965
-3.40965
-3.41011
-3.40995
-3.41011
-3.41011
-3.41011
-3.41011
-3.41011
-3.41011
-3.41011
-3.4098
-3.40996
-3.40965
-3.4095
-3.40965
-3.40981
-3.40965
-3.40935
-3.40935
-3.40965
-3.41011
-3.40981
-3.40966
-3.40966
-3.40996
-3.41011
-3.41011
-3.41011
-3.40981
-3.4095
-3.40935
-3.4092
-3.4092
-3.40935
-3.40965
-3.4098
-3.40965
-3.4098
-3.40965
-3.40965
-3.4098
-3.4098
-3.41011
-3.41026
-3.41056
-3.41071
-3.41086
-3.41101
-3.41086
-3.41086
-3.41071
-3.4104
-3.4104
-3.41025
-3.4101
-3.4101
-3.40995
-3.4101
-3.4101
-3.4101
-3.4104
-3.4104
-3.41055
-3.4104
-3.41025
-3.40995
-3.4101
-3.41025
-3.41085
-3.41085
-3.411
-3.41116
-3.41131
-3.41146
-3.41236
-3.41236
-3.41206
-3.41206
-3.41191
-3.41176
-3.41176
-3.41191
-3.41191
-3.41191
-3.41221
-3.41221
-3.41221
-3.41206
-3.41221
-3.41206
-3.41206
-3.41221
-3.41206
-3.41206
-3.41236
-3.41206
-3.41206
-3.41176
-3.41191
-3.41206
-3.41236
-3.41282
-3.41297
-3.41297
-3.41282
-3.41297
-3.41327
-3.41342
-3.41342
-3.41357
-3.41372
-3.41357
-3.41297
-3.41312
-3.41312
-3.41312
-3.41327
-3.41373
-3.41357
-3.41327
-3.41312
-3.41327
-3.41312
-3.41312
-3.41327
-3.41358
-3.41373
-3.41433
-3.41358
-3.41373
-3.41388
-3.41358
-3.41388
-3.41373
-3.41342
-3.41342
-3.41327
-3.41327
-3.41327
-3.41327
-3.41327
-3.41342
-3.41358
-3.41342
-3.41297
-3.41312
-3.41342
-3.41342
-3.41357
-3.41388
-3.41373
-3.41388
-3.41388
-3.41388
-3.41388
-3.41373
-3.41388
-3.41388
-3.41357
-3.41357
-3.41372
-3.41388
-3.41372
-3.41388
-3.41388
-3.41403
-3.41388
-3.41403
-3.41418
-3.41418
-3.41433
-3.41433
-3.41403
-3.41372
-3.41357
-3.41372
-3.41357
-3.41372
-3.41372
-3.41403
-3.41418
-3.41418
-3.41433
-3.41433
-3.41418
-3.41448
-3.41493
-3.41539
-3.41524
-3.41509
-3.41509
-3.41524
-3.41493
-3.41509
-3.41478
-3.41478
-3.41494
-3.41479
-3.41524
-3.41539
-3.41494
-3.41479
-3.41479
-3.41464
-3.41433
-3.41449
-3.41433
-3.41433
-3.41464
-3.41449
-3.41479
-3.41479
-3.41494
-3.41494
-3.41494
-3.41524
-3.41555
-3.41555
-3.41509
-3.41509
-3.41509
-3.41494
-3.41524
-3.41509
-3.41479
-3.41464
-3.41434
-3.41464
-3.41434
-3.41434
-3.41449
-3.41464
-3.41479
-3.41464
-3.41449
-3.41464
-3.41449
-3.41448
-3.41448
-3.41494
-3.41494
-3.41479
-3.41509
-3.41509
-3.41509
-3.41479
-3.41494
-3.41494
-3.41463
-3.41433
-3.41463
-3.41448
-3.41433
-3.41433
-3.41418
-3.41403
-3.41403
-3.41358
-3.41373
-3.41403
-3.41373
-3.41373
-3.41373
-3.41388
-3.41418
-3.41418
-3.41418
-3.41418
-3.41433
-3.41418
-3.41448
-3.41448
-3.41448
-3.41448
-3.41448
-3.41448
-3.41448
-3.41448
-3.41448
-3.41433
-3.41403
-3.41388
-3.41403
-3.41418
-3.41418
-3.41433
-3.41463
-3.41479
-3.41463
-3.41463
-3.41463
-3.41463
-3.41479
-3.41463
-3.41479
-3.41463
-3.41448
-3.41448
-3.41463
-3.41539
-3.41554
-3.41554
-3.41599
-3.41599
-3.4163
-3.41615
-3.41584
-3.41569
-3.41539
-3.41539
-3.41569
-3.41554
-3.41554
-3.41554
-3.41569
-3.41569
-3.41584
-3.41584
-3.41599
-3.41615
-3.41599
-3.41645
-3.4166
-3.41675
-3.41675
-3.41675
-3.4166
-3.41675
-3.41645
-3.4163
-3.41645
-3.41645
-3.4163
-3.41614
-3.41614
-3.41599
-3.41584
-3.41569
-3.41539
-3.41524
-3.41524
-3.41554
-3.41569
-3.41569
-3.41554
-3.41539
-3.41509
-3.41539
-3.41524
-3.41524
-3.41539
-3.41554
-3.41554
-3.41539
-3.41539
-3.41554
-3.41554
-3.41584
-3.41599
-3.41584
-3.41569
-3.41569
-3.416
-3.416
-3.416
-3.41569
-3.41569
-3.41569
-3.41554
-3.41554
-3.41539
-3.41554
-3.41539
-3.41524
-3.41509
-3.41509
-3.41494
-3.41479
-3.41479
-3.41479
-3.41479
-3.41464
-3.41479
-3.41494
-3.41494
-3.41494
-3.41479
-3.41494
-3.41494
-3.41539
-3.41539
-3.41539
-3.41509
-3.41524
-3.41555
-3.4157
-3.41539
-3.41494
-3.41494
-3.41509
-3.41524
-3.4157
-3.4157
-3.4157
-3.41554
-3.41554
-3.4157
-3.41539
-3.41524
-3.41524
-3.41554
-3.41539
-3.41524
-3.41509
-3.41509
-3.41509
-3.41554
-3.41569
-3.41539
-3.41554
-3.41569
-3.41554
-3.41554
-3.41539
-3.41524
-3.41524
-3.41524
-3.41539
-3.41539
-3.41539
-3.41509
-3.41524
-3.41524
-3.41524
-3.41539
-3.41509
-3.41493
-3.41478
-3.41463
-3.41463
-3.41493
-3.41463
-3.41448
-3.41433
-3.41418
-3.41372
-3.41357
-3.41372
-3.41418
-3.41418
-3.41418
-3.41433
-3.41448
-3.41433
-3.41448
-3.41463
-3.41463
-3.41478
-3.41478
-3.41493
-3.41478
-3.41493
-3.41508
-3.41524
-3.41493
-3.41493
-3.41478
-3.41463
-3.41508
-3.41524
-3.41524
-3.41524
-3.41493
-3.41493
-3.41493
-3.41493
-3.41509
-3.41524
-3.41509
-3.41554
-3.41554
-3.41554
-3.41569
-3.41554
-3.41599
-3.41584
-3.41584
-3.41569
-3.41509
-3.41524
-3.41524
-3.41599
-3.41584
-3.41569
-3.41614
-3.41599
-3.41614
-3.41554
-3.41569
-3.41539
-3.41539
-3.41554
-3.41539
-3.41539
-3.41554
-3.41554
-3.41539
-3.41539
-3.41509
-3.41524
-3.41493
-3.41478
-3.41509
-3.41509
-3.41539
-3.41493
-3.41539
-3.41569
-3.41569
-3.41569
-3.41524
-3.41524
-3.41508
-3.41508
-3.41524
-3.41493
-3.41478
-3.41524
-3.41524
-3.41508
-3.41478
-3.41539
-3.41508
-3.41478
-3.41493
-3.41493
-3.41493
-3.41493
-3.41478
-3.41509
-3.41524
-3.41554
-3.41524
-3.41509
-3.41509
-3.41539
-3.41539
-3.41509
-3.41493
-3.41508
-3.41524
-3.41539
-3.41554
-3.41569
-3.41554
-3.41554
-3.41584
-3.41614
-3.41614
-3.41614
-3.41614
-3.41614
-3.41614
-3.41629
-3.41644
-3.41614
-3.41584
-3.41553
-3.41584
-3.41553
-3.41553
-3.41538
-3.41538
-3.41569
-3.41538
-3.41538
-3.41553
-3.41584
-3.41584
-3.41614
-3.41644
-3.41644
-3.41644
-3.41674
-3.41674
-3.4172
-3.4172
-3.41705
-3.41705
-3.41689
-3.41705
-3.41674
-3.41644
-3.41659
-3.41644
-3.41629
-3.41644
-3.41629
-3.41659
-3.4166
-3.41675
-3.41629
-3.41629
-3.41614
-3.41644
-3.41629
-3.41629
-3.4166
-3.41644
-3.4166
-3.41644
-3.4166
-3.4166
-3.41675
-3.41645
-3.41645
-3.4169
-3.41705
-3.41705
-3.4169
-3.41675
-3.41705
-3.4172
-3.4175
-3.4175
-3.4169
-3.4172
-3.4172
-3.41675
-3.4166
-3.4166
-3.4169
-3.41675
-3.41675
-3.41705
-3.41705
-3.41705
-3.4169
-3.41735
-3.41735
-3.4172
-3.4175
-3.4172
-3.41675
-3.4166
-3.41629
-3.41629
-3.41644
-3.41675
-3.41675
-3.41705
-3.41705
-3.4169
-3.4169
-3.41644
-3.41675
-3.41659
-3.41675
-3.41675
-3.4169
-3.4169
-3.41705
-3.41705
-3.4172
-3.41765
-3.4181
-3.41826
-3.4181
-3.41826
-3.41826
-3.41826
-3.41795
-3.41795
-3.41795
-3.4181
-3.41795
-3.4181
-3.4178
-3.41765
-3.4175
-3.4178
-3.41795
-3.41795
-3.41825
-3.41856
-3.41871
-3.41856
-3.41856
-3.41871
-3.41856
-3.41856
-3.41856
-3.41871
-3.41901
-3.41916
-3.41931
-3.41931
-3.41961
-3.41961
-3.41946
-3.41931
-3.41916
-3.41916
-3.41901
-3.41931
-3.41946
-3.41916
-3.41886
-3.41916
-3.41916
-3.41901
-3.41886
-3.41886
-3.41901
-3.41901
-3.41871
-3.41871
-3.41871
-3.41901
-3.41886
-3.41901
-3.41871
-3.41855
-3.41855
-3.41901
-3.41886
-3.41871
-3.41855
-3.4184
-3.4184
-3.4184
-3.41825
-3.4184
-3.4181
-3.41795
-3.41795
-3.41825
-3.41825
-3.4184
-3.4181
-3.41825
-3.4181
-3.41825
-3.41825
-3.41856
-3.41871
-3.41856
-3.41901
-3.41886
-3.41901
-3.41901
-3.41916
-3.41916
-3.41901
-3.41901
-3.41886
-3.41886
-3.41886
-3.41886
-3.41856
-3.41856
-3.41825
-3.4181
-3.41825
-3.41795
-3.41841
-3.41871
-3.41871
-3.41871
-3.41856
-3.41841
-3.4178
-3.4172
-3.4175
-3.41765
-3.4175
-3.4172
-3.41705
-3.41705
-3.41705
-3.4172
-3.41705
-3.4172
-3.41705
-3.41705
-3.41705
-3.41735
-3.41765
-3.4175
-3.41735
-3.4172
-3.4172
-3.4172
-3.4175
-3.41781
-3.4175
-3.4172
-3.41705
-3.4169
-3.41705
-3.4169
-3.4169
-3.41705
-3.4169
-3.41675
-3.4166
-3.41645
-3.41675
-3.4172
-3.4172
-3.41705
-3.4169
-3.4169
-3.41675
-3.41675
-3.41675
-3.4169
-3.4166
-3.4166
-3.41615
-3.41585
-3.41569
-3.416
-3.416
-3.41585
-3.41554
-3.41509
-3.41509
-3.41509
-3.41524
-3.41539
-3.41509
-3.41524
-3.41524
-3.41539
-3.41539
-3.41554
-3.41554
-3.41554
-3.41539
-3.41554
-3.41554
-3.41539
-3.41569
-3.41554
-3.41554
-3.41554
-3.41599
-3.41614
-3.41614
-3.41629
-3.41599
-3.41584
-3.41584
-3.41554
-3.41569
-3.41569
-3.41569
-3.41569
-3.41584
-3.41614
-3.41644
-3.41659
-3.41599
-3.41614
-3.41629
-3.41629
-3.41614
-3.41584
-3.41599
-3.41584
-3.41584
-3.41614
-3.41614
-3.41644
-3.41659
-3.41644
-3.41644
-3.41659
-3.41659
-3.41659
-3.41644
-3.41629
-3.41614
-3.41584
-3.41629
-3.41629
-3.41629
-3.41629
-3.41644
-3.41674
-3.4169
-3.41659
-3.41659
-3.4169
-3.41675
-3.41705
-3.41705
-3.4169
-3.4169
-3.4169
-3.4169
-3.4166
-3.4169
-3.41705
-3.41675
-3.41645
-3.41629
-3.4166
-3.4169
-3.4169
-3.41675
-3.41645
-3.41675
-3.4169
-3.4169
-3.4166
-3.41675
-3.41675
-3.41675
-3.41705
-3.41705
-3.41705
-3.4172
-3.41705
-3.4172
-3.4172
-3.4172
-3.4172
-3.41765
-3.41781
-3.41796
-3.41811
-3.41811
-3.41826
-3.41781
-3.41781
-3.4175
-3.41765
-3.4175
-3.4172
-3.4175
-3.41735
-3.4175
-3.41765
-3.41796
-3.41796
-3.41826
-3.41826
-3.41781
-3.41781
-3.41765
-3.4175
-3.41705
-3.41675
-3.4169
-3.41705
-3.4169
-3.4169
-3.4169
-3.4169
-3.41735
-3.4175
-3.41765
-3.41765
-3.4172
-3.4169
-3.4169
-3.41705
-3.41705
-3.4172
-3.41705
-3.41705
-3.4169
-3.41644
-3.41614
-3.41599
-3.41584
-3.41584
-3.41599
-3.41599
-3.41599
-3.41599
-3.41599
-3.41614
-3.41599
-3.41614
-3.41584
-3.41569
-3.41569
-3.41554
-3.41569
-3.41508
-3.41463
-3.41448
-3.41463
-3.41463
-3.41463
-3.41493
-3.41448
-3.41448
-3.41433
-3.41433
-3.41448
-3.41403
-3.41403
-3.41418
-3.41418
-3.41388
-3.41373
-3.41357
-3.41357
-3.41373
-3.41403
-3.41418
-3.41418
-3.41463
-3.41463
-3.41478
-3.41539
-3.41539
-3.41554
-3.41493
-3.41509
-3.41524
-3.41524
-3.41524
-3.41509
-3.41478
-3.41463
-3.41463
-3.41463
-3.41494
-3.41524
-3.41494
-3.41494
-3.41494
-3.41448
-3.41478
-3.41509
-3.41539
-3.41554
-3.41554
-3.41539
-3.41524
-3.41524
-3.41539
-3.41509
-3.41509
-3.41539
-3.41569
-3.41569
-3.41569
-3.41539
-3.41539
-3.41509
-3.41509
-3.41509
-3.41539
-3.41539
-3.41524
-3.41509
-3.41509
-3.41539
-3.41479
-3.41479
-3.41509
-3.41509
-3.41509
-3.41539
-3.41524
-3.41509
-3.41494
-3.41478
-3.41493
-3.41493
-3.41493
-3.41493
-3.41509
-3.41524
-3.41524
-3.41554
-3.41539
-3.41554
-3.41584
-3.41584
-3.41554
-3.41554
-3.41569
-3.41569
-3.41554
-3.41539
-3.41554
-3.41569
-3.41554
-3.41584
-3.41584
-3.41584
-3.41584
-3.41584
-3.41584
-3.41569
-3.41569
-3.41569
-3.41554
-3.41569
-3.41584
-3.41584
-3.41569
-3.41554
-3.41569
-3.41539
-3.41508
-3.41493
-3.41493
-3.41493
-3.41509
-3.41524
-3.41509
-3.41509
-3.41509
-3.41509
-3.41478
-3.41478
-3.41463
-3.41463
-3.41478
-3.41463
-3.41478
-3.41493
-3.41493
-3.41524
-3.41524
-3.41509
-3.41524
-3.41539
-3.41569
-3.41584
-3.41569
-3.41569
-3.41599
-3.41614
-3.41614
-3.41629
-3.41629
-3.41599
-3.41599
-3.41599
-3.41614
-3.41614
-3.41569
-3.41569
-3.41584
-3.41569
-3.41569
-3.41539
-3.41494
-3.41463
-3.41463
-3.41524
-3.41509
-3.41494
-3.41479
-3.41403
-3.41403
-3.41403
-3.41403
-3.41388
-3.41388
-3.41388
-3.41373
-3.41373
-3.41312
-3.41312
-3.41328
-3.41328
-3.41328
-3.41328
-3.41328
-3.41343
-3.41373
-3.41343
-3.41373
-3.41358
-3.41343
-3.41328
-3.41328
-3.41313
-3.41313
-3.41297
-3.41313
-3.41298
-3.41313
-3.41313
-3.41328
-3.41328
-3.41343
-3.41343
-3.41328
-3.41313
-3.41267
-3.41252
-3.41252
-3.41282
-3.41313
-3.41313
-3.41297
-3.41297
-3.41313
-3.41328
-3.41343
-3.41343
-3.41373
-3.41358
-3.41358
-3.41358
-3.41373
-3.41388
-3.41403
-3.41388
-3.41403
-3.41388
-3.41403
-3.41418
-3.41418
-3.41418
-3.41403
-3.41418
-3.41433
-3.41403
-3.41403
-3.41418
-3.41448
-3.41448
-3.41478
-3.41509
-3.41539
-3.41524
-3.41509
-3.41493
-3.41478
-3.41508
-3.41493
-3.41508
-3.41463
-3.41493
-3.41508
-3.41493
-3.41478
-3.41493
-3.41448
-3.41448
-3.41402
-3.41433
-3.41418
-3.41433
-3.41417
-3.41372
-3.41387
-3.41372
-3.41402
-3.41402
-3.41402
-3.41402
-3.41432
-3.41417
-3.41402
-3.41357
-3.41372
-3.41312
-3.41296
-3.41266
-3.41266
-3.41251
-3.41236
-3.41206
-3.41176
-3.41176
-3.41176
-3.41145
-3.41145
-3.4116
-3.41176
-3.4116
-3.4116
-3.4116
-3.41176
-3.41206
-3.41221
-3.41221
-3.41206
-3.41206
-3.41206
-3.41191
-3.41191
-3.41206
-3.41206
-3.41251
-3.41236
-3.41206
-3.41206
-3.41191
-3.41176
-3.41191
-3.41191
-3.41206
-3.41176
-3.41191
-3.41191
-3.41146
-3.41146
-3.41116
-3.41131
-3.41161
-3.41161
-3.41161
-3.41161
-3.41146
-3.41146
-3.41116
-3.41116
-3.41101
-3.41086
-3.41071
-3.41071
-3.4104
-3.41025
-3.41025
-3.41025
-3.41071
-3.41071
-3.41056
-3.41025
-3.41025
-3.4104
-3.41056
-3.41056
-3.41101
-3.41101
-3.41101
-3.41101
-3.41116
-3.41116
-3.41116
-3.41101
-3.41131
-3.41146
-3.41146
-3.41116
-3.41116
-3.41146
-3.41161
-3.41161
-3.41177
-3.41177
-3.41192
-3.41207
-3.41207
-3.41222
-3.41222
-3.41222
-3.41207
-3.41207
-3.41252
-3.41282
-3.41282
-3.41297
-3.41313
-3.41297
-3.41328
-3.41328
-3.41343
-3.41343
-3.41297
-3.41297
-3.41312
-3.41312
-3.41282
-3.41282
-3.41282
-3.41312
-3.41328
-3.41373
-3.41403
-3.41403
-3.41388
-3.41388
-3.41403
-3.41403
-3.41388
-3.41388
-3.41403
-3.41342
-3.41357
-3.41373
-3.41403
-3.41388
-3.41403
-3.41372
-3.41372
-3.41357
-3.41357
-3.41357
-3.41372
-3.41357
-3.41327
-3.41282
-3.41282
-3.41297
-3.41297
-3.41282
-3.41297
-3.41297
-3.41282
-3.41297
-3.41251
-3.41236
-3.41266
-3.41282
-3.41267
-3.41267
-3.41251
-3.41282
-3.41267
-3.41282
-3.41312
-3.41297
-3.41282
-3.41282
-3.41282
-3.41267
-3.41267
-3.41327
-3.41252
-3.41267
-3.41267
-3.41342
-3.41327
-3.41312
-3.41312
-3.41297
-3.41297
-3.41282
-3.41282
-3.41282
-3.41282
-3.41267
-3.41297
-3.41282
-3.41282
-3.41282
-3.41312
-3.41297
-3.41312
-3.41327
-3.41343
-3.41343
-3.41297
-3.41282
-3.41297
-3.41282
-3.41282
-3.41267
-3.41297
-3.41252
-3.41252
-3.41222
-3.41222
-3.41207
-3.41192
-3.41192
-3.41176
-3.41176
-3.41161
-3.41161
-3.41146
-3.41207
-3.41222
-3.41252
-3.41282
-3.41282
-3.41312
-3.41282
-3.41297
-3.41297
-3.41328
-3.41328
-3.41312
-3.41312
-3.41343
-3.41312
-3.41312
-3.41297
-3.41297
-3.41312
-3.41312
-3.41282
-3.41282
-3.41297
-3.41327
-3.41327
-3.41297
-3.41297
-3.41282
-3.41267
-3.41252
-3.41252
-3.41252
-3.41252
-3.41207
-3.41191
-3.41207
-3.41222
-3.41267
-3.41267
-3.41282
-3.41297
-3.41297
-3.41312
-3.41312
-3.41312
-3.41312
-3.41297
-3.41373
-3.41343
-3.41327
-3.41297
-3.41282
-3.41297
-3.41297
-3.41297
-3.41297
-3.41312
-3.41282
-3.41252
-3.41252
-3.41222
-3.41207
-3.41222
-3.41207
-3.41222
-3.41222
-3.41222
-3.41222
-3.41222
-3.41207
-3.41146
-3.41146
-3.41177
-3.41192
-3.41207
-3.41192
-3.41207
-3.41207
-3.41207
-3.41207
-3.41177
-3.41177
-3.41192
-3.41177
-3.41177
-3.41177
-3.41177
-3.41131
-3.41147
-3.41147
-3.41147
-3.41147
-3.41131
-3.41147
-3.41116
-3.41101
-3.41086
-3.41131
-3.41116
-3.41146
-3.41177
-3.41162
-3.41162
-3.41146
-3.41162
-3.41177
-3.41207
-3.41252
-3.41252
-3.41237
-3.41222
-3.41222
-3.41192
-3.41207
-3.41222
-3.41192
-3.41192
-3.41237
-3.41207
-3.41222
-3.41222
-3.41252
-3.41222
-3.41267
-3.41267
-3.41252
-3.41282
-3.41282
-3.41267
-3.41283
-3.41313
-3.41298
-3.41328
-3.41313
-3.41328
-3.41328
-3.41343
-3.41419
-3.41419
-3.41388
-3.41373
-3.41419
-3.41434
-3.41434
-3.41449
-3.41449
-3.41404
-3.41419
-3.41419
-3.41404
-3.41404
-3.41388
-3.41388
-3.41404
-3.41404
-3.41449
-3.41449
-3.41449
-3.41464
-3.41494
-3.41524
-3.41509
-3.41509
-3.41494
-3.41509
-3.41524
-3.41539
-3.41509
-3.41494
-3.41509
-3.41554
-3.4157
-3.41554
-3.416
-3.41585
-3.41554
-3.41554
-3.41524
-3.41509
-3.41479
-3.41494
-3.41464
-3.41388
-3.41388
-3.41403
-3.41418
-3.41373
-3.41373
-3.41373
-3.41373
-3.41358
-3.41358
-3.41388
-3.41373
-3.41388
-3.41358
-3.41358
-3.41312
-3.41282
-3.41312
-3.41343
-3.41313
-3.41313
-3.41297
-3.41282
-3.41297
-3.41297
-3.41282
-3.41252
-3.41252
-3.41237
-3.41207
-3.41222
-3.41222
-3.41222
-3.41207
-3.41192
-3.41192
-3.41207
-3.41222
-3.41207
-3.41162
-3.41162
-3.41147
-3.41132
-3.41132
-3.41101
-3.41086
-3.41071
-3.41071
-3.41101
-3.41117
-3.41117
-3.41132
-3.41147
-3.41132
-3.41132
-3.41102
-3.41102
-3.41086
-3.41071
-3.41056
-3.41041
-3.40996
-3.41026
-3.40996
-3.41011
-3.41011
-3.41011
-3.40996
-3.41026
-3.41041
-3.41041
-3.41041
-3.41026
-3.41026
-3.41011
-3.40996
-3.41011
-3.40996
-3.40981
-3.40996
-3.40981
-3.40981
-3.4095
-3.4092
-3.4095
-3.40935
-3.4092
-3.40935
-3.40965
-3.4098
-3.41011
-3.4098
-3.4098
-3.40995
-3.40995
-3.40995
-3.40995
-3.40995
-3.4098
-3.40965
-3.4095
-3.4095
-3.40965
-3.4095
-3.40904
-3.4092
-3.40935
-3.40935
-3.40904
-3.40874
-3.40874
-3.40889
-3.40904
-3.40919
-3.40934
-3.4098
-3.40934
-3.40965
-3.40965
-3.40965
-3.4098
-3.4098
-3.4098
-3.40995
-3.4101
-3.41025
-3.4104
-3.41056
-3.41056
-3.4104
-3.41056
-3.41056
-3.41056
-3.41101
-3.41101
-3.41071
-3.41071
-3.41041
-3.41056
-3.41056
-3.41041
-3.41056
-3.41041
-3.41056
-3.41011
-3.40996
-3.40996
-3.40996
-3.41011
-3.41011
-3.41011
-3.41011
-3.41011
-3.41011
-3.40981
-3.40951
-3.40951
-3.40981
-3.41026
-3.41056
-3.41102
-3.41102
-3.41117
-3.41132
-3.41147
-3.41147
-3.41117
-3.41117
-3.41132
-3.41117
-3.41102
-3.41117
-3.41117
-3.41087
-3.41072
-3.41102
-3.41102
-3.41056
-3.41041
-3.41041
-3.41011
-3.40996
-3.41011
-3.41011
-3.40996
-3.41011
-3.41041
-3.41011
-3.40996
-3.40951
-3.40951
-3.40936
-3.40951
-3.4092
-3.40951
-3.40996
-3.40981
-3.40981
-3.40966
-3.40935
-3.4092
-3.4092
-3.40905
-3.40905
-3.40875
-3.40875
-3.4089
-3.4092
-3.40935
-3.4095
-3.40935
-3.4092
-3.4089
-3.4089
-3.40905
-3.40905
-3.40935
-3.40965
-3.4095
-3.4095
-3.40935
-3.4095
-3.40965
-3.4098
-3.4098
-3.4095
-3.4098
-3.4101
-3.40995
-3.40995
-3.40995
-3.40965
-3.4098
-3.4104
-3.41025
-3.41025
-3.41025
-3.41025
-3.4104
-3.41025
-3.4104
-3.4104
-3.41055
-3.4107
-3.41055
-3.41055
-3.4104
-3.4107
-3.41101
-3.41131
-3.41131
-3.41116
-3.41146
-3.41176
-3.41206
-3.41222
-3.41207
-3.41237
-3.41237
-3.41237
-3.41237
-3.41252
-3.41222
-3.41252
-3.41267
-3.41297
-3.41282
-3.41282
-3.41267
-3.41297
-3.41328
-3.41313
-3.41343
-3.41343
-3.41313
-3.41282
-3.41282
-3.41282
-3.41298
-3.41282
-3.41267
-3.41282
-3.41313
-3.41298
-3.41282
-3.41282
-3.41282
-3.41298
-3.41282
-3.41267
-3.41283
-3.41282
-3.41267
-3.41222
-3.41222
-3.41267
-3.41237
-3.41237
-3.41222
-3.41207
-3.41207
-3.41192
-3.41192
-3.41192
-3.41177
-3.41146
-3.41161
-3.41146
-3.41161
-3.41161
-3.41177
-3.41207
-3.41207
-3.41252
-3.41313
-3.41313
-3.41297
-3.41252
-3.41222
-3.41237
-3.41252
-3.41222
-3.41237
-3.41222
-3.41252
-3.41252
-3.41252
-3.41222
-3.41177
-3.41177
-3.41192
-3.41222
-3.41252
-3.41267
-3.41267
-3.41313
-3.41313
-3.41267
-3.41282
-3.41267
-3.41283
-3.41313
-3.41283
-3.41298
-3.41313
-3.41283
-3.41268
-3.41268
-3.41268
-3.41298
-3.41328
-3.41388
-3.41373
-3.41358
-3.41373
-3.41343
-3.41343
-3.41328
-3.41358
-3.41328
-3.41343
-3.41313
-3.41298
-3.41298
-3.41313
-3.41313
-3.41313
-3.41298
-3.41283
-3.41328
-3.41343
-3.41373
-3.41373
-3.41343
-3.41343
-3.41313
-3.41283
-3.41268
-3.41237
-3.41237
-3.41222
-3.41237
-3.41237
-3.41237
-3.41192
-3.41192
-3.41192
-3.41192
-3.41192
-3.41207
-3.41207
-3.41207
-3.41222
-3.41252
-3.41252
-3.41237
-3.41207
-3.41192
-3.41207
-3.41237
-3.41237
-3.41207
-3.41222
-3.41252
-3.41252
-3.41222
-3.41222
-3.41222
-3.41237
-3.41207
-3.41207
-3.41192
-3.41207
-3.41222
-3.41237
-3.41237
-3.41252
-3.41252
-3.41252
-3.41237
-3.41237
-3.41237
-3.41222
-3.41207
-3.41177
-3.41177
-3.41146
-3.41131
-3.41101
-3.41146
-3.41177
-3.41177
-3.41161
-3.41116
-3.41101
-3.41101
-3.41101
-3.41071
-3.41086
-3.41056
-3.41041
-3.41025
-3.41025
-3.41025
-3.41056
-3.41056
-3.41071
-3.4104
-3.4104
-3.4104
-3.4104
-3.41025
-3.4101
-3.41025
-3.41025
-3.40995
-3.40995
-3.41025
-3.41025
-3.41056
-3.41071
-3.41086
-3.41086
-3.41086
-3.41086
-3.41071
-3.41041
-3.41086
-3.41116
-3.41101
-3.41101
-3.41086
-3.41101
-3.41101
-3.41116
-3.41101
-3.41131
-3.41116
-3.41101
-3.41101
-3.41086
-3.41116
-3.41101
-3.41101
-3.41146
-3.41192
-3.41207
-3.41192
-3.41192
-3.41177
-3.41161
-3.41131
-3.41086
-3.41071
-3.41056
-3.41026
-3.4101
-3.40995
-3.40995
-3.4098
-3.40995
-3.4101
-3.40995
-3.4098
-3.4098
-3.40965
-3.40965
-3.40965
-3.4095
-3.4095
-3.4101
-3.41025
-3.4101
-3.40965
-3.40965
-3.4095
-3.4095
-3.40965
-3.40965
-3.40935
-3.40965
-3.4095
-3.4095
-3.40919
-3.40889
-3.40889
-3.40874
-3.40919
-3.40919
-3.40934
-3.40919
-3.40964
-3.40964
-3.4101
-3.41025
-3.41055
-3.4107
-3.41055
-3.4104
-3.4104
-3.41055
-3.41055
-3.4107
-3.41085
-3.41085
-3.411
-3.41055
-3.4104
-3.41055
-3.41115
-3.411
-3.411
-3.41161
-3.41115
-3.41115
-3.41116
-3.41116
-3.411
-3.41131
-3.41131
-3.41116
-3.41101
-3.41101
-3.41086
-3.41101
-3.41131
-3.41131
-3.41116
-3.41101
-3.41101
-3.41116
-3.41116
-3.41101
-3.41116
-3.41116
-3.41131
-3.41116
-3.41116
-3.41101
-3.41086
-3.41086
-3.41086
-3.41071
-3.41011
-3.41026
-3.41056
-3.41041
-3.41056
-3.41011
-3.41026
-3.41011
-3.41011
-3.41026
-3.40996
-3.41011
-3.41026
-3.40981
-3.41026
-3.41041
-3.41026
-3.41056
-3.41026
-3.41011
-3.40981
-3.40996
-3.40996
-3.41011
-3.40996
-3.40996
-3.41011
-3.40996
-3.41011
-3.41011
-3.41041
-3.41011
-3.41011
-3.40965
-3.40981
-3.40996
-3.41011
-3.41056
-3.41056
-3.41056
-3.41011
-3.41011
-3.41026
-3.41056
-3.41056
-3.41056
-3.41041
-3.41056
-3.41056
-3.41071
-3.4104
-3.41025
-3.4101
-3.40995
-3.40995
-3.4098
-3.40935
-3.4095
-3.4095
-3.4098
-3.40995
-3.4101
-3.4104
-3.4104
-3.41025
-3.4101
-3.4101
-3.40995
-3.41025
-3.4101
-3.4104
-3.41025
-3.4107
-3.41085
-3.4107
-3.4107
-3.41115
-3.41115
-3.41146
-3.41161
-3.41176
-3.41206
-3.41206
-3.41176
-3.41191
-3.41161
-3.41176
-3.41191
-3.41221
-3.41236
-3.41221
-3.41252
-3.41221
-3.41221
-3.41221
-3.41221
-3.41221
-3.41206
-3.41191
-3.41191
-3.41176
-3.41176
-3.41176
-3.41176
-3.41206
-3.41237
-3.41252
-3.41252
-3.41267
-3.41282
-3.41297
-3.41297
-3.41327
-3.41297
-3.41297
-3.41312
-3.41267
-3.41252
-3.41237
-3.41282
-3.41267
-3.41252
-3.41222
-3.41237
-3.41222
-3.41237
-3.41237
-3.41267
-3.41297
-3.41313
-3.41328
-3.41313
-3.41313
-3.41298
-3.41267
-3.41298
-3.41283
-3.41328
-3.41298
-3.41313
-3.41313
-3.41313
-3.41328
-3.41313
-3.41313
-3.41298
-3.41328
-3.41328
-3.41313
-3.41328
-3.41328
-3.41328
-3.41313
-3.41313
-3.41313
-3.41313
-3.41328
-3.41328
-3.41328
-3.41328
-3.41343
-3.41328
-3.41373
-3.41358
-3.41313
-3.41313
-3.41343
-3.41343
-3.41373
-3.41373
-3.41388
-3.41403
-3.41403
-3.41328
-3.41267
-3.41267
-3.41298
-3.41298
-3.41298
-3.41267
-3.41282
-3.41252
-3.41298
-3.41282
-3.41267
-3.41252
-3.41267
-3.41237
-3.41237
-3.41237
-3.41237
-3.41252
-3.41237
-3.41237
-3.41207
-3.41176
-3.41191
-3.41191
-3.41191
-3.41191
-3.41206
-3.41206
-3.41237
-3.41237
-3.41252
-3.41252
-3.41252
-3.41267
-3.41236
-3.41282
-3.41282
-3.41251
-3.41251
-3.41221
-3.41221
-3.41206
-3.41206
-3.41206
-3.41221
-3.41221
-3.41221
-3.41236
-3.41281
-3.41281
-3.41297
-3.41297
-3.41281
-3.41266
-3.41266
-3.41266
-3.41251
-3.41251
-3.41282
-3.41297
-3.41282
-3.41236
-3.41221
-3.41251
-3.41221
-3.41191
-3.41206
-3.41161
-3.41176
-3.41176
-3.41176
-3.41206
-3.41176
-3.41176
-3.41207
-3.41191
-3.41176
-3.41237
-3.41237
-3.41222
-3.41237
-3.41207
-3.41177
-3.41207
-3.41207
-3.41237
-3.41222
-3.41222
-3.41222
-3.41192
-3.41192
-3.41207
-3.41192
-3.41177
-3.41177
-3.41192
-3.41207
-3.41207
-3.41162
-3.41192
-3.41207
-3.41192
-3.41207
-3.41222
-3.41237
-3.41252
-3.41267
-3.41313
-3.41282
-3.41282
-3.41267
-3.41252
-3.41252
-3.41252
-3.41252
-3.41267
-3.41298
-3.41328
-3.41313
-3.41298
-3.41298
-3.41282
-3.41283
-3.41313
-3.41298
-3.41267
-3.41222
-3.41237
-3.41207
-3.41237
-3.41222
-3.41192
-3.41177
-3.41192
-3.41177
-3.41177
-3.41177
-3.41162
-3.41162
-3.41147
-3.41162
-3.41147
-3.41131
-3.41131
-3.41071
-3.41071
-3.41071
-3.41101
-3.41086
-3.41071
-3.41086
-3.41086
-3.41041
-3.41025
-3.41026
-3.41025
-3.4101
-3.41025
-3.40995
-3.4101
-3.41056
-3.41025
-3.4101
-3.40995
-3.40995
-3.40995
-3.41025
-3.4101
-3.40995
-3.4101
-3.4098
-3.4098
-3.40995
-3.4098
-3.4098
-3.4095
-3.40965
-3.40965
-3.4095
-3.40965
-3.40965
-3.4098
-3.4095
-3.40935
-3.40904
-3.40889
-3.40844
-3.40874
-3.4092
-3.40935
-3.4092
-3.40935
-3.4095
-3.4098
-3.4098
-3.40965
-3.4098
-3.40965
-3.4098
-3.40965
-3.40965
-3.4098
-3.40965
-3.40965
-3.40935
-3.4095
-3.40935
-3.4092
-3.4092
-3.4092
-3.40905
-3.40905
-3.4092
-3.4092
-3.40905
-3.40905
-3.4092
-3.40889
-3.40889
-3.4092
-3.40904
-3.40904
-3.40874
-3.40904
-3.40904
-3.40889
-3.40904
-3.40935
-3.40935
-3.40935
-3.40935
-3.4095
-3.40965
-3.40965
-3.4098
-3.40995
-3.4098
-3.4098
-3.4101
-3.41055
-3.4107
-3.41055
-3.41055
-3.4104
-3.4104
-3.41025
-3.4104
-3.4104
-3.4104
-3.4107
-3.4107
-3.4107
-3.41055
-3.41071
-3.41055
-3.41071
-3.41071
-3.41071
-3.41086
-3.41116
-3.41146
-3.41161
-3.41131
-3.41146
-3.41161
-3.41146
-3.41146
-3.41161
-3.41161
-3.41161
-3.41161
-3.41131
-3.41161
-3.41176
-3.41176
-3.41222
-3.41222
-3.41222
-3.41192
-3.41192
-3.41207
-3.41192
-3.41207
-3.41207
-3.41237
-3.41267
-3.41297
-3.41313
-3.41343
-3.41358
-3.41403
-3.41358
-3.41343
-3.41328
-3.41298
-3.41313
-3.41237
-3.41237
-3.41267
-3.41267
-3.41252
-3.41237
-3.41222
-3.41207
-3.41207
-3.41282
-3.41267
-3.41252
-3.41282
-3.41282
-3.41252
-3.41252
-3.41237
-3.41237
-3.41282
-3.41282
-3.41282
-3.41252
-3.41237
-3.41252
-3.41252
-3.41267
-3.41282
-3.41282
-3.41297
-3.41328
-3.41328
-3.41343
-3.41297
-3.41297
-3.41282
-3.41267
-3.41237
-3.41207
-3.41207
-3.41267
-3.41252
-3.41237
-3.41222
-3.41222
-3.41252
-3.41237
-3.41252
-3.41222
-3.41206
-3.41191
-3.41176
-3.41161
-3.41116
-3.41101
-3.41101
-3.4107
-3.4107
-3.4107
-3.41085
-3.4107
-3.4107
-3.4107
-3.41055
-3.4104
-3.4101
-3.40995
-3.40995
-3.40995
-3.40995
-3.40995
-3.40965
-3.4098
-3.40995
-3.4098
-3.4098
-3.4098
-3.4098
-3.4098
-3.40995
-3.40965
-3.40935
-3.40905
-3.40935
-3.4092
-3.4095
-3.4092
-3.40935
-3.40935
-3.40935
-3.40965
-3.40965
-3.40996
-3.4098
-3.4098
-3.40996
-3.41011
-3.40996
-3.40965
-3.4095
-3.40981
-3.40981
-3.40996
-3.41011
-3.40996
-3.40981
-3.4095
-3.40965
-3.40965
-3.40965
-3.40965
-3.4095
-3.40935
-3.4092
-3.4089
-3.40935
-3.40965
-3.4098
-3.41011
-3.40995
-3.41026
-3.41041
-3.41025
-3.4101
-3.40995
-3.4101
-3.4101
-3.4104
-3.41025
-3.41025
-3.41025
-3.41025
-3.41025
-3.4101
-3.41025
-3.4101
-3.4104
-3.41025
-3.41055
-3.4104
-3.4104
-3.4104
-3.41025
-3.40995
-3.4101
-3.41025
-3.4101
-3.41025
-3.41025
-3.41055
-3.4104
-3.4104
-3.4104
-3.4107
-3.41086
-3.41086
-3.41086
-3.4107
-3.41071
-3.41101
-3.41086
-3.41101
-3.41116
-3.41101
-3.41086
-3.41071
-3.41071
-3.41056
-3.41056
-3.41056
-3.41041
-3.41041
-3.4101
-3.40995
-3.40965
-3.40935
-3.4095
-3.40965
-3.40965
-3.40995
-3.4098
-3.40995
-3.40995
-3.40965
-3.40965
-3.40965
-3.4095
-3.4095
-3.4098
-3.40996
-3.40965
-3.40935
-3.4095
-3.4098
-3.4098
-3.40995
-3.40965
-3.40995
-3.41041
-3.40935
-3.4092
-3.4089
-3.40859
-3.4089
-3.40905
-3.4089
-3.4089
-3.4089
-3.40905
-3.4095
-3.40965
-3.4098
-3.4098
-3.41025
-3.4104
-3.41086
-3.41086
-3.41056
-3.4104
-3.4104
-3.41055
-3.41055
-3.41055
-3.41055
-3.41055
-3.4101
-3.41025
-3.41025
-3.41025
-3.4101
-3.41025
-3.4104
-3.41085
-3.4107
-3.4107
-3.4104
-3.4104
-3.41055
-3.4104
-3.4104
-3.4107
-3.4107
-3.41055
-3.4107
-3.41025
-3.4101
-3.40979
-3.40979
-3.40964
-3.40979
-3.40979
-3.41025
-3.41025
-3.4104
-3.41025
-3.41055
-3.41055
-3.41055
-3.41055
-3.411
-3.41085
-3.411
-3.411
-3.41085
-3.41085
-3.411
-3.41131
-3.41161
-3.41206
-3.41191
-3.41206
-3.41191
-3.41206
-3.41237
-3.41237
-3.41237
-3.41221
-3.41206
-3.41176
-3.41176
-3.41176
-3.41161
-3.41176
-3.41161
-3.41176
-3.41176
-3.41191
-3.41191
-3.41176
-3.41131
-3.41131
-3.41131
-3.41161
-3.41176
-3.41161
-3.41161
-3.41161
-3.41176
-3.41176
-3.41222
-3.41222
-3.41207
-3.41207
-3.41191
-3.41176
-3.41176
-3.41191
-3.41222
-3.41237
-3.41237
-3.41267
-3.41237
-3.41222
-3.41222
-3.41237
-3.41237
-3.41252
-3.41267
-3.41252
-3.41222
-3.41237
-3.41237
-3.41252
-3.41207
-3.41192
-3.41222
-3.41192
-3.41177
-3.41177
-3.41177
-3.41207
-3.41207
-3.41177
-3.41192
-3.41177
-3.41222
-3.41237
-3.41252
-3.41252
-3.41222
-3.41207
-3.41237
-3.41252
-3.41237
-3.41222
-3.41222
-3.41207
-3.41207
-3.41207
-3.41222
-3.41222
-3.41237
-3.41252
-3.41237
-3.41297
-3.41282
-3.41297
-3.41328
-3.41313
-3.41328
-3.41297
-3.41328
-3.41328
-3.41312
-3.41312
-3.41312
-3.41328
-3.41312
-3.41312
-3.41312
-3.41297
-3.41267
-3.41267
-3.41252
-3.41252
-3.41282
-3.41267
-3.41237
-3.41222
-3.41206
-3.41237
-3.41237
-3.41206
-3.41222
-3.41206
-3.41206
-3.41206
-3.41206
-3.41191
-3.41176
-3.41191
-3.41191
-3.41206
-3.41191
-3.41191
-3.41176
-3.41161
-3.41146
-3.41131
-3.41161
-3.41146
-3.41146
-3.41146
-3.41161
-3.41176
-3.41191
-3.41191
-3.41222
-3.41237
-3.41237
-3.41237
-3.41222
-3.41191
-3.41191
-3.41191
-3.41191
-3.41176
-3.41191
-3.41192
-3.41207
-3.41207
-3.41207
-3.41192
-3.41176
-3.41161
-3.41161
-3.41192
-3.41252
-3.41267
-3.41312
-3.41267
-3.41267
-3.41252
-3.41252
-3.41267
-3.41282
-3.41252
-3.41267
-3.41282
-3.41312
-3.41297
-3.41297
-3.41327
-3.41327
-3.41327
-3.41327
-3.41312
-3.41267
-3.41236
-3.41221
-3.41236
-3.41266
-3.41281
-3.41297
-3.41296
-3.41296
-3.41327
-3.41327
-3.41327
-3.41327
-3.41312
-3.41327
-3.41342
-3.41342
-3.41342
-3.41387
-3.41372
-3.41387
-3.41387
-3.41372
-3.41372
-3.41403
-3.41388
-3.41373
-3.41388
-3.41373
-3.41358
-3.41373
-3.41343
-3.41328
-3.41343
-3.41343
-3.41343
-3.41328
-3.41313
-3.41282
-3.41298
-3.41298
-3.41298
-3.41298
-3.41283
-3.41283
-3.41268
-3.41283
-3.41283
-3.41283
-3.41252
-3.41252
-3.41222
-3.41237
-3.41222
-3.41252
-3.41237
-3.41252
-3.41252
-3.41237
-3.41222
-3.41222
-3.41207
-3.41222
-3.41222
-3.41267
-3.41298
-3.41313
-3.41313
-3.41343
-3.41388
-3.41403
-3.41388
-3.41388
-3.41373
-3.41358
-3.41388
-3.41343
-3.41328
-3.41312
-3.41297
-3.41297
-3.41297
-3.41312
-3.41312
-3.41297
-3.41343
-3.41343
-3.41327
-3.41312
-3.41327
-3.41358
-3.41358
-3.41373
-3.41373
-3.41388
-3.41373
-3.41388
-3.41418
-3.41403
-3.41433
-3.41433
-3.41463
-3.41478
-3.41493
-3.41524
-3.41539
-3.41539
-3.41539
-3.41508
-3.41524
-3.41493
-3.41493
-3.41448
-3.41433
-3.41433
-3.41418
-3.41433
-3.41463
-3.41463
-3.41478
-3.41478
-3.41463
-3.41463
-3.41493
-3.41493
-3.41493
-3.41463
-3.41463
-3.41478
-3.41463
-3.41463
-3.41463
-3.41463
-3.41523
-3.41539
-3.41554
-3.41569
-3.41569
-3.41569
-3.41554
-3.41554
-3.41569
-3.41584
-3.41539
-3.41523
-3.41554
-3.41554
-3.41539
-3.41539
-3.41569
-3.41569
-3.41569
-3.41523
-3.41554
-3.41569
-3.41569
-3.41584
-3.41584
-3.41584
-3.41599
-3.41584
-3.41584
-3.41584
-3.41584
-3.41584
-3.41584
-3.41569
-3.41569
-3.41554
-3.41554
-3.41554
-3.41554
-3.41569
-3.41554
-3.41509
-3.41479
-3.41494
-3.41509
-3.41554
-3.41539
-3.41539
-3.41509
-3.41479
-3.41479
-3.41494
-3.41509
-3.41524
-3.41509
-3.41494
-3.41479
-3.41449
-3.41449
-3.41449
-3.41418
-3.41388
-3.41388
-3.41403
-3.41388
-3.41388
-3.41373
-3.41373
-3.41343
-3.41373
-3.41343
-3.41328
-3.41358
-3.41343
-3.41343
-3.41343
-3.41343
-3.41328
-3.41237
-3.41222
-3.41237
-3.41252
-3.41237
-3.41207
-3.41207
-3.41191
-3.41206
-3.41237
-3.41252
-3.41252
-3.41252
-3.41252
-3.41252
-3.41236
-3.41252
-3.41236
-3.41176
-3.41176
-3.41161
-3.41206
-3.41191
-3.41221
-3.41236
-3.41236
-3.41206
-3.41191
-3.41191
-3.41176
-3.41206
-3.41191
-3.41191
-3.41206
-3.41236
-3.41251
-3.41281
-3.41327
-3.41342
-3.41372
-3.41387
-3.41387
-3.41387
-3.41387
-3.41372
-3.41342
-3.41327
-3.41342
-3.41342
-3.41342
-3.41357
-3.41372
-3.41403
-3.41418
-3.41433
-3.41418
-3.41418
-3.41403
-3.41403
-3.41403
-3.41418
-3.41418
-3.41433
-3.41463
-3.41448
-3.41448
-3.41478
-3.41478
-3.41493
-3.41524
-3.41524
-3.41478
-3.41493
-3.41448
-3.41403
-3.41403
-3.41418
-3.41448
-3.41463
-3.41478
-3.41493
-3.41493
-3.41493
-3.41478
-3.41493
-3.41493
-3.41509
-3.41524
-3.41509
-3.41478
-3.41463
-3.41448
-3.41463
-3.41478
-3.41509
-3.41509
-3.41478
-3.41463
-3.41448
-3.41463
-3.41463
-3.41463
-3.41448
-3.41418
-3.41403
-3.41418
-3.41418
-3.41388
-3.41388
-3.41373
-3.41373
-3.41403
-3.41403
-3.41388
-3.41358
-3.41358
-3.41358
-3.41358
-3.41343
-3.41358
-3.41358
-3.41328
-3.41282
-3.41297
-3.41298
-3.41282
-3.41282
-3.41282
-3.41267
-3.41267
-3.41328
-3.41328
-3.41358
-3.41343
-3.41358
-3.41388
-3.41434
-3.41464
-3.41449
-3.41434
-3.41373
-3.41328
-3.41298
-3.41313
-3.41298
-3.41313
-3.41267
-3.41282
-3.41328
-3.41328
-3.41313
-3.41313
-3.41313
-3.41298
-3.41313
-3.41298
-3.41298
-3.41328
-3.41328
-3.41343
-3.41373
-3.41373
-3.41388
-3.41373
-3.41373
-3.41343
-3.41358
-3.41358
-3.41343
-3.41343
-3.41343
-3.41312
-3.41328
-3.41343
-3.41388
-3.41388
-3.41403
-3.41418
-3.41433
-3.41479
-3.41494
-3.41494
-3.41509
-3.41494
-3.41494
-3.41494
-3.41478
-3.41463
-3.41448
-3.41478
-3.41478
-3.41478
-3.41478
-3.41463
-3.41448
-3.41448
-3.41433
-3.41448
-3.41418
-3.41418
-3.41433
-3.41433
-3.41433
-3.41433
-3.41403
-3.41388
-3.41418
