-6.2019
-6.20167
-6.20168
-6.20134
-6.20095
-6.20065
-6.20001
-6.19931
-6.19856
-6.1972
-6.1963
-6.19549
-6.19464
-6.19388
-6.19308
-6.19237
-6.19146
-6.1902
-6.18767
-6.18641
-6.18509
-6.18387
-6.1826
-6.18113
-6.17945
-6.17787
-6.17624
-6.17267
-6.17088
-6.16904
-6.16714
-6.1652
-6.16274
-6.16054
-6.15813
-6.15611
-6.15133
-6.149
-6.14662
-6.14388
-6.1414
-6.13885
-6.13625
-6.13345
-6.13089
-6.12485
-6.12213
-6.11905
-6.11591
-6.11272
-6.10962
-6.10632
-6.10296
-6.09894
-6.09209
-6.08836
-6.08488
-6.08104
-6.07699
-6.07319
-6.06934
-6.06559
-6.06163
-6.05355
-6.04928
-6.04496
-6.04074
-6.03677
-6.03291
-6.02839
-6.02427
-6.01996
-6.01119
-6.00644
-6.00179
-5.99725
-5.99282
-5.98804
-5.98337
-5.97867
-5.97392
-5.96402
-5.95932
-5.95429
-5.94953
-5.94383
-5.93885
-5.9337
-5.92868
-5.92363
-5.91346
-5.9086
-5.90342
-5.89852
-5.89315
-5.8876
-5.88219
-5.87677
-5.87133
-5.86011
-5.85419
-5.84871
-5.84323
-5.8379
-5.83257
-5.82723
-5.82175
-5.81657
-5.80563
-5.80017
-5.79457
-5.78928
-5.78386
-5.7786
-5.77352
-5.7686
-5.7631
-5.75231
-5.74718
-5.74177
-5.73654
-5.73149
-5.72616
-5.72116
-5.71635
-5.71127
-5.70136
-5.69639
-5.6913
-5.68624
-5.68153
-5.67746
-5.67313
-5.66823
-5.66368
-5.65455
-5.64998
-5.64545
-5.64127
-5.63713
-5.63274
-5.6287
-5.6244
-5.6203
-5.61195
-5.60785
-5.60411
-5.60026
-5.59646
-5.59272
-5.58888
-5.58509
-5.58151
-5.5739
-5.57034
-5.56682
-5.56322
-5.55966
-5.55632
-5.55304
-5.54981
-5.54679
-5.54033
-5.53734
-5.53426
-5.53139
-5.52858
-5.52583
-5.52314
-5.52051
-5.51795
-5.51285
-5.51078
-5.50831
-5.50605
-5.50401
-5.50204
-5.49982
-5.49767
-5.49573
-5.49189
-5.49003
-5.48759
-5.48534
-5.48327
-5.48138
-5.47952
-5.47754
-5.47559
-5.47179
-5.47008
-5.4681
-5.46631
-5.46454
-5.46265
-5.4611
-5.45942
-5.45748
-5.45398
-5.45243
-5.45091
-5.44942
-5.44811
-5.44668
-5.44544
-5.44393
-5.4429
-5.44033
-5.43894
-5.43743
-5.43611
-5.43482
-5.43371
-5.43248
-5.43189
-5.43103
-5.42911
-5.42804
-5.42716
-5.42616
-5.42534
-5.42441
-5.42396
-5.42339
-5.42255
-5.42126
-5.42037
-5.41981
-5.41897
-5.41878
-5.41831
-5.41772
-5.41746
-5.41693
-5.4164
-5.41626
-5.41644
-5.4162
-5.41629
-5.41595
-5.41578
-5.41564
-5.41552
-5.41565
-5.41589
-5.41525
-5.41494
-5.41494
-5.41526
-5.41529
-5.4158
-5.41601
-5.41632
-5.41611
-5.41622
-5.41648
-5.41675
-5.41687
-5.41759
-5.41757
-5.41785
-5.4184
-5.41852
-5.41849
-5.41845
-5.41855
-5.41849
-5.41781
-5.41788
-5.41764
-5.41831
-5.41822
-5.41854
-5.41834
-5.41825
-5.4178
-5.41714
-5.41673
-5.4161
-5.41482
-5.41387
-5.41345
-5.41282
-5.41198
-5.41107
-5.4101
-5.40906
-5.40811
-5.40571
-5.40411
-5.40259
-5.40147
-5.39998
-5.39827
-5.39665
-5.39511
-5.39336
-5.38983
-5.38775
-5.38575
-5.38355
-5.3816
-5.37958
-5.37752
-5.37554
-5.37367
-5.36901
-5.36653
-5.3643
-5.36158
-5.35851
-5.35599
-5.35314
-5.35039
-5.34716
-5.34163
-5.33874
-5.33643
-5.33333
-5.33065
-5.3275
-5.32432
-5.32112
-5.31789
-5.31139
-5.30826
-5.30512
-5.30197
-5.29865
-5.29548
-5.29215
-5.28911
-5.28607
-5.27969
-5.27634
-5.27316
-5.26982
-5.26649
-5.26347
-5.26016
-5.25716
-5.25387
-5.24809
-5.24514
-5.24207
-5.23901
-5.23613
-5.23312
-5.23028
-5.22732
-5.22454
-5.21876
-5.21607
-5.21356
-5.21093
-5.2088
-5.20595
-5.20314
-5.20051
-5.19794
-5.19336
-5.191
-5.18808
-5.18549
-5.1831
-5.18028
-5.17766
-5.17523
-5.17284
-5.1679
-5.16564
-5.16313
-5.16052
-5.15841
-5.15634
-5.15448
-5.15237
-5.15046
-5.14649
-5.14458
-5.14288
-5.14138
-5.13978
-5.13823
-5.13658
-5.13514
-5.1342
-5.13157
-5.13048
-5.12929
-5.12814
-5.12705
-5.12631
-5.12515
-5.1242
-5.12359
-5.12176
-5.12083
-5.12024
-5.11909
-5.11843
-5.11781
-5.11707
-5.11682
-5.11631
-5.11553
-5.11511
-5.11473
-5.11437
-5.11388
-5.11327
-5.11284
-5.11273
-5.11249
-5.11238
-5.11236
-5.1122
-5.11205
-5.11177
-5.1115
-5.11109
-5.11084
-5.11075
-5.1106
-5.11053
-5.11076
-5.11069
-5.11032
-5.1101
-5.11018
-5.10995
-5.11017
-5.11014
-5.11019
-5.10977
-5.10964
-5.1095
-5.10919
-5.10918
-5.10869
-5.10865
-5.1082
-5.1081
-5.10799
-5.10771
-5.10741
-5.10709
-5.10691
-5.1064
-5.10603
-5.10539
-5.10479
-5.1043
-5.10361
-5.10302
-5.10208
-5.10124
-5.10036
-5.09913
-5.0973
-5.09654
-5.0953
-5.09417
-5.0927
-5.0915
-5.09011
-5.08885
-5.08755
-5.08503
-5.08366
-5.08211
-5.08069
-5.07896
-5.07766
-5.0765
-5.07517
-5.07353
-5.07069
-5.06904
-5.06723
-5.06602
-5.06437
-5.06303
-5.06154
-5.05975
-5.05844
-5.05539
-5.05382
-5.05242
-5.05165
-5.05075
-5.04942
-5.04813
-5.04716
-5.04623
-5.04403
-5.0429
-5.04182
-5.04124
-5.03994
-5.03914
-5.03824
-5.03738
-5.03658
-5.03497
-5.03417
-5.03342
-5.03287
-5.03238
-5.03179
-5.03156
-5.03123
-5.03111
-5.03104
-5.03078
-5.03088
-5.03087
-5.03077
-5.03072
-5.03087
-5.03106
-5.03116
-5.03162
-5.03214
-5.0324
-5.03285
-5.03349
-5.0337
-5.03439
-5.03512
-5.03541
-5.03697
-5.03777
-5.03844
-5.03897
-5.0395
-5.04049
-5.04104
-5.04173
-5.04272
-5.04423
-5.04448
-5.045
-5.04565
-5.04611
-5.04684
-5.04679
-5.047
-5.04747
-5.04784
-5.04789
-5.04804
-5.04799
-5.04804
-5.04819
-5.04814
-5.04819
-5.04758
-5.0471
-5.04662
-5.04609
-5.04565
-5.04545
-5.0446
-5.04399
-5.04317
-5.04229
-5.04081
-5.03961
-5.03865
-5.03749
-5.03627
-5.035
-5.03398
-5.03276
-5.03134
-5.02834
-5.02677
-5.02516
-5.02366
-5.02212
-5.02053
-5.01876
-5.01665
-5.01481
-5.01089
-5.00911
-5.00761
-5.00624
-5.00439
-5.00268
-5.00095
-4.99876
-4.99701
-4.99348
-4.99141
-4.98964
-4.98772
-4.98565
-4.98388
-4.98228
-4.98053
-4.97864
-4.97461
-4.97277
-4.97094
-4.96899
-4.96721
-4.96515
-4.96342
-4.96141
-4.95958
-4.95646
-4.95487
-4.95331
-4.95179
-4.95014
-4.94899
-4.94756
-4.94632
-4.94497
-4.94252
-4.94113
-4.93977
-4.93861
-4.93733
-4.93594
-4.93475
-4.93359
-4.93278
-4.93114
-4.93014
-4.92903
-4.9278
-4.92677
-4.92577
-4.92451
-4.9239
-4.92304
-4.92144
-4.92087
-4.92065
-4.92017
-4.91945
-4.91864
-4.91849
-4.9184
-4.91837
-4.91836
-4.91823
-4.91832
-4.91834
-4.91857
-4.91904
-4.91974
-4.92006
-4.92077
-4.92245
-4.92296
-4.92372
-4.92502
-4.92611
-4.92774
-4.92887
-4.93039
-4.93155
-4.93462
-4.93637
-4.93806
-4.93999
-4.94187
-4.94384
-4.94604
-4.94804
-4.95042
-4.95573
-4.95836
-4.96106
-4.96414
-4.96714
-4.9702
-4.97287
-4.97591
-4.979
-4.98532
-4.9884
-4.99197
-4.99543
-4.99876
-5.00227
-5.00565
-5.00875
-5.01216
-5.01854
-5.02211
-5.02522
-5.02878
-5.03218
-5.03586
-5.03906
-5.04224
-5.04585
-5.05205
-5.05524
-5.059
-5.06226
-5.06548
-5.06818
-5.07069
-5.07374
-5.07643
-5.08193
-5.08474
-5.08732
-5.08984
-5.09259
-5.09527
-5.09802
-5.10025
-5.1024
-5.10647
-5.10845
-5.1102
-5.11186
-5.11329
-5.11478
-5.11634
-5.11766
-5.1189
-5.12082
-5.12166
-5.12256
-5.12322
-5.12426
-5.12475
-5.12531
-5.12579
-5.12633
-5.12747
-5.12746
-5.12722
-5.12705
-5.12694
-5.12691
-5.12649
-5.12644
-5.12616
-5.12521
-5.12454
-5.12379
-5.12312
-5.12221
-5.12093
-5.12017
-5.11903
-5.11782
-5.11487
-5.11343
-5.11177
-5.11034
-5.10839
-5.10712
-5.10563
-5.10408
-5.10246
-5.09887
-5.0966
-5.09442
-5.09233
-5.08988
-5.08707
-5.08466
-5.08265
-5.07999
-5.07498
-5.07234
-5.0695
-5.06678
-5.06388
-5.06125
-5.0586
-5.05578
-5.05354
-5.04767
-5.04495
-5.04194
-5.03908
-5.03653
-5.03399
-5.03133
-5.02854
-5.02563
-5.01978
-5.01699
-5.01441
-5.01157
-5.00941
-5.00715
-5.00466
-5.0021
-4.99991
-4.99577
-4.99367
-4.99166
-4.99019
-4.98881
-4.98737
-4.98571
-4.984
-4.98252
-4.97998
-4.97866
-4.97758
-4.97675
-4.9757
-4.97489
-4.97416
-4.97336
-4.97263
-4.97213
-4.97144
-4.97111
-4.97068
-4.97029
-4.97024
-4.97053
-4.97054
-4.97027
-4.96963
-4.96924
-4.96931
-4.96892
-4.96883
-4.96842
-4.96844
-4.9683
-4.96767
-4.96708
-4.9668
-4.96619
-4.96584
-4.96499
-4.9644
-4.96391
-4.96307
-4.96263
-4.9613
-4.9604
-4.9596
-4.95845
-4.95724
-4.95643
-4.95497
-4.95422
-4.95311
-4.95075
-4.9498
-4.9485
-4.94686
-4.94549
-4.94422
-4.94277
-4.94174
-4.94023
-4.93653
-4.93479
-4.93304
-4.93143
-4.92995
-4.92831
-4.92667
-4.92503
-4.92339
-4.92057
-4.91895
-4.9175
-4.91607
-4.9145
-4.91296
-4.9116
-4.91027
-4.90852
-4.90558
-4.90439
-4.9031
-4.90216
-4.90158
-4.90074
-4.89935
-4.89846
-4.89779
-4.89616
-4.89521
-4.89447
-4.89379
-4.89302
-4.89247
-4.89168
-4.8914
-4.89074
-4.89065
-4.89031
-4.89003
-4.88963
-4.88898
-4.88882
-4.88901
-4.88908
-4.88904
-4.88891
-4.88883
-4.88892
-4.88935
-4.8895
-4.89013
-4.89048
-4.89039
-4.89078
-4.89131
-4.89129
-4.89143
-4.89173
-4.89188
-4.89218
-4.89219
-4.89249
-4.89279
-4.89322
-4.89334
-4.89376
-4.89416
-4.89424
-4.8943
-4.89465
-4.89483
-4.89543
-4.89552
-4.89561
-4.89551
-4.89554
-4.89554
-4.89551
-4.8953
-4.89536
-4.89554
-4.89506
-4.8947
-4.8943
-4.89388
-4.89343
-4.8928
-4.89275
-4.89222
-4.89181
-4.89092
-4.89029
-4.88965
-4.88884
-4.88831
-4.88746
-4.88691
-4.88635
-4.88578
-4.88462
-4.88435
-4.88378
-4.88306
-4.8825
-4.88196
-4.88113
-4.88078
-4.87999
-4.8791
-4.879
-4.87879
-4.87877
-4.87879
-4.8787
-4.87866
-4.87868
-4.87874
-4.8786
-4.87885
-4.879
-4.87923
-4.87953
-4.87959
-4.88003
-4.88055
-4.88129
-4.88287
-4.8834
-4.88402
-4.88456
-4.88548
-4.88618
-4.88771
-4.88872
-4.89011
-4.893
-4.89433
-4.89591
-4.89726
-4.89915
-4.90113
-4.90319
-4.90518
-4.90725
-4.91102
-4.91364
-4.91633
-4.91879
-4.92149
-4.9241
-4.92664
-4.92955
-4.93223
-4.93778
-4.94096
-4.94404
-4.94688
-4.95008
-4.95349
-4.95664
-4.95998
-4.96323
-4.97043
-4.97393
-4.97746
-4.98086
-4.98414
-4.98803
-4.99149
-4.99496
-4.99813
-5.00492
-5.00868
-5.01213
-5.01525
-5.01866
-5.02205
-5.0254
-5.02856
-5.03199
-5.0393
-5.04258
-5.0455
-5.04866
-5.0516
-5.05431
-5.0574
-5.06056
-5.06349
-5.06907
-5.07157
-5.07381
-5.07595
-5.07813
-5.08035
-5.082
-5.08384
-5.08585
-5.08935
-5.09083
-5.09203
-5.09293
-5.09385
-5.09448
-5.09496
-5.09544
-5.09578
-5.09614
-5.09557
-5.09514
-5.0947
-5.09425
-5.09334
-5.09272
-5.09149
-5.09024
-5.0874
-5.08579
-5.08373
-5.08183
-5.08008
-5.07789
-5.0754
-5.07261
-5.06968
-5.06353
-5.06032
-5.05727
-5.05392
-5.05059
-5.04712
-5.04306
-5.03887
-5.03455
-5.02582
-5.02143
-5.01661
-5.01152
-5.00663
-5.00193
-4.99637
-4.99118
-4.98589
-4.97551
-4.96983
-4.96424
-4.95874
-4.95303
-4.94714
-4.94121
-4.93525
-4.92928
-4.91794
-4.91244
-4.90696
-4.90091
-4.89537
-4.88943
-4.88401
-4.87853
-4.87329
-4.86344
-4.85825
-4.85335
-4.84845
-4.84371
-4.83914
-4.83461
-4.83042
-4.82613
-4.81894
-4.81575
-4.8128
-4.80993
-4.80715
-4.80493
-4.80295
-4.80122
-4.7999
-4.79771
-4.79715
-4.79668
-4.79662
-4.79665
-4.79707
-4.79773
-4.79861
-4.79957
-4.80212
-4.80355
-4.80533
-4.80729
-4.80972
-4.81187
-4.81462
-4.81722
-4.8195
-4.82549
-4.82872
-4.8322
-4.83561
-4.83909
-4.84265
-4.84595
-4.84975
-4.8536
-4.86045
-4.86383
-4.8675
-4.87114
-4.87461
-4.87804
-4.88143
-4.88492
-4.8879
-4.89428
-4.89752
-4.90083
-4.90377
-4.90647
-4.90938
-4.91191
-4.91449
-4.91743
-4.92242
-4.92432
-4.92656
-4.92871
-4.93091
-4.93285
-4.93439
-4.93613
-4.93762
-4.94045
-4.9418
-4.94244
-4.94329
-4.94405
-4.94487
-4.9453
-4.9464
-4.94712
-4.94846
-4.94909
-4.94965
-4.94968
-4.9498
-4.94985
-4.94969
-4.94977
-4.9498
-4.9497
-4.94943
-4.94942
-4.94937
-4.94898
-4.94855
-4.94809
-4.9476
-4.94709
-4.94628
-4.94569
-4.94508
-4.9443
-4.94351
-4.94286
-4.94203
-4.94151
-4.94081
-4.93956
-4.93886
-4.93814
-4.93758
-4.93656
-4.9357
-4.93483
-4.93398
-4.93327
-4.9316
-4.93107
-4.93057
-4.93008
-4.92991
-4.92946
-4.92888
-4.92848
-4.92796
-4.92686
-4.92644
-4.92591
-4.92558
-4.92545
-4.92522
-4.92504
-4.92507
-4.92501
-4.92553
-4.92536
-4.92572
-4.92585
-4.9259
-4.92619
-4.92655
-4.92685
-4.92723
-4.92884
-4.92993
-4.93125
-4.93175
-4.93309
-4.93452
-4.93587
-4.93715
-4.93836
-4.94101
-4.94274
-4.94454
-4.9461
-4.94788
-4.94987
-4.95161
-4.95326
-4.95525
-4.95938
-4.96104
-4.9635
-4.96584
-4.96791
-4.9697
-4.97212
-4.97425
-4.97655
-4.98087
-4.9832
-4.98568
-4.9877
-4.99033
-4.9922
-4.99436
-4.99682
-4.99927
-5.00397
-5.00607
-5.00831
-5.01038
-5.01212
-5.0143
-5.01645
-5.01904
-5.02084
-5.02484
-5.02642
-5.02873
-5.03071
-5.03282
-5.03475
-5.03666
-5.03853
-5.04023
-5.04399
-5.0459
-5.04809
-5.04994
-5.05161
-5.05325
-5.05456
-5.05629
-5.05753
-5.06051
-5.06225
-5.06381
-5.06518
-5.06636
-5.06735
-5.06861
-5.06997
-5.0713
-5.07351
-5.07455
-5.07569
-5.07724
-5.07799
-5.07868
-5.07918
-5.07992
-5.08061
-5.08227
-5.08284
-5.0832
-5.08336
-5.08363
-5.0837
-5.08372
-5.08384
-5.08376
-5.08344
-5.08305
-5.08306
-5.08317
-5.08293
-5.08233
-5.08228
-5.08187
-5.08171
-5.08033
-5.08001
-5.07934
-5.07831
-5.07738
-5.07624
-5.07506
-5.07382
-5.07329
-5.07057
-5.06928
-5.0678
-5.06612
-5.06515
-5.06383
-5.06246
-5.06105
-5.05945
-5.05718
-5.05561
-5.054
-5.0519
-5.05006
-5.04835
-5.04675
-5.04542
-5.04361
-5.0399
-5.03785
-5.03563
-5.03385
-5.03188
-5.03005
-5.0282
-5.02663
-5.02445
-5.02019
-5.01812
-5.01589
-5.0141
-5.012
-5.01021
-5.0081
-5.00661
-5.00465
-5.0003
-4.99821
-4.99612
-4.99389
-4.99197
-4.98976
-4.98757
-4.98569
-4.98397
-4.97955
-4.97744
-4.9755
-4.97359
-4.97156
-4.96985
-4.96787
-4.96607
-4.9643
-4.96085
-4.95918
-4.95755
-4.95595
-4.95454
-4.95317
-4.95184
-4.95069
-4.94929
-4.9463
-4.94503
-4.94381
-4.94249
-4.94151
-4.94027
-4.93893
-4.93779
-4.93654
-4.93448
-4.93336
-4.93244
-4.93156
-4.93073
-4.92978
-4.92902
-4.92815
-4.92778
-4.92683
-4.92595
-4.92541
-4.92506
-4.92458
-4.92414
-4.92403
-4.9235
-4.92314
-4.92267
-4.92224
-4.92215
-4.92193
-4.92189
-4.92157
-4.92144
-4.92163
-4.92125
-4.92088
-4.92104
-4.92124
-4.92147
-4.92159
-4.92175
-4.9221
-4.92249
-4.92308
-4.92379
-4.92407
-4.9247
-4.92524
-4.92583
-4.92664
-4.92735
-4.92783
-4.92882
-4.9307
-4.93159
-4.93271
-4.93374
-4.935
-4.93602
-4.93742
-4.93814
-4.93984
-4.94314
-4.94459
-4.94687
-4.94846
-4.95042
-4.95274
-4.95497
-4.95681
-4.95886
-4.96341
-4.96546
-4.96801
-4.9703
-4.97278
-4.97529
-4.97784
-4.98057
-4.98318
-4.98846
-4.99143
-4.99411
-4.9968
-4.99935
-5.00191
-5.00493
-5.00765
-5.01006
-5.01562
-5.01856
-5.02132
-5.02405
-5.0266
-5.02913
-5.03162
-5.03394
-5.03606
-5.04082
-5.04314
-5.04542
-5.04766
-5.05001
-5.05231
-5.05427
-5.05618
-5.05805
-5.0621
-5.06382
-5.06609
-5.06786
-5.06943
-5.0711
-5.07286
-5.07441
-5.0756
-5.07857
-5.07988
-5.08098
-5.08203
-5.08331
-5.08452
-5.08507
-5.08616
-5.08733
-5.08872
-5.08954
-5.09014
-5.09097
-5.09144
-5.09154
-5.09172
-5.09198
-5.09187
-5.09221
-5.0922
-5.09198
-5.09229
-5.09224
-5.09198
-5.09165
-5.09112
-5.09082
-5.08961
-5.0893
-5.08863
-5.08792
-5.08715
-5.08619
-5.08549
-5.08459
-5.0832
-5.08106
-5.08001
-5.07894
-5.07783
-5.0767
-5.0757
-5.07467
-5.07362
-5.07196
-5.06949
-5.06839
-5.06698
-5.06556
-5.06429
-5.06257
-5.0616
-5.06018
-5.05892
-5.05611
-5.05472
-5.05349
-5.05258
-5.05168
-5.05049
-5.04948
-5.04803
-5.0469
-5.04472
-5.04344
-5.0422
-5.04117
-5.04017
-5.03908
-5.03788
-5.03703
-5.03639
-5.03511
-5.03463
-5.03375
-5.03309
-5.03278
-5.03268
-5.03204
-5.03162
-5.0314
-5.03117
-5.03146
-5.03166
-5.03178
-5.03196
-5.03236
-5.03253
-5.03307
-5.03352
-5.03478
-5.03558
-5.0363
-5.03724
-5.03794
-5.03916
-5.03999
-5.04088
-5.04229
-5.04468
-5.04596
-5.0473
-5.04824
-5.04939
-5.05073
-5.05228
-5.05372
-5.0555
-5.0592
-5.06095
-5.06259
-5.06441
-5.0658
-5.06752
-5.06942
-5.07119
-5.07313
-5.07735
-5.07917
-5.08115
-5.08298
-5.08496
-5.08693
-5.08875
-5.09072
-5.09267
-5.09637
-5.09857
-5.1
-5.1017
-5.10367
-5.10546
-5.10737
-5.10925
-5.11109
-5.1139
-5.11531
-5.11683
-5.1183
-5.11972
-5.12109
-5.12241
-5.12338
-5.12474
-5.12684
-5.12773
-5.12811
-5.12889
-5.1302
-5.13116
-5.13205
-5.13273
-5.13335
-5.13439
-5.13488
-5.13516
-5.13507
-5.13522
-5.13546
-5.13595
-5.13592
-5.13552
-5.13487
-5.1349
-5.13473
-5.13435
-5.13391
-5.13327
-5.13287
-5.13257
-5.13176
-5.13014
-5.12932
-5.12891
-5.12829
-5.12732
-5.12645
-5.12538
-5.1241
-5.12293
-5.12059
-5.11942
-5.1179
-5.11679
-5.11502
-5.11351
-5.11209
-5.11048
-5.10882
-5.10505
-5.10324
-5.10109
-5.09918
-5.09707
-5.09522
-5.09331
-5.09136
-5.0892
-5.08474
-5.08258
-5.08022
-5.07796
-5.0752
-5.07269
-5.07058
-5.06813
-5.06562
-5.0597
-5.05644
-5.05374
-5.05099
-5.0482
-5.04536
-5.04217
-5.03848
-5.03536
-5.02883
-5.02544
-5.02185
-5.01838
-5.01472
-5.01118
-5.00761
-5.00401
-5.00039
-4.99351
-4.98997
-4.98641
-4.98284
-4.9788
-4.97505
-4.9716
-4.968
-4.96439
-4.9572
-4.95362
-4.95021
-4.94666
-4.94329
-4.93934
-4.93602
-4.93258
-4.92919
-4.92268
-4.91882
-4.91546
-4.91216
-4.90907
-4.90574
-4.90248
-4.89974
-4.89663
-4.89155
-4.88883
-4.88635
-4.88395
-4.8815
-4.87929
-4.87703
-4.87456
-4.87249
-4.86863
-4.86685
-4.86501
-4.86357
-4.86223
-4.86053
-4.85937
-4.85816
-4.85718
-4.8549
-4.85388
-4.85294
-4.85254
-4.85206
-4.85181
-4.85102
-4.85046
-4.85027
-4.84964
-4.84949
-4.84941
-4.84924
-4.84897
-4.84907
-4.84907
-4.84913
-4.84971
-4.85072
-4.85132
-4.85182
-4.85253
-4.85329
-4.85352
-4.8538
-4.8546
-4.85546
-4.85751
-4.85826
-4.85952
-4.8604
-4.86164
-4.8628
-4.86433
-4.86577
-4.86713
-4.87035
-4.87207
-4.87415
-4.87599
-4.8776
-4.87973
-4.88192
-4.88402
-4.88619
-4.89054
-4.89287
-4.89526
-4.8977
-4.90019
-4.90287
-4.9053
-4.90807
-4.91072
-4.91644
-4.91904
-4.92182
-4.92448
-4.9273
-4.93044
-4.93299
-4.93571
-4.93858
-4.94478
-4.94781
-4.95083
-4.95384
-4.95653
-4.95937
-4.96233
-4.96558
-4.96849
-4.97379
-4.97662
-4.97972
-4.98232
-4.98473
-4.98726
-4.98988
-4.99231
-4.99439
-4.99883
-5.00105
-5.00306
-5.00501
-5.0072
-5.00858
-5.01095
-5.0125
-5.0143
-5.01783
-5.01927
-5.02064
-5.02241
-5.0241
-5.02497
-5.02608
-5.02712
-5.0284
-5.03016
-5.0311
-5.03198
-5.03249
-5.0334
-5.03411
-5.03476
-5.03521
-5.03591
-5.03733
-5.0379
-5.03828
-5.03878
-5.03894
-5.03937
-5.03992
-5.04015
-5.04066
-5.04087
-5.04088
-5.04118
-5.04118
-5.04132
-5.04146
-5.04146
-5.04176
-5.04192
-5.04228
-5.04264
-5.04271
-5.04295
-5.04337
-5.04381
-5.04443
-5.04478
-5.04515
-5.04583
-5.04583
-5.04648
-5.047
-5.0477
-5.04829
-5.0489
-5.04954
-5.05051
-5.05192
-5.05236
-5.05327
-5.05405
-5.0547
-5.05566
-5.05663
-5.05761
-5.0586
-5.05952
-5.06036
-5.06119
-5.06186
-5.06281
-5.06375
-5.06437
-5.06467
-5.06554
-5.06689
-5.06752
-5.06781
-5.06881
-5.06932
-5.06963
-5.07034
-5.07086
-5.07118
-5.07119
-5.07119
-5.07128
-5.07146
-5.07159
-5.0715
-5.07136
-5.071
-5.07058
-5.07017
-5.06972
-5.06937
-5.06881
-5.06804
-5.06751
-5.06679
-5.06616
-5.06532
-5.06351
-5.06224
-5.06138
-5.06017
-5.05862
-5.05749
-5.05648
-5.05573
-5.05451
-5.05183
-5.05083
-5.04936
-5.04818
-5.04698
-5.04562
-5.04426
-5.04303
-5.04134
-5.03842
-5.03718
-5.0358
-5.03442
-5.03335
-5.03183
-5.03063
-5.02913
-5.02764
-5.02471
-5.02342
-5.0223
-5.02134
-5.0198
-5.01859
-5.01739
-5.01636
-5.0152
-5.01325
-5.01231
-5.01154
-5.01065
-5.00977
-5.00892
-5.00809
-5.00729
-5.00621
-5.00517
-5.00401
-5.00287
-5.00205
-5.00127
-5.0005
-4.99977
-4.99905
-4.99852
-4.99707
-4.99632
-4.99589
-4.9955
-4.99468
-4.9942
-4.99374
-4.99332
-4.99279
-4.99197
-4.99169
-4.99145
-4.99125
-4.99139
-4.99127
-4.99165
-4.99176
-4.99161
-4.99145
-4.99144
-4.99131
-4.99123
-4.99164
-4.99179
-4.99229
-4.99252
-4.99295
-4.9936
-4.99428
-4.99454
-4.99543
-4.9962
-4.99684
-4.99735
-4.99819
-4.99874
-5.00032
-5.00135
-5.00239
-5.00342
-5.00385
-5.00457
-5.00528
-5.00598
-5.00666
-5.00781
-5.00812
-5.00886
-5.00956
-5.00962
-5.01025
-5.011
-5.0117
-5.01205
-5.01261
-5.01251
-5.01282
-5.01307
-5.01296
-5.0128
-5.01259
-5.01246
-5.01229
-5.0122
-5.012
-5.01144
-5.01112
-5.01044
-5.00986
-5.00923
-5.00869
-5.00779
-5.00646
-5.00541
-5.00432
-5.00319
-5.00202
-5.00065
-4.99986
-4.99857
-4.99726
-4.99454
-4.99315
-4.99204
-4.99046
-4.98946
-4.98816
-4.98699
-4.98582
-4.9842
-4.98142
-4.98011
-4.97881
-4.97768
-4.97656
-4.97517
-4.97379
-4.97259
-4.97142
-4.96873
-4.96827
-4.96739
-4.96641
-4.96546
-4.96442
-4.96342
-4.96262
-4.96187
-4.96083
-4.96069
-4.96046
-4.95998
-4.95971
-4.95934
-4.95902
-4.95846
-4.95825
-4.95784
-4.95779
-4.95794
-4.95783
-4.95792
-4.95806
-4.95854
-4.95875
-4.95916
-4.95962
-4.95981
-4.96004
-4.96059
-4.96101
-4.96114
-4.96144
-4.96191
-4.96223
-4.96333
-4.9641
-4.96457
-4.96504
-4.96549
-4.96562
-4.96635
-4.96645
-4.96728
-4.96811
-4.96826
-4.96852
-4.96891
-4.96926
-4.96942
-4.96924
-4.96872
-4.96891
-4.96901
-4.96892
-4.96879
-4.96845
-4.96808
-4.96765
-4.96764
-4.96742
-4.96701
-4.96636
-4.96596
-4.96523
-4.9646
-4.96393
-4.96307
-4.96233
-4.96155
-4.96074
-4.95962
-4.95872
-4.9578
-4.9573
-4.95603
-4.95474
-4.95374
-4.95273
-4.95186
-4.94979
-4.94875
-4.94772
-4.94714
-4.94611
-4.94494
-4.94394
-4.94295
-4.94182
-4.93932
-4.93826
-4.93737
-4.93682
-4.93614
-4.93535
-4.93443
-4.9337
-4.93271
-4.93174
-4.93087
-4.93019
-4.92985
-4.92925
-4.92885
-4.92834
-4.92803
-4.92761
-4.92691
-4.92708
-4.92715
-4.92712
-4.92713
-4.92763
-4.92803
-4.92833
-4.92852
-4.92902
-4.92918
-4.92954
-4.92948
-4.92991
-4.93008
-4.93044
-4.93083
-4.93126
-4.93296
-4.93348
-4.93433
-4.93491
-4.93582
-4.93675
-4.93785
-4.93883
-4.93952
-4.94126
-4.94185
-4.9426
-4.94322
-4.94369
-4.94448
-4.94542
-4.94621
-4.94716
-4.94936
-4.95031
-4.95155
-4.95263
-4.95341
-4.95463
-4.95568
-4.95673
-4.95776
-4.95961
-4.96044
-4.9614
-4.96203
-4.96279
-4.96337
-4.96439
-4.96477
-4.96588
-4.96695
-4.96691
-4.96745
-4.96795
-4.96842
-4.96901
-4.96956
-4.97008
-4.97026
-4.97096
-4.97118
-4.97107
-4.97122
-4.97133
-4.97141
-4.97161
-4.97146
-4.97144
-4.97113
-4.97131
-4.9713
-4.97111
-4.97073
-4.97079
-4.97051
-4.9702
-4.97017
-4.97018
-4.96977
-4.96934
-4.9689
-4.96843
-4.96825
-4.9679
-4.96739
-4.96701
-4.96577
-4.96521
-4.96449
-4.96422
-4.9635
-4.96322
-4.96234
-4.96161
-4.96104
-4.95975
-4.95919
-4.95879
-4.95765
-4.95712
-4.9566
-4.95595
-4.95532
-4.955
-4.95352
-4.95327
-4.95288
-4.95283
-4.95279
-4.95263
-4.95205
-4.95194
-4.95157
-4.9512
-4.95137
-4.95112
-4.95105
-4.95086
-4.95101
-4.95089
-4.95096
-4.95106
-4.95123
-4.9513
-4.9514
-4.9517
-4.95234
-4.95272
-4.95344
-4.95406
-4.95426
-4.95571
-4.95635
-4.95703
-4.95761
-4.95854
-4.95936
-4.96068
-4.96144
-4.9624
-4.96431
-4.96496
-4.96641
-4.96805
-4.96944
-4.97073
-4.9722
-4.97327
-4.97484
-4.97824
-4.97978
-4.98105
-4.98266
-4.98446
-4.98629
-4.98786
-4.98961
-4.99138
-4.99457
-4.99658
-4.99846
-5.00052
-5.00229
-5.00423
-5.00634
-5.00832
-5.01046
-5.01403
-5.01651
-5.0187
-5.0206
-5.02265
-5.02457
-5.02633
-5.02841
-5.03034
-5.03437
-5.03616
-5.03826
-5.04021
-5.04277
-5.04488
-5.04699
-5.04926
-5.05092
-5.05562
-5.0576
-5.05973
-5.06187
-5.06355
-5.06599
-5.06814
-5.06983
-5.07182
-5.07656
-5.0784
-5.08054
-5.08252
-5.0845
-5.08647
-5.08858
-5.09083
-5.09293
-5.09752
-5.09987
-5.10175
-5.10361
-5.10575
-5.10801
-5.1101
-5.11185
-5.11388
-5.11723
-5.119
-5.12073
-5.12242
-5.12406
-5.12581
-5.12751
-5.129
-5.13075
-5.13392
-5.1352
-5.13626
-5.13771
-5.1391
-5.13997
-5.14092
-5.14196
-5.14247
-5.14373
-5.14418
-5.14485
-5.1453
-5.14552
-5.14611
-5.14618
-5.14617
-5.14653
-5.14656
-5.14638
-5.14612
-5.14594
-5.14522
-5.14443
-5.14401
-5.14321
-5.14248
-5.14111
-5.14031
-5.13928
-5.13804
-5.13718
-5.13609
-5.13449
-5.13342
-5.13184
-5.12909
-5.12732
-5.12549
-5.12391
-5.12228
-5.12029
-5.11856
-5.11647
-5.11434
-5.11011
-5.10785
-5.10556
-5.10324
-5.10103
-5.0991
-5.09684
-5.09471
-5.09225
-5.08759
-5.08523
-5.08241
-5.07989
-5.07781
-5.07543
-5.07364
-5.07171
-5.06948
-5.06444
-5.06223
-5.05959
-5.05711
-5.05479
-5.05235
-5.05008
-5.04798
-5.0459
-5.04123
-5.03909
-5.03683
-5.03506
-5.03272
-5.03087
-5.02875
-5.02698
-5.02509
-5.02145
-5.0197
-5.01768
-5.01602
-5.01439
-5.01297
-5.01129
-5.00982
-5.00854
-5.00598
-5.0047
-5.00362
-5.00245
-5.00132
-5.00025
-4.99939
-4.99872
-4.99782
-4.99586
-4.99497
-4.99414
-4.99366
-4.99295
-4.99244
-4.992
-4.99146
-4.99129
-4.99099
-4.99102
-4.99096
-4.99112
-4.99074
-4.99088
-4.9911
-4.99139
-4.99175
-4.99269
-4.99297
-4.99378
-4.99467
-4.99548
-4.99621
-4.99717
-4.99836
-4.99932
-5.00146
-5.00249
-5.00374
-5.00506
-5.0069
-5.00866
-5.01078
-5.0125
-5.01444
-5.01816
-5.0201
-5.02208
-5.0241
-5.02601
-5.02825
-5.03052
-5.03282
-5.03499
-5.03921
-5.04141
-5.04361
-5.04581
-5.04831
-5.05035
-5.05283
-5.05483
-5.05712
-5.06116
-5.06321
-5.06523
-5.06736
-5.06914
-5.07073
-5.07243
-5.07438
-5.07598
-5.07948
-5.08092
-5.08275
-5.08439
-5.08596
-5.08747
-5.08878
-5.09003
-5.09152
-5.09358
-5.09444
-5.09526
-5.09586
-5.09626
-5.09737
-5.09812
-5.09913
-5.09979
-5.10081
-5.10164
-5.10228
-5.10288
-5.10315
-5.10339
-5.10344
-5.10377
-5.10422
-5.10431
-5.10471
-5.10494
-5.105
-5.1049
-5.10525
-5.10529
-5.10548
-5.10536
-5.10602
-5.10666
-5.1067
-5.1072
-5.10755
-5.10761
-5.10813
-5.10821
-5.10874
-5.10925
-5.10952
-5.10965
-5.10978
-5.11039
-5.11085
-5.11116
-5.11149
-5.11198
-5.11327
-5.11393
-5.11399
-5.11481
-5.11518
-5.1157
-5.11622
-5.11644
-5.11695
-5.11753
-5.11788
-5.11839
-5.11918
-5.11907
-5.11924
-5.11972
-5.12018
-5.12017
-5.12029
-5.12025
-5.12051
-5.1209
-5.12113
-5.12135
-5.12156
-5.12176
-5.12179
-5.12227
-5.12272
-5.12301
-5.12314
-5.12326
-5.12398
-5.12363
-5.12373
-5.12352
-5.12354
-5.12333
-5.12371
-5.1238
-5.12388
-5.12382
-5.12377
-5.12387
-5.12398
-5.12423
-5.12422
-5.12454
-5.12472
-5.12491
-5.12528
-5.12537
-5.12594
-5.12607
-5.12689
-5.12757
-5.12813
-5.12842
-5.12904
-5.12941
-5.13011
-5.13069
-5.13132
-5.1327
-5.13345
-5.13394
-5.13433
-5.13491
-5.13629
-5.13726
-5.13782
-5.13902
-5.14187
-5.1429
-5.14427
-5.14553
-5.14712
-5.1483
-5.14967
-5.15091
-5.15204
-5.15497
-5.15647
-5.15784
-5.15953
-5.16108
-5.16248
-5.16389
-5.16576
-5.16733
-5.17029
-5.17183
-5.17291
-5.17427
-5.17575
-5.17691
-5.17788
-5.17958
-5.18109
-5.18384
-5.18506
-5.18624
-5.18721
-5.18797
-5.18868
-5.18992
-5.19065
-5.19146
-5.19303
-5.19408
-5.19461
-5.1949
-5.19528
-5.19557
-5.19593
-5.19576
-5.19596
-5.19582
-5.19547
-5.19519
-5.19484
-5.19455
-5.19433
-5.19373
-5.1932
-5.19245
-5.1907
-5.18957
-5.18866
-5.18723
-5.18619
-5.18508
-5.1839
-5.18266
-5.18121
-5.17784
-5.17592
-5.1741
-5.17254
-5.17108
-5.16913
-5.16729
-5.16527
-5.16321
-5.16006
-5.15808
-5.15592
-5.15374
-5.15155
-5.14965
-5.1479
-5.14568
-5.14362
-5.14011
-5.1379
-5.13586
-5.13384
-5.13152
-5.12908
-5.12725
-5.12545
-5.12383
-5.12021
-5.11838
-5.11642
-5.1145
-5.11291
-5.11106
-5.10909
-5.10792
-5.10634
-5.10314
-5.10182
-5.1007
-5.09947
-5.09797
-5.09667
-5.096
-5.09463
-5.09343
-5.0907
-5.08961
-5.08901
-5.08753
-5.08637
-5.08555
-5.08475
-5.08382
-5.08291
-5.08098
-5.08011
-5.0794
-5.07855
-5.07756
-5.07671
-5.07557
-5.07472
-5.07387
-5.07231
-5.07144
-5.07041
-5.06981
-5.06875
-5.06798
-5.06673
-5.06577
-5.06479
-5.06263
-5.06158
-5.06037
-5.05929
-5.05818
-5.05735
-5.05696
-5.05579
-5.0546
-5.05201
-5.05077
-5.04966
-5.04838
-5.04724
-5.04579
-5.04463
-5.04331
-5.04183
-5.03915
-5.03781
-5.03646
-5.03512
-5.03378
-5.03245
-5.03097
-5.0298
-5.02849
-5.02486
-5.02314
-5.02189
-5.0205
-5.01914
-5.0178
-5.01662
-5.01532
-5.01404
-5.012
-5.01078
-5.0099
-5.00873
-5.00804
-5.00707
-5.00627
-5.00535
-5.0049
-5.00287
-5.00219
-5.00137
-5.00028
-4.99996
-4.9992
-4.99831
-4.99729
-4.99659
-4.99509
-4.99443
-4.99349
-4.99272
-4.99272
-4.99212
-4.99124
-4.99083
-4.99028
-4.98937
-4.98902
-4.98837
-4.98775
-4.98714
-4.98685
-4.98642
-4.98617
-4.98578
-4.98446
-4.98428
-4.98382
-4.98384
-4.98358
-4.98334
-4.98298
-4.98295
-4.98339
-4.98329
-4.98321
-4.98315
-4.98328
-4.98342
-4.98345
-4.9835
-4.98358
-4.98369
-4.98443
-4.98447
-4.98453
-4.98461
-4.98487
-4.98485
-4.98486
-4.98565
-4.9857
-4.98662
-4.98719
-4.98747
-4.98777
-4.98824
-4.98873
-4.98924
-4.98991
-4.99059
-4.99154
-4.99211
-4.99285
-4.99329
-4.99404
-4.9945
-4.99497
-4.99575
-4.99624
-4.99783
-4.99834
-4.999
-4.99982
-5.00049
-5.00132
-5.0017
-5.00269
-5.00338
-5.00508
-5.00578
-5.00633
-5.00674
-5.007
-5.00756
-5.00813
-5.00916
-5.00988
-5.0112
-5.01224
-5.01298
-5.01373
-5.01448
-5.0154
-5.01662
-5.01739
-5.01847
-5.02021
-5.02057
-5.02153
-5.02251
-5.02274
-5.02314
-5.02401
-5.02473
-5.02562
-5.0273
-5.02824
-5.02966
-5.03079
-5.03209
-5.03311
-5.03385
-5.03477
-5.03587
-5.03814
-5.03917
-5.04038
-5.04178
-5.04306
-5.04422
-5.04572
-5.04695
-5.04837
-5.05164
-5.05304
-5.05447
-5.05611
-5.05778
-5.05936
-5.06128
-5.06294
-5.0648
-5.06852
-5.07067
-5.07242
-5.07437
-5.07666
-5.0784
-5.08094
-5.08322
-5.0854
-5.09002
-5.09262
-5.09481
-5.09748
-5.10035
-5.10294
-5.10526
-5.10776
-5.11058
-5.11615
-5.11904
-5.12195
-5.12441
-5.12718
-5.13027
-5.1329
-5.13568
-5.13847
-5.14432
-5.14692
-5.14982
-5.15224
-5.15495
-5.15748
-5.15983
-5.16246
-5.16506
-5.16999
-5.17203
-5.17478
-5.17703
-5.17909
-5.1814
-5.18412
-5.18602
-5.18833
-5.19249
-5.19448
-5.19656
-5.19813
-5.19963
-5.20153
-5.20322
-5.20484
-5.20655
-5.20977
-5.21113
-5.21228
-5.21336
-5.21422
-5.21531
-5.21619
-5.217
-5.21805
-5.21964
-5.22049
-5.22067
-5.22124
-5.22174
-5.22203
-5.22271
-5.22302
-5.22358
-5.22406
-5.22428
-5.22445
-5.22426
-5.22432
-5.22387
-5.22352
-5.22341
-5.2228
-5.22205
-5.22175
-5.22125
-5.22025
-5.21966
-5.21933
-5.21881
-5.2184
-5.21795
-5.21602
-5.21485
-5.2141
-5.21286
-5.21189
-5.21073
-5.20954
-5.20847
-5.20753
-5.20493
-5.20374
-5.20253
-5.20114
-5.19987
-5.19857
-5.1971
-5.19575
-5.19438
-5.19188
-5.19059
-5.18913
-5.18765
-5.186
-5.18449
-5.1828
-5.18125
-5.17983
-5.17665
-5.17503
-5.17371
-5.17253
-5.17059
-5.16878
-5.16728
-5.16546
-5.1641
-5.16121
-5.15939
-5.15742
-5.1553
-5.15334
-5.15169
-5.1499
-5.14857
-5.14696
-5.14346
-5.14158
-5.14003
-5.13834
-5.13683
-5.13534
-5.13387
-5.13228
-5.13071
-5.12796
-5.12648
-5.12532
-5.1239
-5.12296
-5.1219
-5.12057
-5.11881
-5.11755
-5.11526
-5.1141
-5.11296
-5.11171
-5.11124
-5.11051
-5.10935
-5.10868
-5.10789
-5.10609
-5.10553
-5.10486
-5.10421
-5.10389
-5.10345
-5.10258
-5.10219
-5.10137
-5.10071
-5.10042
-5.10014
-5.09974
-5.09936
-5.09914
-5.0988
-5.09847
-5.09832
-5.09775
-5.09764
-5.09724
-5.09701
-5.09679
-5.09643
-5.09639
-5.0962
-5.09633
-5.0957
-5.09555
-5.0954
-5.09541
-5.09588
-5.0956
-5.09531
-5.09503
-5.09476
-5.0948
-5.09497
-5.09453
-5.09439
-5.0941
-5.09395
-5.0938
-5.09334
-5.09332
-5.09327
-5.09308
-5.09273
-5.09283
-5.09277
-5.09254
-5.092
-5.09145
-5.0912
-5.0905
-5.09006
-5.08977
-5.08916
-5.08839
-5.08822
-5.08773
-5.08724
-5.08674
-5.08586
-5.08549
-5.08481
-5.08428
-5.08359
-5.0829
-5.08265
-5.08256
-5.08216
-5.08135
-5.08095
-5.08054
-5.08014
-5.07989
-5.07964
-5.07954
-5.07914
-5.07874
-5.07826
-5.07787
-5.07734
-5.0768
-5.07642
-5.07605
-5.07567
-5.07515
-5.07464
-5.07361
-5.07325
-5.07305
-5.073
-5.07295
-5.07261
-5.07256
-5.07222
-5.07172
-5.07134
-5.07085
-5.07035
-5.07015
-5.06996
-5.07021
-5.0697
-5.0695
-5.06899
-5.0681
-5.06757
-5.06674
-5.06651
-5.06596
-5.06571
-5.06561
-5.06519
-5.06417
-5.06344
-5.06284
-5.06238
-5.06176
-5.06158
-5.06139
-5.06103
-5.06127
-5.06058
-5.05917
-5.05845
-5.05816
-5.05755
-5.05678
-5.05598
-5.05547
-5.05464
-5.05395
-5.05189
-5.05113
-5.0505
-5.0497
-5.04872
-5.04772
-5.04685
-5.04595
-5.04503
-5.04281
-5.04197
-5.0411
-5.04006
-5.03929
-5.0382
-5.03708
-5.03594
-5.03462
-5.03238
-5.03115
-5.0299
-5.02864
-5.02706
-5.02561
-5.02415
-5.02268
-5.0212
-5.01897
-5.01748
-5.01613
-5.01479
-5.01346
-5.01228
-5.01112
-5.00997
-5.00884
-5.00605
-5.00485
-5.00383
-5.00284
-5.0022
-5.001
-5
-4.99919
-4.99875
-4.99697
-4.99641
-4.9953
-4.99503
-4.99452
-4.99393
-4.99373
-4.99345
-4.99326
-4.99296
-4.99317
-4.99361
-4.99369
-4.994
-4.99455
-4.99488
-4.99546
-4.99611
-4.99752
-4.99796
-4.99909
-5.00029
-5.00142
-5.00261
-5.00372
-5.0052
-5.00673
-5.00966
-5.01075
-5.01233
-5.0138
-5.01515
-5.01684
-5.01825
-5.02058
-5.02263
-5.02616
-5.02792
-5.02984
-5.03174
-5.03349
-5.03536
-5.03676
-5.03829
-5.04069
-5.04403
-5.04541
-5.04704
-5.04803
-5.04911
-5.05059
-5.05201
-5.05321
-5.05435
-5.05597
-5.05705
-5.05836
-5.05929
-5.06014
-5.06091
-5.06175
-5.06221
-5.06288
-5.06368
-5.06336
-5.06355
-5.0635
-5.06337
-5.06316
-5.06302
-5.06249
-5.06188
-5.06072
-5.06017
-5.0594
-5.05825
-5.05733
-5.05649
-5.05543
-5.05445
-5.05356
-5.05085
-5.04933
-5.04776
-5.04584
-5.04447
-5.04261
-5.0407
-5.03906
-5.03739
-5.03379
-5.03219
-5.03025
-5.02861
-5.02725
-5.02573
-5.0236
-5.02177
-5.01993
-5.01643
-5.01477
-5.01312
-5.01148
-5.00987
-5.00812
-5.00625
-5.00471
-5.00305
-4.99967
-4.99796
-4.9963
-4.99468
-4.9931
-4.99126
-4.98978
-4.9882
-4.98697
-4.98438
-4.98377
-4.98277
-4.98182
-4.98079
-4.98012
-4.97936
-4.97896
-4.97848
-4.97741
-4.97666
-4.97614
-4.97598
-4.97573
-4.97585
-4.97558
-4.97553
-4.97554
-4.9759
-4.97625
-4.97651
-4.97684
-4.97722
-4.9775
-4.9783
-4.97886
-4.97931
-4.98084
-4.9816
-4.98227
-4.98282
-4.98373
-4.98482
-4.98581
-4.98669
-4.98775
-4.98982
-4.99127
-4.9923
-4.99365
-4.99487
-4.99626
-4.99782
-4.99938
-5.00065
-5.00289
-5.00416
-5.00542
-5.00682
-5.0082
-5.00957
-5.01092
-5.01164
-5.01233
-5.01452
-5.01511
-5.01596
-5.01721
-5.01796
-5.01866
-5.01961
-5.0205
-5.02133
-5.02279
-5.02326
-5.02367
-5.024
-5.0238
-5.02444
-5.02438
-5.0247
-5.02434
-5.02411
-5.02379
-5.02309
-5.02275
-5.02202
-5.02136
-5.02045
-5.01947
-5.01885
-5.01705
-5.01587
-5.01446
-5.01313
-5.01171
-5.01007
-5.00866
-5.00703
-5.00533
-5.00189
-4.99986
-4.99838
-4.9964
-4.99453
-4.99247
-4.99037
-4.9884
-4.98625
-4.98175
-4.98001
-4.97797
-4.97564
-4.97361
-4.97206
-4.96977
-4.96766
-4.96559
-4.96141
-4.95962
-4.95758
-4.95575
-4.95354
-4.95184
-4.95021
-4.94851
-4.94704
-4.94448
-4.94355
-4.9424
-4.94119
-4.94036
-4.93962
-4.93865
-4.93807
-4.93727
-4.93619
-4.93546
-4.9348
-4.93465
-4.93457
-4.93424
-4.93442
-4.93465
-4.93462
-4.93468
-4.93476
-4.93517
-4.93546
-4.93592
-4.93625
-4.93599
-4.93619
-4.93641
-4.93731
-4.93753
-4.93776
-4.93769
-4.93822
-4.93845
-4.93868
-4.93921
-4.93943
-4.94003
-4.93995
-4.94018
-4.94026
-4.94019
-4.94043
-4.94068
-4.9408
-4.94107
-4.94152
-4.942
-4.94219
-4.94241
-4.94281
-4.94323
-4.94354
-4.94402
-4.94439
-4.94568
-4.94645
-4.94726
-4.94811
-4.94885
-4.94947
-4.95059
-4.95099
-4.95203
-4.95392
-4.95477
-4.95596
-4.95702
-4.95857
-4.9597
-4.96101
-4.96188
-4.96324
-4.96525
-4.9662
-4.96717
-4.96815
-4.96915
-4.97075
-4.97236
-4.97383
-4.97529
-4.97807
-4.97937
-4.98052
-4.98196
-4.98325
-4.98452
-4.98593
-4.98733
-4.98842
-4.99085
-4.99204
-4.99306
-4.99392
-4.99507
-4.99605
-4.99716
-4.99796
-4.99874
-5.00041
-5.00146
-5.00263
-5.00365
-5.0048
-5.00578
-5.0066
-5.00771
-5.00866
-5.01052
-5.01143
-5.01218
-5.01307
-5.01364
-5.01435
-5.01536
-5.0165
-5.01717
-5.01894
-5.01973
-5.0205
-5.02111
-5.02185
-5.02273
-5.02344
-5.02413
-5.02466
-5.02625
-5.02657
-5.02686
-5.02759
-5.02814
-5.02867
-5.02933
-5.02966
-5.03027
-5.03081
-5.03105
-5.0314
-5.03188
-5.03249
-5.03276
-5.03255
-5.03307
-5.03311
-5.03371
-5.03397
-5.03404
-5.03394
-5.03411
-5.03396
-5.03438
-5.03417
-5.03408
-5.03413
-5.03397
-5.03348
-5.03342
-5.03349
-5.03323
-5.03311
-5.03266
-5.03234
-5.03135
-5.03143
-5.03089
-5.03079
-5.03037
-5.02994
-5.02935
-5.02889
-5.02903
-5.02776
-5.02697
-5.02646
-5.02626
-5.02529
-5.02491
-5.02439
-5.0234
-5.02256
-5.02086
-5.02016
-5.0196
-5.01888
-5.01847
-5.01805
-5.01747
-5.01704
-5.01629
-5.0154
-5.01464
-5.01402
-5.01384
-5.0129
-5.01211
-5.0113
-5.01048
-5.00964
-5.00779
-5.00706
-5.00663
-5.00587
-5.0048
-5.00417
-5.00322
-5.00225
-5.00172
-5.00031
-4.99944
-4.99809
-4.99704
-4.99597
-4.9952
-4.99427
-4.99347
-4.99253
-4.99092
-4.98981
-4.9887
-4.98774
-4.98664
-4.98569
-4.98475
-4.98351
-4.98259
-4.98094
-4.9799
-4.97873
-4.97803
-4.97735
-4.97623
-4.97513
-4.97464
-4.97387
-4.97253
-4.97181
-4.97125
-4.97055
-4.96986
-4.96887
-4.96804
-4.96722
-4.9667
-4.96567
-4.965
-4.96432
-4.96379
-4.96295
-4.9624
-4.96168
-4.9608
-4.96036
-4.95898
-4.95818
-4.95722
-4.95669
-4.95584
-4.95512
-4.95378
-4.95303
-4.95242
-4.95039
-4.94943
-4.94831
-4.94748
-4.94635
-4.94537
-4.94454
-4.94386
-4.94258
-4.94082
-4.93989
-4.93898
-4.93809
-4.93722
-4.93639
-4.93559
-4.93482
-4.93425
-4.93295
-4.93237
-4.932
-4.93138
-4.93067
-4.93017
-4.92974
-4.92952
-4.92952
-4.92928
-4.9295
-4.92963
-4.92939
-4.92952
-4.92988
-4.93031
-4.93051
-4.93124
-4.93215
-4.93294
-4.93379
-4.93471
-4.93583
-4.93702
-4.93812
-4.93911
-4.94016
-4.94269
-4.94448
-4.94569
-4.94709
-4.94837
-4.94967
-4.95085
-4.95235
-4.95386
-4.95796
-4.9598
-4.96133
-4.9627
-4.96422
-4.96573
-4.96692
-4.96825
-4.96956
-4.97225
-4.97379
-4.97469
-4.97602
-4.97746
-4.97887
-4.98009
-4.98142
-4.98272
-4.98474
-4.98577
-4.98691
-4.988
-4.98906
-4.98993
-4.99091
-4.99185
-4.99246
-4.99431
-4.99496
-4.99558
-4.99632
-4.99703
-4.99756
-4.99822
-4.99885
-4.99931
-5.00033
-5.00059
-5.00128
-5.00167
-5.00174
-5.00225
-5.00261
-5.00312
-5.00362
-5.00462
-5.00511
-5.00531
-5.00596
-5.00632
-5.00668
-5.00704
-5.00725
-5.00808
-5.00913
-5.00966
-5.01019
-5.01058
-5.01066
-5.01089
-5.01128
-5.01182
-5.0125
-5.0137
-5.01407
-5.01412
-5.01417
-5.01466
-5.01483
-5.01514
-5.01529
-5.01556
-5.01621
-5.01628
-5.01633
-5.01635
-5.01665
-5.01693
-5.01733
-5.0174
-5.01714
-5.01715
-5.0171
-5.01733
-5.01723
-5.0171
-5.01678
-5.01659
-5.01667
-5.01611
-5.01537
-5.01503
-5.01406
-5.01352
-5.01295
-5.01236
-5.0119
-5.01158
-5.01078
-5.01035
-5.00966
-5.00881
-5.00826
-5.00756
-5.00701
-5.0063
-5.0056
-5.00537
-5.00418
-5.00369
-5.00352
-5.00338
-5.00251
-5.00182
-5.00148
-5.00102
-5.00045
-5.00051
-5.00054
-5.00016
-5
-5.0002
-5.00015
-5.00032
-5.0004
-5.0007
-5.00164
-5.00214
-5.00301
-5.00365
-5.00435
-5.00543
-5.00642
-5.00717
-5.00799
-5.00997
-5.01128
-5.01204
-5.01332
-5.0145
-5.01588
-5.01732
-5.01881
-5.0205
-5.02341
-5.02477
-5.02649
-5.02839
-5.03004
-5.03187
-5.03374
-5.03565
-5.03745
-5.04236
-5.04411
-5.04636
-5.04819
-5.0502
-5.05226
-5.05451
-5.05679
-5.05911
-5.06418
-5.06677
-5.06925
-5.07176
-5.07462
-5.07706
-5.07969
-5.0825
-5.08505
-5.09023
-5.09286
-5.09551
-5.09818
-5.10086
-5.1034
-5.10641
-5.10896
-5.11165
-5.11747
-5.12057
-5.1235
-5.12639
-5.1291
-5.13191
-5.13422
-5.13692
-5.13926
-5.14403
-5.14615
-5.14834
-5.15074
-5.15244
-5.15434
-5.15629
-5.15829
-5.15987
-5.16284
-5.16407
-5.16548
-5.16647
-5.16718
-5.16806
-5.16835
-5.16928
-5.16946
-5.16959
-5.16953
-5.16919
-5.16932
-5.16886
-5.16842
-5.16785
-5.16686
-5.16603
-5.16416
-5.16296
-5.16179
-5.16036
-5.1588
-5.15683
-5.15475
-5.15272
-5.15012
-5.14537
-5.14278
-5.14039
-5.13791
-5.13519
-5.13224
-5.12936
-5.1267
-5.12382
-5.1177
-5.11507
-5.11208
-5.10874
-5.10534
-5.1022
-5.09887
-5.0952
-5.09164
-5.08475
-5.08097
-5.07733
-5.07398
-5.07061
-5.0668
-5.06298
-5.05932
-5.05537
-5.04782
-5.04453
-5.04126
-5.03788
-5.03453
-5.03091
-5.02734
-5.02381
-5.02018
-5.01384
-5.01069
-5.00759
-5.00471
-5.00174
-4.99854
-4.99572
-4.99266
-4.98968
-4.98364
-4.98104
-4.97867
-4.97608
-4.97388
-4.97175
-4.96985
-4.96803
-4.96615
-4.96261
-4.96096
-4.95969
-4.95805
-4.95679
-4.95546
-4.95435
-4.95301
-4.9519
-4.95006
-4.94932
-4.94866
-4.94761
-4.94694
-4.94604
-4.94551
-4.9446
-4.94406
-4.9435
-4.94333
-4.94309
-4.94292
-4.94297
-4.9431
-4.94286
-4.943
-4.94322
-4.94437
-4.9456
-4.94647
-4.94728
-4.94802
-4.94917
-4.94995
-4.95114
-4.95272
-4.9556
-4.95719
-4.95904
-4.96084
-4.96275
-4.96476
-4.96658
-4.96896
-4.97144
-4.97611
-4.97875
-4.98149
-4.98402
-4.98726
-4.99043
-4.99339
-4.99689
-5.00002
-5.00666
-5.01016
-5.01373
-5.01765
-5.02118
-5.02522
-5.02884
-5.03266
-5.03681
-5.04398
-5.04789
-5.05182
-5.05606
-5.06014
-5.06406
-5.06752
-5.07172
-5.0756
-5.08325
-5.08733
-5.09106
-5.09459
-5.09837
-5.10179
-5.10515
-5.1089
-5.11212
-5.11864
-5.12163
-5.12454
-5.12781
-5.13039
-5.13317
-5.13601
-5.13861
-5.14125
-5.14562
-5.1475
-5.14958
-5.15139
-5.15294
-5.15499
-5.15617
-5.15755
-5.15911
-5.16175
-5.16253
-5.1632
-5.16391
-5.16465
-5.16529
-5.16568
-5.16595
-5.16642
-5.16676
-5.16662
-5.16654
-5.16605
-5.16532
-5.1654
-5.16509
-5.16484
-5.16404
-5.16266
-5.16176
-5.16048
-5.15927
-5.15799
-5.15678
-5.1555
-5.15399
-5.15257
-5.14981
-5.14803
-5.14649
-5.14444
-5.14247
-5.14045
-5.13821
-5.13622
-5.13387
-5.12945
-5.12709
-5.12512
-5.12235
-5.11968
-5.11726
-5.11449
-5.11197
-5.10971
-5.10428
-5.10142
-5.09851
-5.09556
-5.09271
-5.08982
-5.08734
-5.08466
-5.08179
-5.07533
-5.07219
-5.06916
-5.06579
-5.06254
-5.0588
-5.05548
-5.05198
-5.0489
-5.0422
-5.03873
-5.03494
-5.03127
-5.02804
-5.02449
-5.02077
-5.01749
-5.01374
-5.00622
-5.0026
-4.99882
-4.99504
-4.99156
-4.98794
-4.98447
-4.98086
-4.97725
-4.97008
-4.96682
-4.96343
-4.95975
-4.9564
-4.95308
-4.95008
-4.94727
-4.94388
-4.93674
-4.93376
-4.93051
-4.92744
-4.92442
-4.92114
-4.91835
-4.9153
-4.91245
-4.90674
-4.90372
-4.9009
-4.89814
-4.89557
-4.8929
-4.88998
-4.88726
-4.88489
-4.88017
-4.87781
-4.87535
-4.87324
-4.87134
-4.8692
-4.86695
-4.86476
-4.86262
-4.85882
-4.85669
-4.85493
-4.85353
-4.85188
-4.85044
-4.84891
-4.84744
-4.84603
-4.84339
-4.84201
-4.84084
-4.8399
-4.83871
-4.83729
-4.83625
-4.83512
-4.83421
-4.83306
-4.83283
-4.83282
-4.83244
-4.83213
-4.83191
-4.83161
-4.8317
-4.83172
-4.83186
-4.83229
-4.83281
-4.83311
-4.83381
-4.83459
-4.83516
-4.83583
-4.83658
-4.83867
-4.84015
-4.84157
-4.84294
-4.84439
-4.84608
-4.84757
-4.84944
-4.85125
-4.85527
-4.85733
-4.85947
-4.86155
-4.8637
-4.86607
-4.86883
-4.8718
-4.8744
-4.87978
-4.88226
-4.88526
-4.88831
-4.89112
-4.89427
-4.89733
-4.90043
-4.90357
-4.90996
-4.91321
-4.91664
-4.91995
-4.92343
-4.92693
-4.93075
-4.93428
-4.93767
-4.94401
-4.94757
-4.95097
-4.95421
-4.95745
-4.96128
-4.96464
-4.96769
-4.97117
-4.97761
-4.98072
-4.98379
-4.98729
-4.9906
-4.99372
-4.99695
-4.99999
-5.00329
-5.00914
-5.01214
-5.0154
-5.01815
-5.02084
-5.02317
-5.0259
-5.02841
-5.03072
-5.03514
-5.0371
-5.0393
-5.04144
-5.04335
-5.0452
-5.04713
-5.04884
-5.05064
-5.05327
-5.05471
-5.05608
-5.05753
-5.05907
-5.06069
-5.06133
-5.06237
-5.06364
-5.06553
-5.06631
-5.06702
-5.06797
-5.06856
-5.06939
-5.07001
-5.07043
-5.07093
-5.07178
-5.07243
-5.07243
-5.07252
-5.07271
-5.07271
-5.07281
-5.07271
-5.07272
-5.07216
-5.07189
-5.07173
-5.07169
-5.07146
-5.07134
-5.07118
-5.07099
-5.07046
-5.06961
-5.06914
-5.06864
-5.06811
-5.06724
-5.06681
-5.06619
-5.0657
-5.06534
-5.06377
-5.06319
-5.06273
-5.06194
-5.06114
-5.06047
-5.05963
-5.05877
-5.05805
-5.05656
-5.05579
-5.05486
-5.05407
-5.05312
-5.05186
-5.05073
-5.04991
-5.04923
-5.04739
-5.04624
-5.04554
-5.04393
-5.04292
-5.04252
-5.04121
-5.0402
-5.03904
-5.03702
-5.03571
-5.03485
-5.03368
-5.03283
-5.03181
-5.03065
-5.02978
-5.02877
-5.02656
-5.02508
-5.02404
-5.02299
-5.02178
-5.02116
-5.01978
-5.01839
-5.01699
-5.01474
-5.0136
-5.01258
-5.01095
-5.0096
-5.00808
-5.00655
-5.0056
-5.00448
-5.00204
-5.00072
-4.99924
-4.99789
-4.99669
-4.99532
-4.99411
-4.99259
-4.99107
-4.98837
-4.98704
-4.98559
-4.98446
-4.98337
-4.98262
-4.98132
-4.98053
-4.97935
-4.97752
-4.97658
-4.97574
-4.97545
-4.97513
-4.97492
-4.9747
-4.97445
-4.9745
-4.97473
-4.97522
-4.97587
-4.97669
-4.97751
-4.97865
-4.98025
-4.9817
-4.98331
-4.98714
-4.98919
-4.99123
-4.99354
-4.99582
-4.9985
-5.00145
-5.00417
-5.00683
-5.01217
-5.0153
-5.01891
-5.02149
-5.02422
-5.02696
-5.02984
-5.03285
-5.03583
-5.04196
-5.04465
-5.04758
-5.05013
-5.05261
-5.05515
-5.05777
-5.05999
-5.06226
-5.06637
-5.0685
-5.07052
-5.07243
-5.07394
-5.07549
-5.07649
-5.07768
-5.07906
-5.08182
-5.08275
-5.08312
-5.0837
-5.08448
-5.08501
-5.0856
-5.0861
-5.08651
-5.08708
-5.08693
-5.08701
-5.08671
-5.08663
-5.08632
-5.0861
-5.08565
-5.08528
-5.08419
-5.08332
-5.08209
-5.0814
-5.08034
-5.07938
-5.07836
-5.07728
-5.07599
-5.07355
-5.0721
-5.0709
-5.0701
-5.06864
-5.06713
-5.06557
-5.06411
-5.06261
-5.0593
-5.05751
-5.05566
-5.05392
-5.05229
-5.05032
-5.0483
-5.04624
-5.04399
-5.03997
-5.03822
-5.03597
-5.03369
-5.03092
-5.02843
-5.02606
-5.02351
-5.02109
-5.01617
-5.01354
-5.01104
-5.00837
-5.00584
-5.00346
-5.00107
-4.99837
-4.99597
-4.99119
-4.98866
-4.98629
-4.98363
-4.98113
-4.97836
-4.97591
-4.97348
-4.97094
-4.96624
-4.96395
-4.96184
-4.95963
-4.95732
-4.95565
-4.95329
-4.95143
-4.94947
-4.94575
-4.94413
-4.94258
-4.94109
-4.93938
-4.93804
-4.93663
-4.93544
-4.93448
-4.93236
-4.93164
-4.93101
-4.93017
-4.92971
-4.92903
-4.92829
-4.92794
-4.92767
-4.92726
-4.9271
-4.92704
-4.92721
-4.92732
-4.92781
-4.92794
-4.92845
-4.92874
-4.93001
-4.93068
-4.93128
-4.93211
-4.933
-4.93411
-4.93529
-4.93669
-4.93769
-4.94017
-4.9418
-4.94302
-4.94443
-4.94605
-4.94754
-4.94893
-4.95035
-4.95179
-4.95507
-4.95688
-4.95857
-4.96041
-4.96257
-4.96429
-4.96601
-4.96773
-4.9693
-4.97227
-4.97396
-4.97565
-4.97703
-4.97869
-4.98064
-4.98228
-4.98389
-4.98534
-4.98849
-4.98989
-4.99127
-4.99294
-4.9949
-4.9964
-4.99803
-4.99981
-5.00143
-5.00452
-5.00599
-5.00761
-5.00894
-5.01058
-5.01193
-5.01361
-5.01515
-5.01686
-5.0199
-5.0217
-5.02352
-5.02507
-5.02696
-5.02888
-5.03068
-5.03252
-5.03439
-5.03838
-5.04064
-5.04249
-5.0442
-5.0464
-5.04861
-5.05054
-5.05218
-5.05414
-5.05836
-5.06002
-5.06198
-5.06438
-5.06661
-5.06883
-5.07088
-5.07321
-5.0752
-5.07955
-5.0816
-5.08346
-5.08528
-5.08752
-5.08895
-5.09065
-5.0926
-5.09436
-5.09745
-5.09893
-5.09992
-5.10118
-5.1027
-5.10403
-5.10518
-5.1063
-5.108
-5.11028
-5.11146
-5.11263
-5.11364
-5.11464
-5.11563
-5.11677
-5.11806
-5.1192
-5.12149
-5.12296
-5.12413
-5.12516
-5.12636
-5.12743
-5.12851
-5.12991
-5.13103
-5.13439
-5.13541
-5.13646
-5.13797
-5.13935
-5.14075
-5.14201
-5.14358
-5.14501
-5.14775
-5.1492
-5.1505
-5.15195
-5.1537
-5.15499
-5.15642
-5.15784
-5.1591
-5.1617
-5.16289
-5.1642
-5.16533
-5.16597
-5.16703
-5.1682
-5.16963
-5.17086
-5.17317
-5.1744
-5.17511
-5.17592
-5.17636
-5.17704
-5.17781
-5.17805
-5.17853
-5.17942
-5.17952
-5.17971
-5.17966
-5.17954
-5.17964
-5.17951
-5.17914
-5.179
-5.17803
-5.1775
-5.17688
-5.17634
-5.17542
-5.17457
-5.17349
-5.17217
-5.17079
-5.16854
-5.16754
-5.16631
-5.16501
-5.16379
-5.16235
-5.1607
-5.15868
-5.1569
-5.153
-5.15134
-5.14903
-5.1468
-5.14468
-5.14251
-5.13983
-5.13787
-5.13556
-5.1305
-5.12807
-5.12545
-5.12295
-5.12042
-5.11741
-5.11513
-5.11252
-5.10974
-5.10491
-5.10255
-5.09958
-5.09692
-5.09412
-5.09132
-5.08869
-5.08608
-5.0832
-5.07845
-5.07629
-5.07374
-5.07155
-5.06957
-5.06753
-5.06511
-5.06339
-5.06177
-5.0581
-5.05651
-5.05536
-5.0542
-5.05302
-5.05199
-5.05097
-5.05055
-5.05031
-5.04925
-5.04921
-5.04934
-5.04919
-5.04967
-5.05032
-5.05069
-5.05183
-5.05298
-5.05622
-5.058
-5.05991
-5.06166
-5.06369
-5.06584
-5.0681
-5.07062
-5.07292
-5.07763
-5.08032
-5.08322
-5.08585
-5.08883
-5.09169
-5.09456
-5.09714
-5.09988
-5.10578
-5.10847
-5.11144
-5.11408
-5.11667
-5.11921
-5.12186
-5.12445
-5.12713
-5.13215
-5.13417
-5.13643
-5.1386
-5.14055
-5.14348
-5.14542
-5.14774
-5.14922
-5.15283
-5.15481
-5.15611
-5.15732
-5.1586
-5.1595
-5.16061
-5.16119
-5.16184
-5.16381
-5.16497
-5.16545
-5.16615
-5.16663
-5.16717
-5.16749
-5.16788
-5.16804
-5.16797
-5.16804
-5.16788
-5.16749
-5.16748
-5.16693
-5.16614
-5.16573
-5.16462
-5.16321
-5.16245
-5.16114
-5.16004
-5.1587
-5.15741
-5.15587
-5.15424
-5.1528
-5.14901
-5.14696
-5.1451
-5.14253
-5.1403
-5.13766
-5.13536
-5.13265
-5.13028
-5.12459
-5.12203
-5.1189
-5.11597
-5.11309
-5.1098
-5.10625
-5.10246
-5.09872
-5.09098
-5.08684
-5.08278
-5.07836
-5.07433
-5.0701
-5.06599
-5.0614
-5.05755
-5.0485
-5.04422
-5.03983
-5.03564
-5.03166
-5.02761
-5.02364
-5.01979
-5.01605
-5.00915
-5.00602
-5.00335
-5.00028
-4.99724
-4.99487
-4.99241
-4.99032
-4.98846
-4.98528
-4.98412
-4.98304
-4.98219
-4.98157
-4.98133
-4.98144
-4.98147
-4.98183
-4.98296
-4.98339
-4.98442
-4.98528
-4.9864
-4.98718
-4.98819
-4.99002
-4.99191
-4.99578
-4.99728
-4.99908
-5.00071
-5.0023
-5.00369
-5.00503
-5.00661
-5.00811
-5.01054
-5.01162
-5.01244
-5.0133
-5.01406
-5.01485
-5.01538
-5.01594
-5.01608
-5.01663
-5.0166
-5.0163
-5.01576
-5.01526
-5.01483
-5.01447
-5.01433
-5.01336
-5.012
-5.01101
-5.01013
-5.00922
-5.00843
-5.00687
-5.00574
-5.00477
-5.0035
-5.00174
-5.00067
-4.99962
-4.99891
-4.99779
-4.99685
-4.99612
-4.99558
-4.99479
-4.99351
-4.99273
-4.99231
-4.99179
-4.99162
-4.99181
-4.9916
-4.99159
-4.99132
-4.99152
-4.99153
-4.99187
-4.99135
-4.99145
-4.99159
-4.99175
-4.99207
-4.99212
-4.9924
-4.99278
-4.99301
-4.99325
-4.99334
-4.99342
-4.99396
-4.99389
-4.99427
-4.99485
-4.9949
-4.99508
-4.99541
-4.99543
-4.99558
-4.99572
-4.99631
-4.99642
-4.99647
-4.9964
-4.99631
-4.99637
-4.99626
-4.99615
-4.99618
-4.99635
-4.99652
-4.99683
-4.99668
-4.99653
-4.99682
-4.99697
-4.99682
-4.99697
-4.99743
-4.99759
-4.99778
-4.99767
-4.99771
-4.99762
-4.99754
-4.99792
-4.99802
-4.99783
-4.99812
-4.99873
-4.99921
-4.99911
-4.99978
-4.99971
-4.99981
-4.99993
-5.00021
-5.00036
-5.0007
-5.00133
-5.00183
-5.00203
-5.00224
-5.00246
-5.00268
-5.0029
-5.00326
-5.00399
-5.0045
-5.0047
-5.00488
-5.0052
-5.00536
-5.00596
-5.00609
-5.00604
-5.0062
-5.00639
-5.00656
-5.00686
-5.00667
-5.00676
-5.00682
-5.0067
-5.007
-5.0066
-5.0062
-5.00622
-5.00606
-5.00601
-5.00608
-5.00596
-5.0055
-5.00531
-5.00452
-5.00391
-5.00357
-5.00289
-5.00233
-5.00172
-5.00108
-5.00039
-4.99981
-4.99869
-4.99784
-4.9968
-4.99586
-4.99518
-4.99401
-4.9928
-4.99214
-4.99129
-4.98855
-4.98727
-4.98549
-4.98381
-4.98225
-4.98079
-4.97913
-4.97774
-4.9763
-4.97286
-4.97115
-4.96941
-4.96763
-4.96581
-4.96412
-4.96224
-4.96064
-4.95855
-4.95416
-4.95216
-4.95015
-4.94812
-4.94638
-4.94433
-4.94228
-4.94008
-4.93804
-4.93398
-4.93197
-4.92984
-4.92788
-4.92596
-4.92392
-4.92223
-4.92043
-4.91807
-4.91536
-4.91365
-4.91217
-4.91091
-4.90958
-4.90865
-4.90736
-4.90646
-4.90551
-4.90379
-4.90318
-4.90283
-4.9023
-4.90204
-4.90176
-4.9016
-4.90187
-4.90226
-4.90359
-4.90422
-4.90512
-4.906
-4.90745
-4.90856
-4.90979
-4.91112
-4.91257
-4.91575
-4.91748
-4.9193
-4.92105
-4.92272
-4.92491
-4.92716
-4.92932
-4.93122
-4.93619
-4.9385
-4.94098
-4.94347
-4.94597
-4.94832
-4.95066
-4.9533
-4.95532
-4.95944
-4.96138
-4.96405
-4.96621
-4.96834
-4.97026
-4.97244
-4.97456
-4.97632
-4.97997
-4.9817
-4.98337
-4.98467
-4.9859
-4.98722
-4.98862
-4.98996
-4.99153
-4.99402
-4.99494
-4.99534
-4.99674
-4.99778
-4.99801
-4.99893
-4.9995
-5.00047
-5.00181
-5.00173
-5.00222
-5.00267
-5.00293
-5.00331
-5.00397
-5.00414
-5.00415
-5.00531
-5.00587
-5.00612
-5.00682
-5.00706
-5.00716
-5.00741
-5.00736
-5.00763
-5.00776
-5.00808
-5.00857
-5.00893
-5.00932
-5.01005
-5.0105
-5.01083
-5.01089
-5.01264
-5.01296
-5.01347
-5.01371
-5.0143
-5.01522
-5.01618
-5.01701
-5.01819
-5.01942
-5.02084
-5.02182
-5.02283
-5.02416
-5.02521
-5.02641
-5.02748
-5.02901
-5.03116
-5.03208
-5.03345
-5.0345
-5.03539
-5.03611
-5.03695
-5.03807
-5.03886
-5.04078
-5.04176
-5.04255
-5.04283
-5.04337
-5.04431
-5.04489
-5.04556
-5.04602
-5.04676
-5.04703
-5.04739
-5.04752
-5.04773
-5.04773
-5.04764
-5.04734
-5.04696
-5.04674
-5.04613
-5.04531
-5.04471
-5.04403
-5.04344
-5.04261
-5.04157
-5.0409
-5.03876
-5.03728
-5.03634
-5.03487
-5.03349
-5.03205
-5.03039
-5.02868
-5.0269
-5.02287
-5.02078
-5.01879
-5.01674
-5.01465
-5.01252
-5.01064
-5.00857
-5.00647
-5.00215
-5.00009
-4.99801
-4.99605
-4.99392
-4.99192
-4.98945
-4.98696
-4.98462
-4.97989
-4.97768
-4.97516
-4.97309
-4.97103
-4.96882
-4.96662
-4.96413
-4.96211
-4.95781
-4.95539
-4.95344
-4.95122
-4.94886
-4.94669
-4.9444
-4.94198
-4.93975
-4.93615
-4.93433
-4.93239
-4.93064
-4.92863
-4.92682
-4.92504
-4.92331
-4.92146
-4.91822
-4.91682
-4.91547
-4.91401
-4.9123
-4.91079
-4.90963
-4.90837
-4.90686
-4.90461
-4.90372
-4.90274
-4.90166
-4.90079
-4.89984
-4.89894
-4.89826
-4.8975
-4.89692
-4.89652
-4.89649
-4.89608
-4.89605
-4.89595
-4.89593
-4.896
-4.89629
-4.89715
-4.89772
-4.89822
-4.89882
-4.89921
-4.89985
-4.90074
-4.90218
-4.90327
-4.90545
-4.90699
-4.90864
-4.90993
-4.91178
-4.91328
-4.91519
-4.9175
-4.91975
-4.9241
-4.92664
-4.92912
-4.93184
-4.93465
-4.93724
-4.94037
-4.94327
-4.94579
-4.95119
-4.95452
-4.95776
-4.96135
-4.96515
-4.96854
-4.97212
-4.9759
-4.9791
-4.98605
-4.98948
-4.99322
-4.99668
-5.0003
-5.00377
-5.00693
-5.0104
-5.01401
-5.02118
-5.02489
-5.02843
-5.03133
-5.03482
-5.03826
-5.04152
-5.0449
-5.04792
-5.05445
-5.05764
-5.06078
-5.06372
-5.06705
-5.07048
-5.07355
-5.0761
-5.0789
-5.08399
-5.08659
-5.08883
-5.09099
-5.09324
-5.09588
-5.09829
-5.10034
-5.10276
-5.10635
-5.10842
-5.11041
-5.11204
-5.11359
-5.11477
-5.11634
-5.11799
-5.11928
-5.12194
-5.12318
-5.12435
-5.12576
-5.12666
-5.12719
-5.12827
-5.12898
-5.12949
-5.13095
-5.1316
-5.13189
-5.13259
-5.13279
-5.1334
-5.13366
-5.13403
-5.13421
-5.1346
-5.13482
-5.13485
-5.13486
-5.13559
-5.13569
-5.13607
-5.13657
-5.1369
-5.13646
-5.13643
-5.13624
-5.13635
-5.13628
-5.13606
-5.13598
-5.1362
-5.13626
-5.13577
-5.13612
-5.13617
-5.13653
-5.13643
-5.13664
-5.13639
-5.13631
-5.13607
-5.13607
-5.136
-5.1361
-5.13589
-5.13615
-5.13611
-5.13638
-5.13651
-5.13649
-5.13648
-5.13663
-5.1365
-5.13666
-5.13699
-5.13702
-5.13721
-5.13711
-5.13716
-5.13713
-5.13704
-5.13681
-5.13689
-5.13697
-5.13736
-5.1376
-5.13754
-5.13794
-5.13798
-5.13808
-5.13803
-5.13844
-5.13854
-5.13864
-5.13874
-5.13914
-5.13939
-5.13974
-5.13968
-5.13992
-5.14001
-5.14039
-5.14047
-5.14039
-5.14031
-5.14037
-5.14046
-5.14049
-5.14052
-5.14068
-5.14069
-5.14053
-5.14036
-5.14018
-5.14013
-5.14015
-5.13991
-5.1401
-5.13983
-5.13968
-5.13982
-5.13948
-5.13928
-5.1395
-5.13883
-5.13852
-5.1382
-5.13754
-5.13655
-5.13645
-5.13601
-5.13599
-5.13549
-5.13485
-5.13425
-5.13332
-5.1328
-5.1321
-5.13136
-5.13089
-5.12993
-5.12908
-5.12727
-5.126
-5.12485
-5.12396
-5.12318
-5.12206
-5.1209
-5.11985
-5.11877
-5.11573
-5.11422
-5.11284
-5.11141
-5.1101
-5.1086
-5.10722
-5.10566
-5.10406
-5.10137
-5.09968
-5.09796
-5.09591
-5.09413
-5.09233
-5.09082
-5.08867
-5.08696
-5.08334
-5.08143
-5.07996
-5.07833
-5.07624
-5.07444
-5.07249
-5.07054
-5.06859
-5.0644
-5.06262
-5.0607
-5.05909
-5.05705
-5.05502
-5.05347
-5.05134
-5.04939
-5.04648
-5.04507
-5.0434
-5.04162
-5.04003
-5.03833
-5.03684
-5.03539
-5.03384
-5.03152
-5.03044
-5.02958
-5.02848
-5.02759
-5.02677
-5.02617
-5.02549
-5.02473
-5.02357
-5.02302
-5.02271
-5.02246
-5.02214
-5.0222
-5.02173
-5.02149
-5.02177
-5.02212
-5.02249
-5.02277
-5.02298
-5.02371
-5.02466
-5.02523
-5.02557
-5.02627
-5.02772
-5.02876
-5.02956
-5.03056
-5.03162
-5.03274
-5.0336
-5.0345
-5.03575
-5.03763
-5.039
-5.03995
-5.04138
-5.04284
-5.04433
-5.04583
-5.04721
-5.04875
-5.05203
-5.0539
-5.05563
-5.05691
-5.05864
-5.06036
-5.06208
-5.06378
-5.06487
-5.06806
-5.06969
-5.07116
-5.07259
-5.074
-5.07537
-5.07686
-5.07831
-5.07957
-5.08182
-5.08295
-5.08373
-5.08461
-5.08573
-5.08711
-5.08798
-5.08864
-5.08923
-5.09024
-5.0908
-5.09159
-5.09201
-5.09222
-5.0925
-5.09271
-5.09301
-5.09278
-5.09225
-5.09195
-5.09172
-5.09097
-5.0906
-5.09031
-5.08995
-5.08921
-5.08855
-5.08717
-5.0863
-5.08521
-5.08406
-5.083
-5.08142
-5.08054
-5.07915
-5.07785
-5.07511
-5.07398
-5.07265
-5.07082
-5.06927
-5.06783
-5.06652
-5.06503
-5.06352
-5.05986
-5.05817
-5.05662
-5.05477
-5.05293
-5.05141
-5.04974
-5.04825
-5.04663
-5.04379
-5.04227
-5.04094
-5.03936
-5.03843
-5.03726
-5.03569
-5.03479
-5.0338
-5.03098
-5.02991
-5.02953
-5.02877
-5.0281
-5.02751
-5.02702
-5.02631
-5.02554
-5.02504
-5.02517
-5.02523
-5.02555
-5.02566
-5.02572
-5.02603
-5.02689
-5.02754
-5.02897
-5.02991
-5.03093
-5.03174
-5.03279
-5.03378
-5.0353
-5.03674
-5.03827
-5.04139
-5.04298
-5.04432
-5.04604
-5.04811
-5.04978
-5.05196
-5.05418
-5.05644
-5.06093
-5.06315
-5.06569
-5.06765
-5.06993
-5.07237
-5.07482
-5.07728
-5.07928
-5.08404
-5.08648
-5.08875
-5.09116
-5.09339
-5.0956
-5.09717
-5.09932
-5.10113
-5.10525
-5.10739
-5.10919
-5.11109
-5.1131
-5.11505
-5.11695
-5.11865
-5.11998
-5.12293
-5.12439
-5.12579
-5.12682
-5.1281
-5.129
-5.13
-5.13108
-5.13195
-5.13379
-5.13447
-5.13448
-5.13533
-5.13597
-5.1367
-5.13691
-5.13752
-5.13806
-5.13852
-5.13858
-5.13889
-5.13929
-5.13919
-5.13917
-5.1391
-5.13913
-5.13941
-5.13935
-5.13886
-5.13847
-5.13773
-5.13724
-5.1367
-5.13611
-5.13531
-5.13431
-5.13292
-5.13238
-5.13163
-5.13054
-5.12985
-5.12895
-5.12816
-5.12717
-5.12583
-5.12331
-5.12197
-5.12089
-5.11946
-5.11768
-5.11615
-5.11458
-5.11297
-5.11146
-5.10815
-5.10606
-5.10423
-5.10236
-5.1003
-5.09851
-5.09668
-5.09466
-5.09277
-5.08829
-5.08631
-5.08431
-5.08198
-5.07979
-5.07757
-5.07534
-5.07325
-5.07085
-5.06603
-5.06376
-5.06194
-5.05983
-5.05757
-5.05546
-5.05322
-5.05113
-5.0489
-5.04449
-5.04231
-5.04029
-5.038
-5.03648
-5.03438
-5.0323
-5.03024
-5.02851
-5.02421
-5.02225
-5.0203
-5.01793
-5.01618
-5.01431
-5.01275
-5.01076
-5.00879
-5.00475
-5.00282
-5.00106
-4.99945
-4.99786
-4.99612
-4.99424
-4.99237
-4.99034
-4.98674
-4.98532
-4.98359
-4.9817
-4.98027
-4.97882
-4.97692
-4.975
-4.97384
-4.97026
-4.96845
-4.96663
-4.96465
-4.96296
-4.96111
-4.9591
-4.95722
-4.95519
-4.95154
-4.94934
-4.94757
-4.94566
-4.94389
-4.94183
-4.93991
-4.93815
-4.93595
-4.93263
-4.93107
-4.92938
-4.92786
-4.92591
-4.92369
-4.92195
-4.91995
-4.91813
-4.91524
-4.91401
-4.91238
-4.91081
-4.9093
-4.90785
-4.90647
-4.90515
-4.90406
-4.90165
-4.90094
-4.90001
-4.89932
-4.89872
-4.8982
-4.89763
-4.89715
-4.89692
-4.89674
-4.8971
-4.89726
-4.89782
-4.89864
-4.89895
-4.89952
-4.90019
-4.90081
-4.90297
-4.90345
-4.90449
-4.90593
-4.90732
-4.90896
-4.91025
-4.91195
-4.91374
-4.91746
-4.91985
-4.92188
-4.92415
-4.92667
-4.92898
-4.93168
-4.93432
-4.9369
-4.94261
-4.94574
-4.9488
-4.95209
-4.95547
-4.95861
-4.96228
-4.96587
-4.96908
-4.9766
-4.98016
-4.98377
-4.98775
-4.99147
-4.99525
-4.99922
-5.00309
-5.00701
-5.01494
-5.01912
-5.02347
-5.02769
-5.03194
-5.0362
-5.04033
-5.04462
-5.04877
-5.05691
-5.06106
-5.06549
-5.06961
-5.07416
-5.07839
-5.08304
-5.08721
-5.09119
-5.09949
-5.10333
-5.10758
-5.11147
-5.11545
-5.11981
-5.12335
-5.12712
-5.13065
-5.13762
-5.14075
-5.14363
-5.14686
-5.14968
-5.15225
-5.15486
-5.1572
-5.15973
-5.16426
-5.16642
-5.16844
-5.17048
-5.1727
-5.17401
-5.17595
-5.17729
-5.17849
-5.1803
-5.18106
-5.18152
-5.18215
-5.18262
-5.1828
-5.18329
-5.18273
-5.18232
-5.18125
-5.18059
-5.17949
-5.17886
-5.17781
-5.17678
-5.17579
-5.17438
-5.17271
-5.16937
-5.16741
-5.16566
-5.16399
-5.16179
-5.15967
-5.15749
-5.15572
-5.1533
-5.14834
-5.14613
-5.14405
-5.14181
-5.13972
-5.13779
-5.13527
-5.13277
-5.1303
-5.12593
-5.12373
-5.12159
-5.11936
-5.11704
-5.11525
-5.11338
-5.11158
-5.10988
-5.10643
-5.1053
-5.10412
-5.10303
-5.1019
-5.10086
-5.10008
-5.09926
-5.09838
-5.09679
-5.09638
-5.09592
-5.09556
-5.09575
-5.09588
-5.09565
-5.09597
-5.09578
-5.09654
-5.09734
-5.09776
-5.09841
-5.09912
-5.09959
-5.10057
-5.10114
-5.10237
-5.1042
-5.10525
-5.10617
-5.10711
-5.10822
-5.1095
-5.11094
-5.11254
-5.11368
-5.11594
-5.11675
-5.11769
-5.11876
-5.11995
-5.1208
-5.12162
-5.1227
-5.12358
-5.12504
-5.12577
-5.12658
-5.12718
-5.12757
-5.12818
-5.12887
-5.12904
-5.12912
-5.12981
-5.1298
-5.12955
-5.12966
-5.12923
-5.12855
-5.12824
-5.12768
-5.12702
-5.1254
-5.12444
-5.12338
-5.12222
-5.12081
-5.11945
-5.11753
-5.11612
-5.11445
-5.11112
-5.10916
-5.1071
-5.10479
-5.10269
-5.10034
-5.09805
-5.09552
-5.0926
-5.08711
-5.08424
-5.08114
-5.07812
-5.07532
-5.07215
-5.06907
-5.06592
-5.06286
-5.05628
-5.05261
-5.04904
-5.04544
-5.04179
-5.03812
-5.03471
-5.03053
-5.02662
-5.01876
-5.01497
-5.01147
-5.00782
-5.00387
-4.99978
-4.9957
-4.99178
-4.98788
-4.98029
-4.97707
-4.97313
-4.96952
-4.96609
-4.96271
-4.95922
-4.95577
-4.95237
-4.94633
-4.94293
-4.93929
-4.93616
-4.93338
-4.93051
-4.92755
-4.92465
-4.92181
-4.91631
-4.9135
-4.91046
-4.90793
-4.90561
-4.90306
-4.90103
-4.89845
-4.8964
-4.89203
-4.88987
-4.88777
-4.88589
-4.88393
-4.88233
-4.88035
-4.87859
-4.8769
-4.87402
-4.87269
-4.87128
-4.87009
-4.86882
-4.86763
-4.86651
-4.86561
-4.86495
-4.86339
-4.86281
-4.86246
-4.86188
-4.86154
-4.86128
-4.86095
-4.86085
-4.86069
-4.86031
-4.86024
-4.86071
-4.86112
-4.86145
-4.86202
-4.86237
-4.86325
-4.86407
-4.86593
-4.86698
-4.8681
-4.86915
-4.87026
-4.87145
-4.87301
-4.87464
-4.87603
-4.87976
-4.88133
-4.88296
-4.88464
-4.88668
-4.88876
-4.89074
-4.89276
-4.89468
-4.89922
-4.9014
-4.90375
-4.90598
-4.90839
-4.91052
-4.91298
-4.9153
-4.91779
-4.9225
-4.92502
-4.92724
-4.92992
-4.93216
-4.93454
-4.93707
-4.93975
-4.94181
-4.94622
-4.94855
-4.95087
-4.95303
-4.95531
-4.95727
-4.95966
-4.96203
-4.96422
-4.96851
-4.97077
-4.97269
-4.97473
-4.97703
-4.97915
-4.98108
-4.98313
-4.98513
-4.98856
-4.99014
-4.99183
-4.99347
-4.99491
-4.99646
-4.99781
-4.99926
-5.00067
-5.00302
-5.00443
-5.00563
-5.00678
-5.00757
-5.00861
-5.00945
-5.01023
-5.0111
-5.01313
-5.01353
-5.01372
-5.01446
-5.01498
-5.0156
-5.01615
-5.01679
-5.01691
-5.01726
-5.01719
-5.0172
-5.01745
-5.01702
-5.01667
-5.01656
-5.01622
-5.01581
-5.01417
-5.01324
-5.01284
-5.01236
-5.01166
-5.01073
-5.00987
-5.00848
-5.00731
-5.00475
-5.0035
-5.00172
-5.00031
-4.99868
-4.99742
-4.99548
-4.99376
-4.99212
-4.9877
-4.98448
-4.98209
-4.97993
-4.97755
-4.97526
-4.97275
-4.97017
-4.96784
-4.96284
-4.96003
-4.95733
-4.95457
-4.95162
-4.94833
-4.94545
-4.94254
-4.93915
-4.9323
-4.92899
-4.92598
-4.92296
-4.91979
-4.91662
-4.91346
-4.91
-4.90672
-4.901
-4.89766
-4.89466
-4.8914
-4.88865
-4.88566
-4.88273
-4.88002
-4.87753
-4.87234
-4.86995
-4.86765
-4.86545
-4.86351
-4.86151
-4.85978
-4.85771
-4.85622
-4.85298
-4.85155
-4.85041
-4.84924
-4.84851
-4.84792
-4.84716
-4.84624
-4.84606
-4.84583
-4.84593
-4.84618
-4.84626
-4.84709
-4.84776
-4.84857
-4.84967
-4.8506
-4.85333
-4.85483
-4.85675
-4.85866
-4.86069
-4.86254
-4.86497
-4.86737
-4.86973
-4.87525
-4.87809
-4.88059
-4.88364
-4.88678
-4.88972
-4.89304
-4.89631
-4.89965
-4.90673
-4.91045
-4.91408
-4.91748
-4.92124
-4.9252
-4.92876
-4.93267
-4.93662
-4.94448
-4.94853
-4.9526
-4.9567
-4.96096
-4.96508
-4.96891
-4.9732
-4.97733
-4.98558
-4.99
-4.99439
-4.99831
-5.00281
-5.00713
-5.01097
-5.01492
-5.01913
-5.02773
-5.03135
-5.03476
-5.03842
-5.04202
-5.04555
-5.04917
-5.05256
-5.05558
-5.06244
-5.06583
-5.06898
-5.07189
-5.07456
-5.07713
-5.08007
-5.08261
-5.08474
-5.08901
-5.09129
-5.09332
-5.09538
-5.09704
-5.09889
-5.10048
-5.1018
-5.10286
-5.10509
-5.10642
-5.10733
-5.10827
-5.10865
-5.10907
-5.10937
-5.10987
-5.11026
-5.11025
-5.11001
-5.10997
-5.11029
-5.1096
-5.10912
-5.10824
-5.10757
-5.10667
-5.10492
-5.10378
-5.10272
-5.10174
-5.1007
-5.09946
-5.09815
-5.09695
-5.09586
-5.09295
-5.09175
-5.09023
-5.08853
-5.08698
-5.08541
-5.08383
-5.08195
-5.08038
-5.07726
-5.07557
-5.07435
-5.07285
-5.07108
-5.06964
-5.06793
-5.0667
-5.06552
-5.06312
-5.06206
-5.06104
-5.05977
-5.05855
-5.05752
-5.0564
-5.05502
-5.05399
-5.05269
-5.05182
-5.05115
-5.05038
-5.04965
-5.04944
-5.04897
-5.04855
-5.04803
-5.04699
-5.04692
-5.04675
-5.04618
-5.04625
-5.04623
-5.04655
-5.04692
-5.04719
-5.04741
-5.04752
-5.04812
-5.04832
-5.04886
-5.04899
-5.04917
-5.04985
-5.05042
-5.05136
-5.0525
-5.05353
-5.05443
-5.05508
-5.05605
-5.05675
-5.05764
-5.05854
-5.06088
-5.062
-5.06283
-5.06397
-5.06513
-5.06598
-5.06729
-5.06844
-5.06944
-5.07155
-5.07265
-5.07358
-5.07464
-5.07551
-5.07634
-5.07729
-5.0782
-5.0789
-5.08031
-5.08055
-5.08118
-5.0816
-5.08165
-5.08177
-5.08183
-5.08211
-5.08217
-5.0822
-5.08203
-5.08207
-5.08189
-5.08132
-5.08068
-5.08012
-5.07933
-5.07847
-5.07624
-5.07504
-5.07438
-5.07336
-5.07245
-5.0712
-5.0699
-5.06857
-5.06737
-5.06444
-5.06318
-5.06192
-5.06066
-5.05925
-5.05801
-5.05647
-5.05556
-5.05437
-5.05209
-5.05115
-5.04979
-5.04908
-5.0478
-5.04673
-5.04584
-5.04531
-5.04437
-5.04278
-5.04198
-5.04168
-5.04082
-5.04015
-5.03937
-5.03893
-5.03838
-5.03817
-5.03753
-5.03711
-5.03672
-5.03681
-5.03646
-5.03615
-5.036
-5.03587
-5.03546
-5.03529
-5.03523
-5.03533
-5.03529
-5.03527
-5.0354
-5.036
-5.03616
-5.03617
-5.03637
-5.03641
-5.03676
-5.03681
-5.03671
-5.03647
-5.03669
-5.03631
-5.03653
-5.03669
-5.03677
-5.03685
-5.03693
-5.03731
-5.03739
-5.03701
-5.03677
-5.03698
-5.03723
-5.03771
-5.03743
-5.03759
-5.03773
-5.03739
-5.03689
-5.03697
-5.03702
-5.0366
-5.03627
-5.0359
-5.03551
-5.03522
-5.03521
-5.03485
-5.0343
-5.03417
-5.03272
-5.0323
-5.03169
-5.03088
-5.03018
-5.02927
-5.02832
-5.02747
-5.02626
-5.02431
-5.02311
-5.02201
-5.02086
-5.01967
-5.01797
-5.01683
-5.01534
-5.01411
-5.01091
-5.0094
-5.00785
-5.00641
-5.00478
-5.00312
-5.00157
-4.99999
-4.99837
-4.99476
-4.9923
-4.99043
-4.98868
-4.98691
-4.98482
-4.98286
-4.98088
-4.9792
-4.97563
-4.97376
-4.97158
-4.96969
-4.9681
-4.96636
-4.96446
-4.96226
-4.96021
-4.95597
-4.95378
-4.95191
-4.94973
-4.94772
-4.94617
-4.94433
-4.9422
-4.94009
-4.93636
-4.93445
-4.93316
-4.93159
-4.92974
-4.92791
-4.92581
-4.92403
-4.92242
-4.91946
-4.91779
-4.91615
-4.91455
-4.91283
-4.91145
-4.90965
-4.90834
-4.90662
-4.90406
-4.90291
-4.90151
-4.90015
-4.89884
-4.89788
-4.89682
-4.89565
-4.89468
-4.8929
-4.89194
-4.89103
-4.89017
-4.88952
-4.88892
-4.88838
-4.88819
-4.88821
-4.88721
-4.8868
-4.88644
-4.88629
-4.88574
-4.8857
-4.88587
-4.88594
-4.88577
-4.88635
-4.88664
-4.88714
-4.88755
-4.88772
-4.88839
-4.88881
-4.88944
-4.89013
-4.89212
-4.89297
-4.89373
-4.89469
-4.89585
-4.89707
-4.8982
-4.89937
-4.9006
-4.90277
-4.90416
-4.9056
-4.90694
-4.90894
-4.91053
-4.91233
-4.91402
-4.91576
-4.91923
-4.92081
-4.92273
-4.92484
-4.9273
-4.92935
-4.93158
-4.93354
-4.93554
-4.93978
-4.94232
-4.94443
-4.94671
-4.94902
-4.95134
-4.95352
-4.95557
-4.95762
-4.96265
-4.96517
-4.96723
-4.96958
-4.97193
-4.97411
-4.97658
-4.97872
-4.9807
-4.98487
-4.98675
-4.98876
-4.99117
-4.99325
-4.99512
-4.99725
-4.99918
-5.0015
-5.00492
-5.00675
-5.00837
-5.00992
-5.01139
-5.01279
-5.0141
-5.01534
-5.01618
-5.01837
-5.01894
-5.01958
-5.02041
-5.02115
-5.02149
-5.02157
-5.02185
-5.02232
-5.0228
-5.02235
-5.02193
-5.02156
-5.02138
-5.02094
-5.02024
-5.01943
-5.0182
-5.01572
-5.01432
-5.01281
-5.01135
-5.00994
-5.00858
-5.00697
-5.00497
-5.00318
-4.99888
-4.99668
-4.99456
-4.99221
-4.99009
-4.98776
-4.98552
-4.98308
-4.98059
-4.97532
-4.9724
-4.96961
-4.96664
-4.96351
-4.96066
-4.95766
-4.95465
-4.9518
-4.94598
-4.94332
-4.94053
-4.93777
-4.93534
-4.93265
-4.93015
-4.92739
-4.92467
-4.9194
-4.91714
-4.91494
-4.91326
-4.91103
-4.90902
-4.90707
-4.90519
-4.90337
-4.90054
-4.89877
-4.89677
-4.89514
-4.89343
-4.89178
-4.89035
-4.88914
-4.88784
-4.88543
-4.88462
-4.88357
-4.88259
-4.88151
-4.88079
-4.87982
-4.87907
-4.87851
-4.87712
-4.87657
-4.87638
-4.87563
-4.87523
-4.87457
-4.87442
-4.87431
-4.87439
-4.87453
-4.87459
-4.87454
-4.87437
-4.87455
-4.87491
-4.87515
-4.87528
-4.8756
-4.87618
-4.87629
-4.87599
-4.87646
-4.87682
-4.8772
-4.87776
-4.87865
-4.87896
-4.87966
-4.88004
-4.88074
-4.88117
-4.88176
-4.88253
-4.88346
-4.88426
-4.88553
-4.88615
-4.88701
-4.88789
-4.88832
-4.88937
-4.88997
-4.89043
-4.89121
-4.89184
-4.89343
-4.89423
-4.89504
-4.89586
-4.89684
-4.89782
-4.89851
-4.89891
-4.89991
-4.90195
-4.90283
-4.90387
-4.90507
-4.90583
-4.9069
-4.90783
-4.90878
-4.90974
-4.91156
-4.91272
-4.91374
-4.91449
-4.91556
-4.91681
-4.91808
-4.91907
-4.92039
-4.92283
-4.92424
-4.92539
-4.92687
-4.92838
-4.92979
-4.93137
-4.93285
-4.93406
-4.9369
-4.93838
-4.9402
-4.94176
-4.94366
-4.94545
-4.94758
-4.9496
-4.9515
-4.95555
-4.95754
-4.95942
-4.96177
-4.9643
-4.96686
-4.96883
-4.97082
-4.97297
-4.97744
-4.97931
-4.98163
-4.98349
-4.98565
-4.98795
-4.98992
-4.99248
-4.99472
-4.99835
-5.00019
-5.00213
-5.00389
-5.00544
-5.0074
-5.009
-5.01069
-5.01263
-5.01555
-5.01729
-5.01865
-5.02009
-5.02131
-5.02245
-5.02382
-5.0251
-5.02601
-5.02714
-5.02781
-5.0284
-5.02877
-5.02951
-5.02972
-5.02971
-5.02979
-5.02964
-5.03005
-5.02971
-5.02961
-5.02961
-5.02956
-5.02946
-5.02902
-5.02853
-5.02831
-5.02732
-5.02686
-5.02638
-5.02633
-5.02582
-5.02515
-5.02493
-5.02441
-5.02389
-5.02257
-5.02224
-5.02177
-5.02102
-5.02029
-5.0202
-5.01969
-5.01921
-5.01891
-5.01829
-5.01796
-5.01783
-5.0173
-5.01741
-5.01772
-5.01748
-5.01759
-5.01775
-5.01836
-5.01898
-5.01934
-5.01974
-5.0202
-5.02086
-5.02126
-5.02216
-5.0228
-5.02421
-5.02498
-5.02579
-5.02663
-5.02751
-5.02842
-5.02936
-5.03018
-5.03088
-5.03281
-5.03403
-5.03527
-5.03638
-5.03766
-5.0391
-5.0404
-5.04142
-5.04259
-5.04496
-5.04615
-5.04749
-5.04854
-5.04989
-5.05093
-5.05198
-5.05317
-5.05452
-5.05764
-5.05897
-5.06015
-5.06177
-5.06294
-5.0644
-5.0654
-5.06625
-5.06724
-5.06921
-5.07033
-5.07176
-5.07273
-5.07384
-5.07495
-5.07621
-5.07732
-5.07858
-5.08079
-5.08204
-5.0833
-5.08426
-5.08582
-5.08709
-5.08836
-5.08948
-5.09061
-5.09274
-5.09405
-5.09491
-5.09593
-5.09727
-5.09847
-5.09953
-5.10061
-5.10185
-5.10424
-5.10539
-5.10655
-5.10759
-5.1088
-5.11019
-5.1119
-5.11348
-5.11494
-5.11779
-5.11918
-5.12044
-5.12234
-5.12381
-5.12546
-5.12729
-5.12915
-5.13088
-5.13427
-5.13608
-5.13805
-5.1399
-5.14207
-5.14411
-5.14586
-5.14762
-5.14954
-5.1537
-5.15563
-5.15756
-5.15919
-5.1611
-5.16301
-5.16474
-5.16661
-5.16831
-5.17208
-5.17369
-5.17526
-5.17679
-5.17843
-5.17988
-5.18127
-5.18277
-5.18421
-5.18691
-5.18802
-5.18937
-5.19066
-5.19172
-5.19272
-5.19349
-5.1945
-5.19528
-5.19708
-5.19764
-5.19813
-5.19824
-5.19873
-5.19929
-5.19964
-5.19945
-5.19905
-5.19893
-5.19892
-5.19884
-5.199
-5.19865
-5.19823
-5.19759
-5.19705
-5.19661
-5.19495
-5.19405
-5.19324
-5.1927
-5.19166
-5.19057
-5.18945
-5.18844
-5.1874
-5.18567
-5.18468
-5.18322
-5.18219
-5.18114
-5.17977
-5.17853
-5.17713
-5.17572
-5.17316
-5.17187
-5.17073
-5.16944
-5.16814
-5.16655
-5.16541
-5.16412
-5.16284
-5.16045
-5.1589
-5.1575
-5.15612
-5.15476
-5.15356
-5.15268
-5.15122
-5.14993
-5.14755
-5.14632
-5.14481
-5.14362
-5.14277
-5.14224
-5.14128
-5.14035
-5.13959
-5.13801
-5.13703
-5.13638
-5.13576
-5.13501
-5.13444
-5.13375
-5.13323
-5.13243
-5.13136
-5.13094
-5.13053
-5.12969
-5.12918
-5.12853
-5.12789
-5.12788
-5.12758
-5.12672
-5.1263
-5.12559
-5.12519
-5.12479
-5.1244
-5.12416
-5.12393
-5.12339
-5.12306
-5.12267
-5.12227
-5.12202
-5.12145
-5.12148
-5.1209
-5.12046
-5.11986
-5.11833
-5.118
-5.1175
-5.11775
-5.11709
-5.11641
-5.11633
-5.11564
-5.11523
-5.1135
-5.11308
-5.11219
-5.11161
-5.11117
-5.11042
-5.10983
-5.10938
-5.10878
-5.10744
-5.10685
-5.10595
-5.10552
-5.10464
-5.10391
-5.10364
-5.10308
-5.10283
-5.10129
-5.10121
-5.10098
-5.10047
-5.09996
-5.099
-5.09851
-5.09787
-5.09738
-5.09658
-5.09581
-5.09519
-5.09518
-5.09471
-5.09409
-5.09333
-5.09347
-5.0927
-5.09146
-5.09114
-5.09066
-5.09018
-5.08969
-5.08906
-5.08887
-5.08852
-5.08832
-5.08701
-5.08636
-5.08585
-5.08564
-5.08513
-5.08432
-5.08366
-5.08331
-5.08297
-5.08215
-5.08183
-5.08153
-5.08093
-5.08051
-5.0804
-5.08031
-5.07995
-5.0796
-5.079
-5.07874
-5.07852
-5.07848
-5.07848
-5.07807
-5.0777
-5.07737
-5.07769
-5.07756
-5.07772
-5.07778
-5.07804
-5.07866
-5.07872
-5.07914
-5.07975
-5.08058
-5.08177
-5.08275
-5.08378
-5.08455
-5.08537
-5.08653
-5.08744
-5.08884
-5.08982
-5.09173
-5.09281
-5.09377
-5.09505
-5.0959
-5.09676
-5.09809
-5.09913
-5.10018
-5.10273
-5.10377
-5.10526
-5.10644
-5.10776
-5.10846
-5.10958
-5.11054
-5.11192
-5.11385
-5.11483
-5.11609
-5.11685
-5.11787
-5.11855
-5.11948
-5.12022
-5.12106
-5.12199
-5.12253
-5.12347
-5.12405
-5.12443
-5.1246
-5.12471
-5.12523
-5.12554
-5.12598
-5.12597
-5.1253
-5.12548
-5.1253
-5.12461
-5.12418
-5.12384
-5.12374
-5.12265
-5.12211
-5.12181
-5.12117
-5.12047
-5.11958
-5.11925
-5.11842
-5.1174
-5.11583
-5.11453
-5.11304
-5.11182
-5.11041
-5.10927
-5.10825
-5.10735
-5.10611
-5.10386
-5.10254
-5.10105
-5.09969
-5.09785
-5.09674
-5.09516
-5.09387
-5.09241
-5.0896
-5.0881
-5.08674
-5.08522
-5.08385
-5.08276
-5.08168
-5.08029
-5.07859
-5.07565
-5.07411
-5.07257
-5.07073
-5.06919
-5.06767
-5.0663
-5.06464
-5.0633
-5.06003
-5.05841
-5.05681
-5.05568
-5.05441
-5.05301
-5.05192
-5.05086
-5.04966
-5.04687
-5.04557
-5.04446
-5.04306
-5.04184
-5.04064
-5.03962
-5.03878
-5.03781
-5.03581
-5.03478
-5.03408
-5.03311
-5.03203
-5.03098
-5.02997
-5.02915
-5.02822
-5.02708
-5.02658
-5.02567
-5.02481
-5.02461
-5.02415
-5.02359
-5.02308
-5.02278
-5.0225
-5.02237
-5.022
-5.02199
-5.02204
-5.02246
-5.02248
-5.02287
-5.02287
-5.02351
-5.024
-5.02501
-5.02547
-5.026
-5.02659
-5.02725
-5.02811
-5.02903
-5.03089
-5.03214
-5.03298
-5.03403
-5.03528
-5.03688
-5.03824
-5.03979
-5.04093
-5.04411
-5.04553
-5.0473
-5.04896
-5.05095
-5.05283
-5.05445
-5.0567
-5.05837
-5.06227
-5.06418
-5.06627
-5.06824
-5.07008
-5.07209
-5.07397
-5.07602
-5.07809
-5.08228
-5.0841
-5.08623
-5.08807
-5.09008
-5.09239
-5.09426
-5.0969
-5.09939
-5.10377
-5.10596
-5.108
-5.11004
-5.11161
-5.11319
-5.11565
-5.11796
-5.11995
-5.12389
-5.12583
-5.12789
-5.12994
-5.13211
-5.13394
-5.13605
-5.13783
-5.13972
-5.14338
-5.14545
-5.14747
-5.14899
-5.15046
-5.15188
-5.15339
-5.15485
-5.15654
-5.15944
-5.16034
-5.16116
-5.16207
-5.1629
-5.16395
-5.16463
-5.16537
-5.16619
-5.16711
-5.16737
-5.16754
-5.16762
-5.16806
-5.16856
-5.16851
-5.16822
-5.16783
-5.16707
-5.16639
-5.16577
-5.16504
-5.16437
-5.16315
-5.16213
-5.16056
-5.15905
-5.15617
-5.15496
-5.15335
-5.15149
-5.14939
-5.14704
-5.14505
-5.14296
-5.14094
-5.13647
-5.13372
-5.13134
-5.12873
-5.12618
-5.12341
-5.1207
-5.11777
-5.11477
-5.1084
-5.10534
-5.10208
-5.0986
-5.09553
-5.09195
-5.08848
-5.08497
-5.08187
-5.07483
-5.0712
-5.0677
-5.06373
-5.0599
-5.05621
-5.05223
-5.0487
-5.04503
-5.03774
-5.03413
-5.0307
-5.02746
-5.02425
-5.02094
-5.01692
-5.0137
-5.01054
-5.0041
-5.00083
-4.99747
-4.99464
-4.99157
-4.98874
-4.98628
-4.98361
-4.98131
-4.9765
-4.974
-4.97173
-4.96969
-4.96758
-4.96555
-4.96344
-4.96142
-4.95947
-4.95581
-4.95469
-4.95318
-4.95175
-4.95038
-4.94922
-4.94828
-4.94724
-4.94581
-4.9437
-4.94302
-4.94194
-4.94135
-4.9405
-4.93954
-4.93877
-4.93803
-4.93732
-4.93568
-4.93536
-4.93491
-4.93402
-4.93316
-4.93246
-4.93224
-4.93203
-4.93154
-4.93043
-4.92967
-4.92952
-4.92923
-4.92879
-4.92805
-4.92778
-4.92736
-4.92694
-4.92641
-4.92599
-4.92557
-4.92531
-4.92474
-4.92447
-4.92405
-4.92363
-4.9232
-4.92278
-4.92249
-4.9222
-4.9219
-4.92144
-4.92113
-4.9202
-4.91973
-4.91894
-4.9181
-4.91744
-4.91662
-4.91641
-4.91573
-4.91534
-4.91495
-4.9147
-4.91415
-4.91332
-4.91274
-4.91172
-4.91114
-4.9104
-4.90967
-4.90863
-4.90774
-4.90731
-4.90629
-4.90556
-4.90499
-4.90443
-4.90387
-4.90377
-4.90338
-4.903
-4.90248
-4.90103
-4.90025
-4.89979
-4.8995
-4.89908
-4.89883
-4.89829
-4.89793
-4.89744
-4.89638
-4.89581
-4.89542
-4.89505
-4.89486
-4.89485
-4.89471
-4.8946
-4.89452
-4.89443
-4.89457
-4.89444
-4.89464
-4.89441
-4.89435
-4.89448
-4.89447
-4.89479
-4.8946
-4.89439
-4.8945
-4.89493
-4.89523
-4.89556
-4.8962
-4.8961
-4.89648
-4.89712
-4.89754
-4.89812
-4.89811
-4.89857
-4.89918
-4.89966
-4.89984
-4.90018
-4.90103
-4.90153
-4.90219
-4.90301
-4.90367
-4.90419
-4.90516
-4.90567
-4.90634
-4.90796
-4.90847
-4.90912
-4.90901
-4.90966
-4.91029
-4.91077
-4.91124
-4.91155
-4.91214
-4.91241
-4.91283
-4.91324
-4.91393
-4.91461
-4.91468
-4.91503
-4.91536
-4.91553
-4.91611
-4.91668
-4.91724
-4.91762
-4.91783
-4.91787
-4.91789
-4.91805
-4.91845
-4.91824
-4.91832
-4.91868
-4.91902
-4.91905
-4.91905
-4.91874
-4.91871
-4.91831
-4.91823
-4.91815
-4.91836
-4.91826
-4.918
-4.91774
-4.91762
-4.9178
-4.91697
-4.91686
-4.91706
-4.91697
-4.91688
-4.91712
-4.91692
-4.91674
-4.91658
-4.91649
-4.91671
-4.91681
-4.91695
-4.91713
-4.9175
-4.91791
-4.91821
-4.91886
-4.91955
-4.9202
-4.92105
-4.92166
-4.92202
-4.92274
-4.92367
-4.92451
-4.92526
-4.9271
-4.92833
-4.92963
-4.93069
-4.93226
-4.9336
-4.93499
-4.93645
-4.93797
-4.94118
-4.94272
-4.94446
-4.94626
-4.94797
-4.95003
-4.95214
-4.95415
-4.95605
-4.96015
-4.96249
-4.96441
-4.96638
-4.96853
-4.97088
-4.97325
-4.97581
-4.97839
-4.9832
-4.98571
-4.98825
-4.99081
-4.99309
-4.99569
-4.99815
-5.00079
-5.00359
-5.00877
-5.01161
-5.01446
-5.01716
-5.02017
-5.02289
-5.02546
-5.02833
-5.03121
-5.03696
-5.03984
-5.04241
-5.04514
-5.04816
-5.05102
-5.05372
-5.05657
-5.05926
-5.06431
-5.06697
-5.06961
-5.07239
-5.075
-5.07714
-5.07971
-5.08242
-5.0848
-5.0898
-5.09196
-5.09394
-5.09605
-5.09843
-5.10138
-5.10354
-5.10567
-5.10776
-5.11138
-5.11351
-5.11559
-5.11763
-5.11948
-5.12143
-5.12333
-5.12503
-5.12684
-5.12968
-5.13132
-5.13305
-5.13458
-5.13604
-5.13744
-5.13878
-5.14021
-5.14172
-5.14364
-5.14495
-5.14574
-5.14646
-5.1471
-5.14782
-5.14831
-5.14888
-5.14922
-5.15011
-5.15021
-5.15053
-5.15062
-5.15077
-5.15069
-5.15068
-5.15043
-5.14995
-5.14887
-5.14782
-5.14699
-5.14623
-5.14567
-5.14504
-5.14401
-5.14274
-5.14154
-5.13904
-5.13773
-5.13634
-5.13472
-5.13332
-5.13138
-5.12952
-5.12758
-5.12571
-5.1216
-5.11951
-5.11706
-5.11483
-5.11224
-5.10988
-5.10747
-5.10484
-5.10216
-5.0965
-5.09381
-5.09109
-5.08787
-5.08491
-5.08207
-5.07935
-5.0763
-5.07352
-5.06761
-5.06478
-5.06148
-5.05818
-5.05487
-5.05156
-5.04872
-5.04542
-5.04244
-5.03578
-5.03301
-5.03012
-5.02695
-5.02382
-5.02102
-5.01767
-5.01481
-5.01155
-5.0064
-5.00361
-5.00119
-4.99853
-4.99563
-4.99342
-4.99097
-4.98905
-4.98692
-4.98289
-4.981
-4.97951
-4.97765
-4.97589
-4.97391
-4.97264
-4.97071
-4.96932
-4.96686
-4.96592
-4.96494
-4.96405
-4.96312
-4.96228
-4.96185
-4.96151
-4.96098
-4.96081
-4.96102
-4.96132
-4.96142
-4.96176
-4.9622
-4.96287
-4.96379
-4.96464
-4.96629
-4.96709
-4.96812
-4.96923
-4.97026
-4.97151
-4.97299
-4.97438
-4.97629
-4.97924
-4.98057
-4.98227
-4.98386
-4.9855
-4.9875
-4.98938
-4.99146
-4.99312
-4.99731
-4.99938
-5.00102
-5.00315
-5.00499
-5.00731
-5.00979
-5.01199
-5.0142
-5.01865
-5.02073
-5.02297
-5.0249
-5.02713
-5.0292
-5.03127
-5.03333
-5.03552
-5.03956
-5.04155
-5.04368
-5.04578
-5.0483
-5.05035
-5.05221
-5.05389
-5.05583
-5.05977
-5.06175
-5.06354
-5.06573
-5.06743
-5.06909
-5.07069
-5.07239
-5.07389
-5.07673
-5.07791
-5.07948
-5.08085
-5.082
-5.08279
-5.08382
-5.08509
-5.08614
-5.08774
-5.0886
-5.08923
-5.08994
-5.09059
-5.09101
-5.09151
-5.09179
-5.09201
-5.09206
-5.09206
-5.09244
-5.0926
-5.09239
-5.09226
-5.09207
-5.0915
-5.09132
-5.09016
-5.08963
-5.08889
-5.08764
-5.08678
-5.08601
-5.08504
-5.08371
-5.08263
-5.08032
-5.0794
-5.07828
-5.07742
-5.07638
-5.07499
-5.07343
-5.07198
-5.07066
-5.06764
-5.06595
-5.0644
-5.06298
-5.0608
-5.05937
-5.05794
-5.05666
-5.05493
-5.05195
-5.0501
-5.04857
-5.04691
-5.04543
-5.04397
-5.04269
-5.04114
-5.03948
-5.03641
-5.03516
-5.03411
-5.03296
-5.0317
-5.03079
-5.02977
-5.02866
-5.02791
-5.02579
-5.02489
-5.0245
-5.024
-5.02326
-5.02272
-5.02208
-5.02194
-5.02139
-5.02089
-5.02093
-5.02056
-5.02023
-5.02008
-5.01996
-5.01973
-5.01968
-5.02025
-5.01951
-5.0197
-5.01976
-5.02059
-5.02052
-5.02046
-5.02056
-5.02052
-5.02062
-5.02069
-5.02079
-5.02089
-5.02098
-5.02092
-5.02129
-5.0212
-5.02125
-5.02129
-5.02161
-5.02145
-5.02156
-5.02166
-5.02174
-5.02165
-5.02108
-5.02079
-5.02078
-5.02024
-5.02001
-5.0196
-5.01962
-5.01886
-5.01853
-5.01787
-5.01749
-5.01693
-5.01589
-5.0154
-5.01474
-5.01421
-5.0135
-5.01292
-5.01217
-5.01215
-5.01165
-5.0106
-5.0102
-5.00948
-5.00905
-5.00799
-5.00737
-5.00659
-5.0061
-5.00529
-5.0035
-5.00266
-5.00213
-5.00098
-5.00014
-4.99915
-4.9983
-4.99762
-4.99678
-4.99483
-4.99403
-4.99339
-4.99291
-4.99215
-4.99111
-4.99039
-4.98955
-4.98873
-4.98732
-4.98674
-4.98619
-4.98568
-4.98475
-4.98416
-4.98391
-4.98371
-4.98385
-4.98336
-4.98334
-4.98336
-4.98329
-4.98341
-4.98343
-4.9835
-4.98362
-4.98365
-4.9849
-4.98492
-4.98515
-4.98527
-4.98559
-4.98626
-4.98683
-4.98744
-4.9881
-4.98969
-4.99017
-4.99069
-4.99154
-4.99213
-4.99291
-4.99401
-4.99485
-4.99601
-4.99811
-4.9992
-5.00031
-5.00143
-5.00242
-5.00298
-5.00415
-5.00563
-5.00698
-5.00955
-5.01061
-5.01199
-5.01322
-5.01445
-5.01568
-5.01662
-5.01786
-5.01925
-5.02158
-5.02281
-5.02405
-5.02528
-5.02606
-5.02745
-5.02868
-5.0299
-5.03113
-5.03342
-5.03479
-5.03571
-5.03678
-5.03784
-5.03951
-5.04058
-5.0421
-5.04362
-5.0459
-5.04711
-5.04818
-5.04955
-5.05091
-5.05243
-5.0541
-5.05532
-5.05638
-5.05865
-5.05986
-5.06077
-5.06213
-5.06348
-5.06437
-5.06556
-5.0672
-5.06807
-5.07056
-5.07171
-5.07315
-5.07397
-5.07554
-5.07664
-5.07757
-5.07894
-5.07998
-5.08186
-5.08299
-5.08425
-5.08503
-5.08623
-5.08695
-5.08794
-5.08875
-5.08968
-5.09188
-5.09254
-5.09287
-5.09331
-5.09431
-5.09497
-5.09544
-5.09601
-5.09638
-5.09655
-5.09694
-5.09713
-5.09713
-5.09723
-5.09713
-5.09714
-5.09725
-5.09716
-5.0973
-5.09707
-5.0968
-5.09663
-5.09658
-5.09648
-5.09589
-5.0954
-5.09473
-5.09374
-5.09326
-5.09275
-5.09176
-5.0909
-5.09031
-5.08999
-5.08936
-5.0884
-5.08718
-5.08618
-5.08501
-5.08413
-5.08295
-5.08191
-5.08072
-5.07997
-5.07878
-5.07626
-5.07539
-5.07468
-5.07397
-5.07268
-5.07185
-5.07104
-5.07025
-5.06932
-5.06783
-5.06741
-5.06657
-5.06604
-5.06509
-5.06446
-5.06341
-5.06252
-5.06226
-5.06151
-5.06072
-5.06024
-5.05963
-5.05905
-5.05878
-5.05838
-5.05784
-5.05716
-5.05645
-5.05596
-5.05533
-5.05515
-5.05483
-5.05451
-5.05405
-5.05358
-5.05326
-5.05275
-5.05256
-5.05206
-5.05124
-5.05086
-5.05031
-5.04974
-5.0493
-5.04854
-5.04738
-5.04667
-5.04609
-5.04577
-5.04527
-5.04457
-5.04398
-5.04335
-5.04236
-5.04055
-5.03926
-5.03823
-5.03698
-5.03568
-5.03431
-5.03288
-5.03109
-5.02999
-5.02669
-5.02525
-5.02358
-5.02184
-5.01989
-5.01832
-5.01654
-5.01453
-5.01246
-5.00796
-5.0057
-5.00322
-5.00067
-4.99838
-4.99572
-4.99301
-4.99056
-4.98775
-4.98231
-4.97924
-4.97613
-4.9736
-4.97059
-4.96757
-4.96484
-4.96225
-4.95952
-4.95406
-4.9509
-4.94807
-4.94542
-4.94265
-4.93992
-4.93723
-4.9346
-4.93188
-4.92678
-4.92427
-4.92199
-4.91995
-4.91769
-4.91523
-4.91347
-4.91182
-4.91012
-4.90675
-4.90509
-4.90385
-4.90289
-4.90204
-4.90132
-4.90072
-4.90054
-4.89959
-4.89926
-4.89913
-4.89912
-4.89938
-4.8996
-4.89994
-4.90055
-4.90127
-4.90209
-4.90389
-4.90502
-4.90609
-4.9071
-4.9085
-4.90983
-4.91124
-4.91317
-4.91472
-4.91772
-4.91945
-4.92094
-4.92293
-4.9248
-4.92657
-4.92867
-4.9305
-4.93266
-4.93627
-4.93817
-4.94023
-4.94229
-4.9445
-4.94655
-4.94858
-4.9506
-4.9526
-4.95653
-4.95814
-4.95971
-4.96155
-4.96364
-4.96584
-4.96783
-4.96992
-4.9715
-4.97461
-4.97615
-4.97761
-4.97884
-4.9797
-4.98078
-4.98193
-4.9827
-4.98338
-4.98492
-4.98549
-4.98566
-4.98588
-4.98647
-4.98665
-4.98629
-4.98613
-4.98603
-4.98522
-4.98467
-4.98433
-4.98373
-4.98289
-4.98225
-4.98167
-4.98039
-4.97916
-4.9763
-4.97496
-4.97338
-4.97202
-4.97013
-4.96876
-4.96747
-4.9655
-4.9636
-4.95947
-4.95709
-4.9548
-4.9526
-4.9502
-4.94791
-4.94527
-4.9429
-4.94064
-4.93604
-4.93371
-4.93135
-4.92869
-4.92602
-4.92319
-4.92067
-4.9183
-4.9158
-4.91114
-4.909
-4.90643
-4.90405
-4.90155
-4.8994
-4.8973
-4.89524
-4.89309
-4.88866
-4.887
-4.8854
-4.88342
-4.88167
-4.87999
-4.8781
-4.87674
-4.87591
-4.87317
-4.87201
-4.87094
-4.86996
-4.86922
-4.86828
-4.86774
-4.86714
-4.86678
-4.8662
-4.86582
-4.86569
-4.86549
-4.86584
-4.86628
-4.8668
-4.86711
-4.86735
-4.86867
-4.86959
-4.87059
-4.87151
-4.87219
-4.87339
-4.87436
-4.87538
-4.87645
-4.87891
-4.87984
-4.88141
-4.88287
-4.88453
-4.88576
-4.88718
-4.88847
-4.89025
-4.89357
-4.89495
-4.89681
-4.89839
-4.89967
-4.90096
-4.90257
-4.90419
-4.90597
-4.90908
-4.91057
-4.91236
-4.91432
-4.91582
-4.91732
-4.91898
-4.92064
-4.92246
-4.92565
-4.92719
-4.92903
-4.93072
-4.93228
-4.93354
-4.93526
-4.93745
-4.93889
-4.94243
-4.94407
-4.94573
-4.94755
-4.94924
-4.95111
-4.95299
-4.95475
-4.95637
-4.96045
-4.9623
-4.96448
-4.96653
-4.96876
-4.97116
-4.97329
-4.9759
-4.97869
-4.98314
-4.98525
-4.98708
-4.98909
-4.99157
-4.99408
-4.99616
-4.99871
-5.00098
-5.00618
-5.00865
-5.01114
-5.01334
-5.0154
-5.01793
-5.02062
-5.02347
-5.02632
-5.03159
-5.03415
-5.03716
-5.03971
-5.04181
-5.04451
-5.0469
-5.04957
-5.05239
-5.05708
-5.0597
-5.06229
-5.06442
-5.06667
-5.06905
-5.0714
-5.07402
-5.07661
-5.08169
-5.08372
-5.08572
-5.08797
-5.08973
-5.09175
-5.09356
-5.09579
-5.09736
-5.1011
-5.10251
-5.10401
-5.10561
-5.10729
-5.10877
-5.11018
-5.11138
-5.11251
-5.11533
-5.11656
-5.11787
-5.11881
-5.11938
-5.12017
-5.12059
-5.12094
-5.12136
-5.12198
-5.12232
-5.12244
-5.12278
-5.1229
-5.12294
-5.12245
-5.12234
-5.12215
-5.12155
-5.12113
-5.1208
-5.12024
-5.11961
-5.11906
-5.11859
-5.11775
-5.11669
-5.11438
-5.11313
-5.11212
-5.1112
-5.10993
-5.1083
-5.10706
-5.10593
-5.10445
-5.10104
-5.09942
-5.09776
-5.09621
-5.09417
-5.0924
-5.09045
-5.08877
-5.08707
-5.08343
-5.0815
-5.0797
-5.07774
-5.07575
-5.0736
-5.07159
-5.06957
-5.06739
-5.06315
-5.0608
-5.05875
-5.05639
-5.05418
-5.05182
-5.05021
-5.04846
-5.04641
-5.04216
-5.03966
-5.03747
-5.03544
-5.03341
-5.03108
-5.02922
-5.02691
-5.02476
-5.02063
-5.01865
-5.01669
-5.01503
-5.01308
-5.01129
-5.00906
-5.00714
-5.00523
-5.00145
-4.99942
-4.99741
-4.99571
-4.99387
-4.99174
-4.98993
-4.98844
-4.98666
-4.98344
-4.98185
-4.98029
-4.97858
-4.9769
-4.97523
-4.97343
-4.97149
-4.97033
-4.96747
-4.96576
-4.96423
-4.96256
-4.96122
-4.95975
-4.95844
-4.95686
-4.95574
-4.95282
-4.95131
-4.94998
-4.94851
-4.94751
-4.94608
-4.94481
-4.94402
-4.94324
-4.94098
-4.93965
-4.93848
-4.93718
-4.93589
-4.93446
-4.93289
-4.93164
-4.93041
-4.92797
-4.92676
-4.92557
-4.92454
-4.92337
-4.92251
-4.92165
-4.92051
-4.91938
-4.91745
-4.91634
-4.91541
-4.91448
-4.91342
-4.91252
-4.91224
-4.91152
-4.91053
-4.90843
-4.90765
-4.90674
-4.90601
-4.90546
-4.90479
-4.90385
-4.90356
-4.90286
-4.90188
-4.90117
-4.90051
-4.90021
-4.89982
-4.9001
-4.9
-4.90012
-4.90001
-4.90079
-4.90108
-4.90192
-4.90255
-4.90342
-4.90425
-4.90487
-4.9056
-4.90659
-4.90905
-4.91037
-4.91195
-4.91365
-4.91532
-4.91725
-4.91869
-4.92055
-4.92282
-4.92801
-4.93032
-4.93288
-4.93616
-4.93847
-4.94134
-4.9443
-4.94734
-4.95033
-4.95713
-4.96048
-4.96375
-4.96708
-4.97061
-4.97404
-4.97781
-4.98176
-4.98544
-4.9927
-4.99627
-4.99999
-5.00385
-5.00755
-5.01108
-5.01488
-5.0185
-5.02223
-5.0291
-5.03252
-5.03573
-5.03886
-5.04208
-5.04521
-5.0481
-5.05045
-5.05345
-5.05915
-5.06154
-5.06411
-5.06597
-5.0683
-5.07021
-5.07214
-5.07409
-5.07546
-5.07853
-5.07994
-5.0806
-5.08203
-5.08302
-5.08356
-5.0844
-5.08451
-5.08461
-5.08439
-5.08437
-5.08405
-5.08375
-5.083
-5.08226
-5.08154
-5.08039
-5.0794
-5.07675
-5.07554
-5.0736
-5.07185
-5.06954
-5.06772
-5.06579
-5.06377
-5.06195
-5.05714
-5.05461
-5.05155
-5.04887
-5.04627
-5.04376
-5.0409
-5.03799
-5.03488
-5.029
-5.02594
-5.02301
-5.01962
-5.01636
-5.01311
-5.00985
-5.00675
-5.00352
-4.99697
-4.99412
-4.99115
-4.98852
-4.98579
-4.98311
-4.98064
-4.97793
-4.97513
-4.96989
-4.96746
-4.96495
-4.96299
-4.96065
-4.95886
-4.9567
-4.95525
-4.95358
-4.95008
-4.94855
-4.94757
-4.94623
-4.9453
-4.94431
-4.94343
-4.94279
-4.94194
-4.94024
-4.93983
-4.93906
-4.93883
-4.9387
-4.9388
-4.93885
-4.93867
-4.93903
-4.93908
-4.93938
-4.93975
-4.9402
-4.94072
-4.94116
-4.94166
-4.94239
-4.94303
-4.9448
-4.94577
-4.9468
-4.94818
-4.94962
-4.95095
-4.95219
-4.95361
-4.95508
-4.95799
-4.95942
-4.96118
-4.96236
-4.96387
-4.96556
-4.96666
-4.96808
-4.96951
-4.97315
-4.9746
-4.97605
-4.97734
-4.97908
-4.9805
-4.98222
-4.98376
-4.98558
-4.98885
-4.99043
-4.99198
-4.99319
-4.99451
-4.99563
-4.99655
-4.99802
-4.99899
-5.0015
-5.00214
-5.00316
-5.00396
-5.0047
-5.00551
-5.00595
-5.00646
-5.00674
-5.00768
-5.00788
-5.00784
-5.00803
-5.00798
-5.00785
-5.00748
-5.00718
-5.00679
-5.00576
-5.00527
-5.00455
-5.00374
-5.00285
-5.00203
-5.00083
-5.00016
-4.9988
-4.99572
-4.99429
-4.99309
-4.99152
-4.99018
-4.98848
-4.98686
-4.98518
-4.98328
-4.97856
-4.97589
-4.97378
-4.97191
-4.9697
-4.96744
-4.96484
-4.96265
-4.95997
-4.95557
-4.95296
-4.95031
-4.94764
-4.94526
-4.94241
-4.93985
-4.93728
-4.9347
-4.9297
-4.92699
-4.92443
-4.92159
-4.91877
-4.91643
-4.91396
-4.91152
-4.90912
-4.90461
-4.90235
-4.90045
-4.89831
-4.89639
-4.89439
-4.89246
-4.89077
-4.88871
-4.88593
-4.88446
-4.8828
-4.88154
-4.8801
-4.87908
-4.87802
-4.87725
-4.8766
-4.87584
-4.87558
-4.87547
-4.87564
-4.87625
-4.87655
-4.87714
-4.87772
-4.87829
-4.87998
-4.8811
-4.88236
-4.88359
-4.8851
-4.88703
-4.88893
-4.89064
-4.89216
-4.89627
-4.89885
-4.90091
-4.90305
-4.90573
-4.90787
-4.91069
-4.91342
-4.9162
-4.92221
-4.92482
-4.92776
-4.93104
-4.93388
-4.93674
-4.94037
-4.9434
-4.94627
-4.95247
-4.95517
-4.95786
-4.96113
-4.96408
-4.9673
-4.97004
-4.9729
-4.97573
-4.98096
-4.98366
-4.98647
-4.98893
-4.99135
-4.99386
-4.99648
-4.99904
-5.0014
-5.00551
-5.00801
-5.01031
-5.01224
-5.01443
-5.01655
-5.01862
-5.02063
-5.02258
-5.02645
-5.02777
-5.02934
-5.03069
-5.03199
-5.03337
-5.0347
-5.03597
-5.03733
-5.03987
-5.0412
-5.04202
-5.04278
-5.04363
-5.04426
-5.04499
-5.04596
-5.04642
-5.04716
-5.04713
-5.04765
-5.04765
-5.0482
-5.04823
-5.04805
-5.04797
-5.04812
-5.04781
-5.04764
-5.04741
-5.04698
-5.04664
-5.04609
-5.0458
-5.04515
-5.04444
-5.04319
-5.04189
-5.04115
-5.04036
-5.03984
-5.03882
-5.03776
-5.03697
-5.036
-5.03351
-5.0323
-5.03121
-5.0301
-5.02882
-5.02783
-5.02637
-5.02535
-5.02463
-5.02195
-5.02061
-5.01927
-5.01809
-5.01691
-5.01604
-5.01473
-5.01343
-5.01245
-5.00994
-5.00886
-5.00796
-5.00678
-5.00577
-5.00449
-5.00369
-5.00277
-5.00172
-5.00017
-4.99936
-4.99873
-4.99768
-4.99681
-4.99581
-4.995
-4.99391
-4.99361
-4.99293
-4.99255
-4.9919
-4.99157
-4.99126
-4.99112
-4.9907
-4.99015
-4.98992
-4.98904
-4.98885
-4.98838
-4.98806
-4.98791
-4.98746
-4.98717
-4.98659
-4.98648
-4.98581
-4.98542
-4.98518
-4.98495
-4.98458
-4.98437
-4.98432
-4.98412
-4.98379
-4.98347
-4.98348
-4.98305
-4.98294
-4.98315
-4.98294
-4.98289
-4.98256
-4.98287
-4.98296
-4.9829
-4.98318
-4.98364
-4.98383
-4.98406
-4.98433
-4.98479
-4.98529
-4.98612
-4.98675
-4.98743
-4.98785
-4.98847
-4.98943
-4.9906
-4.99152
-4.99218
-4.99394
-4.99474
-4.99573
-4.99663
-4.99786
-4.999
-5.00017
-5.00169
-5.00295
-5.00558
-5.0068
-5.00836
-5.00966
-5.01128
-5.01279
-5.01432
-5.01603
-5.01792
-5.02146
-5.02326
-5.02462
-5.02645
-5.02829
-5.02984
-5.03155
-5.03341
-5.03512
-5.03855
-5.04025
-5.04165
-5.04364
-5.04547
-5.04714
-5.04924
-5.05086
-5.05247
-5.05531
-5.05685
-5.0585
-5.05983
-5.06142
-5.06283
-5.0645
-5.06614
-5.06774
-5.07036
-5.07184
-5.07312
-5.07465
-5.07524
-5.07608
-5.07687
-5.07746
-5.07846
-5.07925
-5.07995
-5.0809
-5.0815
-5.08189
-5.08224
-5.08253
-5.08278
-5.08313
-5.08443
-5.08448
-5.08448
-5.08489
-5.08495
-5.08466
-5.08463
-5.08441
-5.08429
-5.08439
-5.08415
-5.08387
-5.08326
-5.08276
-5.08253
-5.08211
-5.08182
-5.08149
-5.08045
-5.08005
-5.07977
-5.07917
-5.07871
-5.07762
-5.07697
-5.07616
-5.07534
-5.07368
-5.0727
-5.07202
-5.07194
-5.07112
-5.07031
-5.06951
-5.06887
-5.06856
-5.06723
-5.06683
-5.06601
-5.06537
-5.06476
-5.06419
-5.06366
-5.06287
-5.06243
-5.06199
-5.06154
-5.06144
-5.06139
-5.06156
-5.06147
-5.06159
-5.06177
-5.06185
-5.06233
-5.06242
-5.06273
-5.06323
-5.06378
-5.06439
-5.06503
-5.06542
-5.06631
-5.06804
-5.06872
-5.06958
-5.07047
-5.07138
-5.07229
-5.07338
-5.07401
-5.07464
-5.0762
-5.07742
-5.07816
-5.07934
-5.07989
-5.08086
-5.08164
-5.08238
-5.08338
-5.08464
-5.08549
-5.08582
-5.08625
-5.08677
-5.08722
-5.08729
-5.08715
-5.08708
-5.08733
-5.08719
-5.08712
-5.08698
-5.08645
-5.08585
-5.08503
-5.08458
-5.08391
-5.08235
-5.08147
-5.08038
-5.07923
-5.07803
-5.07662
-5.07592
-5.07503
-5.07394
-5.07168
-5.07022
-5.06919
-5.06799
-5.0665
-5.065
-5.06352
-5.06235
-5.06105
-5.05885
-5.0575
-5.05635
-5.05525
-5.0542
-5.05322
-5.05215
-5.05146
-5.05055
-5.04956
-5.04889
-5.04877
-5.04828
-5.04803
-5.04788
-5.04767
-5.0474
-5.04767
-5.04834
-5.04858
-5.04921
-5.04976
-5.0507
-5.05125
-5.05203
-5.05287
-5.05407
-5.05618
-5.05724
-5.05833
-5.05931
-5.06047
-5.06196
-5.06302
-5.06439
-5.06577
-5.06808
-5.06916
-5.07022
-5.07142
-5.07245
-5.0736
-5.07473
-5.07568
-5.07674
-5.07844
-5.07923
-5.07982
-5.08037
-5.08131
-5.0822
-5.08289
-5.08382
-5.08424
-5.08535
-5.08573
-5.08575
-5.08601
-5.08621
-5.08619
-5.08626
-5.08656
-5.08665
-5.08602
-5.08546
-5.08529
-5.08521
-5.08476
-5.0844
-5.08353
-5.0832
-5.08296
-5.08035
-5.07934
-5.07812
-5.07686
-5.07614
-5.07523
-5.07397
-5.07281
-5.07161
-5.06923
-5.06836
-5.06715
-5.06591
-5.06448
-5.06348
-5.06216
-5.06111
-5.05959
-5.05619
-5.05447
-5.05289
-5.05146
-5.04988
-5.04829
-5.04671
-5.04513
-5.04311
-5.04017
-5.03866
-5.03717
-5.03556
-5.03428
-5.03303
-5.03212
-5.03065
-5.02938
-5.02668
-5.02556
-5.02465
-5.0235
-5.02257
-5.022
-5.02119
-5.02031
-5.0198
-5.01824
-5.01765
-5.01699
-5.0167
-5.01634
-5.01636
-5.01631
-5.01678
-5.01688
-5.01744
-5.01761
-5.01829
-5.01874
-5.01925
-5.01982
-5.02091
-5.02145
-5.02234
-5.02398
-5.02472
-5.02565
-5.02678
-5.02809
-5.02944
-5.03098
-5.03194
-5.03323
-5.03545
-5.03682
-5.03836
-5.03963
-5.04092
-5.04207
-5.04324
-5.04428
-5.04564
-5.04841
-5.04967
-5.05125
-5.05253
-5.05414
-5.05561
-5.05724
-5.05874
-5.06011
-5.06272
-5.06427
-5.06584
-5.06772
-5.06946
-5.0709
-5.07251
-5.07412
-5.07589
-5.07915
-5.08123
-5.08287
-5.08435
-5.08598
-5.08745
-5.08892
-5.09053
-5.09228
-5.09573
-5.09743
-5.09896
-5.10077
-5.10196
-5.10326
-5.10469
-5.10624
-5.1076
-5.11035
-5.11174
-5.11279
-5.11363
-5.11488
-5.11593
-5.11707
-5.11756
-5.11828
-5.12016
-5.12055
-5.12102
-5.12158
-5.12207
-5.12279
-5.12314
-5.12311
-5.12347
-5.1235
-5.12393
-5.12399
-5.12397
-5.12372
-5.1231
-5.12255
-5.12238
-5.12199
-5.12053
-5.11961
-5.11877
-5.11772
-5.11674
-5.1157
-5.11474
-5.11356
-5.11247
-5.10996
-5.10839
-5.10752
-5.10584
-5.10441
-5.10309
-5.10126
-5.09969
-5.09762
-5.09427
-5.09239
-5.09033
-5.08838
-5.08641
-5.08457
-5.08239
-5.08035
-5.0783
-5.07399
-5.07159
-5.06949
-5.06723
-5.06511
-5.0633
-5.06104
-5.05864
-5.05639
-5.05206
-5.0503
-5.04825
-5.04591
-5.04404
-5.0419
-5.03992
-5.03797
-5.03605
-5.03213
-5.03013
-5.02847
-5.02669
-5.0251
-5.02323
-5.02155
-5.01975
-5.01799
-5.01471
-5.01305
-5.01188
-5.01028
-5.00887
-5.00749
-5.0063
-5.00513
-5.004
-5.0015
-5.0006
-4.99957
-4.9984
-4.99726
-4.99599
-4.99458
-4.99349
-4.99242
-4.99029
-4.98909
-4.9882
-4.98716
-4.98627
-4.98523
-4.98419
-4.98301
-4.98182
-4.97958
-4.97854
-4.9778
-4.97736
-4.97647
-4.97588
-4.97439
-4.97336
-4.9722
-4.97021
-4.9694
-4.96861
-4.9674
-4.96668
-4.96601
-4.96553
-4.96465
-4.96398
-4.96315
-4.9627
-4.96233
-4.96206
-4.96173
-4.96121
-4.96095
-4.96096
-4.96139
-4.96264
-4.96347
-4.96443
-4.96538
-4.96648
-4.96802
-4.96941
-4.97093
-4.97261
-4.97622
-4.97846
-4.98082
-4.98317
-4.98563
-4.98866
-4.9912
-4.99413
-4.99702
-5.00287
-5.00598
-5.00946
-5.01253
-5.01564
-5.01909
-5.02226
-5.02544
-5.02892
-5.03527
-5.03842
-5.04184
-5.04508
-5.04826
-5.05125
-5.05418
-5.05689
-5.05998
-5.06564
-5.06834
-5.07095
-5.07332
-5.07574
-5.07791
-5.08028
-5.08239
-5.0844
-5.08778
-5.08946
-5.09072
-5.09233
-5.09352
-5.09506
-5.09603
-5.0972
-5.09811
-5.09946
-5.0999
-5.10039
-5.10063
-5.10108
-5.10128
-5.10184
-5.10215
-5.10223
-5.10183
-5.10182
-5.10187
-5.10155
-5.10085
-5.10023
-5.0994
-5.0985
-5.098
-5.09576
-5.09463
-5.09346
-5.09223
-5.09112
-5.08996
-5.08891
-5.08767
-5.08624
-5.08405
-5.08268
-5.08114
-5.07957
-5.07828
-5.07712
-5.07565
-5.0743
-5.0728
-5.0699
-5.06821
-5.06682
-5.06557
-5.06387
-5.06262
-5.06107
-5.05982
-5.05843
-5.05551
-5.05429
-5.05293
-5.05144
-5.04995
-5.04818
-5.04687
-5.04514
-5.04372
-5.04049
-5.03899
-5.03766
-5.03621
-5.03508
-5.03413
-5.03291
-5.03187
-5.03072
-5.02834
-5.02728
-5.02656
-5.02557
-5.02461
-5.0234
-5.02252
-5.02183
-5.02088
-5.0194
-5.01873
-5.0181
-5.01811
-5.01772
-5.01737
-5.01706
-5.01665
-5.01627
-5.01551
-5.01528
-5.01523
-5.01524
-5.01468
-5.01447
-5.01476
-5.01479
-5.01471
-5.01498
-5.01547
-5.01571
-5.01598
-5.01583
-5.01648
-5.01701
-5.01743
-5.01802
-5.01899
-5.01952
-5.02022
-5.02064
-5.02123
-5.02183
-5.02245
-5.02308
-5.02371
-5.02484
-5.02548
-5.02597
-5.02659
-5.02721
-5.02781
-5.02855
-5.02896
-5.02904
-5.02972
-5.03031
-5.03086
-5.03167
-5.03183
-5.03209
-5.032
-5.03185
-5.03194
-5.03208
-5.03212
-5.0321
-5.03169
-5.03121
-5.03065
-5.02986
-5.02928
-5.02862
-5.02674
-5.02552
-5.0245
-5.02355
-5.0222
-5.02092
-5.01939
-5.01792
-5.01607
-5.01299
-5.01087
-5.00882
-5.00714
-5.00493
-5.00279
-5.00059
-4.99831
-4.99581
-4.99003
-4.98736
-4.98495
-4.98249
-4.97969
-4.9767
-4.97399
-4.97111
-4.96851
-4.96329
-4.96068
-4.95793
-4.95519
-4.95247
-4.94977
-4.94696
-4.94449
-4.94175
-4.93614
-4.93372
-4.93122
-4.92939
-4.92703
-4.92521
-4.92331
-4.92135
-4.91918
-4.91558
-4.91399
-4.91236
-4.91129
-4.90986
-4.90869
-4.90778
-4.90712
-4.90642
-4.90533
-4.90525
-4.90497
-4.90494
-4.90486
-4.90473
-4.90469
-4.90475
-4.90476
-4.90503
-4.9053
-4.90595
-4.90654
-4.9072
-4.90808
-4.90904
-4.91023
-4.91133
-4.91357
-4.91456
-4.91576
-4.91687
-4.91818
-4.91954
-4.92111
-4.92258
-4.92424
-4.92771
-4.9292
-4.93089
-4.93293
-4.9347
-4.93666
-4.93882
-4.9407
-4.94217
-4.94627
-4.94785
-4.94945
-4.95155
-4.95382
-4.95628
-4.95862
-4.96099
-4.96339
-4.96796
-4.97029
-4.9725
-4.97503
-4.97743
-4.98001
-4.98262
-4.98494
-4.98713
-4.99202
-4.99442
-4.99714
-4.99987
-5.00277
-5.00537
-5.00769
-5.01016
-5.01264
-5.01808
-5.02073
-5.02338
-5.02587
-5.02822
-5.03071
-5.03349
-5.03612
-5.03844
-5.04364
-5.04607
-5.04863
-5.05148
-5.054
-5.05634
-5.05851
-5.06095
-5.06336
-5.06807
-5.07022
-5.07264
-5.07486
-5.07674
-5.07841
-5.08065
-5.08268
-5.08451
-5.08831
-5.09013
-5.09173
-5.09341
-5.09564
-5.0972
-5.099
-5.10027
-5.10178
-5.10457
-5.10616
-5.10753
-5.10836
-5.10912
-5.10935
-5.10966
-5.11004
-5.1108
-5.11163
-5.11216
-5.11201
-5.11239
-5.113
-5.11309
-5.11295
-5.1129
-5.11277
-5.11217
-5.11201
-5.11147
-5.11103
-5.11084
-5.11028
-5.10982
-5.10947
-5.10876
-5.10735
-5.10636
-5.10548
-5.10425
-5.10345
-5.10246
-5.10129
-5.10024
-5.09917
-5.09666
-5.09568
-5.09468
-5.09397
-5.09279
-5.09176
-5.09072
-5.08968
-5.08893
-5.08669
-5.0855
-5.08446
-5.08313
-5.08196
-5.08081
-5.07951
-5.07824
-5.07698
-5.07513
-5.0741
-5.07309
-5.0721
-5.071
-5.06993
-5.06904
-5.06805
-5.06739
-5.06559
-5.0649
-5.06442
-5.06383
-5.06328
-5.06279
-5.06204
-5.0615
-5.06147
