2     1.36274  0.00276292
1.99     1.37643  0.00296089
1.98     1.39094  0.00290793
1.97     1.40505  0.00297276
1.96     1.41915  0.00296717
1.95     1.43402  0.00316702
1.94     1.44901  0.00332452
1.93      1.4637  0.00339847
1.92     1.47957  0.00337326
1.91     1.49553  0.00346988
1.9     1.51212  0.00363563
1.89     1.52754  0.00382796
1.88     1.54375  0.00398545
1.87     1.56023  0.00408846
1.86     1.57813  0.00404853
1.85     1.59604    0.004114
1.84     1.61303  0.00413814
1.83     1.63155  0.00415406
1.82     1.64933   0.0041991
1.81     1.66801  0.00429178
1.8     1.68778  0.00424886
1.79     1.70852  0.00451806
1.78     1.72781  0.00452335
1.77     1.74834  0.00450202
1.76      1.7692  0.00453479
1.75     1.79076  0.00460921
1.74     1.81286  0.00500743
1.73     1.83503  0.00507679
1.72     1.85805  0.00506946
1.71     1.88177  0.00492537
1.7     1.90498  0.00511035
1.69     1.92903    0.005229
1.68     1.95496  0.00507271
1.67     1.98199  0.00515079
1.66     2.00835  0.00480015
1.65     2.03621  0.00482246
1.64      2.0652  0.00489846
1.63     2.09355  0.00515492
1.62      2.1205  0.00517197
1.61     2.15004  0.00558729
1.6     2.18026   0.0055026
1.59     2.21003  0.00580372
1.58     2.24119   0.0058337
1.57     2.27217  0.00576014
1.56     2.30619  0.00597223
1.55     2.34149  0.00637173
1.54     2.37613  0.00652423
1.53     2.40977  0.00606465
1.52     2.44465  0.00629784
1.51     2.48077  0.00661678
1.5     2.52016  0.00714352
1.49     2.56026   0.0068751
1.48     2.60065  0.00710007
1.47     2.64541  0.00774482
1.46       2.687  0.00729503
1.45     2.73144   0.0064264
1.44     2.77639  0.00621357
1.43     2.82539  0.00682876
1.42      2.8734  0.00690614
1.41     2.92169  0.00691056
1.4     2.97649   0.0067724
1.39      3.0291  0.00702613
1.38     3.08094  0.00741861
1.37     3.13547  0.00702213
1.36     3.19339  0.00783693
1.35     3.25451  0.00745856
1.34     3.31446  0.00859838
1.33     3.37871  0.00722298
1.32      3.4456  0.00634863
1.31     3.51271  0.00632546
1.3     3.58354  0.00597665
1.29     3.65334   0.0060014
1.28     3.72254  0.00726755
1.27     3.79345  0.00792979
1.26     3.87585  0.00801792
1.25     3.95831  0.00921171
1.24     4.03857   0.0107144
1.23     4.12684   0.0114572
1.22      4.2132   0.0112063
1.21     4.31065   0.0119489
1.2      4.4048   0.0126974
1.19     4.49788   0.0131545
1.18      4.6018     0.01388
1.17     4.71765   0.0138547
1.16     4.82896   0.0136042
1.15     4.94859   0.0155927
1.14     5.07029   0.0168549
1.13     5.18689   0.0189546
1.12     5.31986   0.0196489
1.11     5.46074   0.0204727
1.1     5.59286   0.0199137
1.09     5.73475   0.0213731
1.08     5.89865   0.0219503
1.07     6.05472   0.0194108
1.06      6.2118   0.0233114
1.05     6.39687   0.0208337
1.04     6.57416   0.0214876
1.03     6.75934   0.0201275
1.02     6.94912   0.0238692
1.01     7.17815   0.0249827
1     7.37881   0.0259972
0.99     7.60371   0.0291058
0.98     7.85326   0.0311824
0.97     8.08824   0.0362007
0.96     8.34725   0.0447143
0.95     8.62341   0.0463311
0.94     8.91253   0.0452466
0.93     9.18919   0.0482975
0.92     9.56192   0.0522453
0.91     9.90756   0.0559791
0.9     10.2095    0.056574
0.89     10.5755   0.0534167
0.88      10.951   0.0562135
0.87     11.3482   0.0588851
0.86     11.7651   0.0628675
0.85     12.2233   0.0631525
0.84     12.6979   0.0669506
0.83     13.2608   0.0699522
0.82     13.8417   0.0716052
0.81     14.4788   0.0745876
0.8     15.1645   0.0817096
0.79     15.9279   0.0827365
0.78     16.6379   0.0762385
0.77     17.3623    0.083784
0.76     18.1759    0.104432
0.75     19.0693    0.118824
0.74       19.96    0.125303
0.73     20.9365    0.119632
0.72     22.0708    0.137134
0.71     23.4251    0.125397
0.7     24.5714    0.148356
0.69     26.1698    0.130554
0.68     27.7545    0.165958
0.67     29.4132    0.207819
0.66      31.075    0.255126
0.65     33.0214    0.240678
0.64      35.047     0.33284
0.63      37.097    0.343859
0.62     39.4364    0.340555
0.61     41.8704    0.392295
0.6     44.4551    0.310667
0.59     47.2484    0.282057
0.58     50.1213    0.377049
0.57     53.3327    0.431003
0.56      56.782    0.486386
0.55      59.895    0.455683
0.54     63.3927    0.449413
0.53     67.0416    0.514486
0.52     70.9469    0.556157
0.51     74.9717    0.480905
0.5     78.9988    0.600017
