2     1.35751  0.00319763
1.99     1.36993  0.00252887
1.98     1.38825   0.0019984
1.97     1.39875  0.00379819
1.96      1.4178  0.00357153
1.95     1.42576  0.00318311
1.94     1.44665  0.00334102
1.93     1.45769  0.00333863
1.92     1.47922  0.00266852
1.91     1.49588  0.00338116
1.9     1.50643  0.00343648
1.89     1.52146   0.0033803
1.88     1.53601    0.002598
1.87     1.55654  0.00458751
1.86     1.57319  0.00261454
1.85     1.59264  0.00417866
1.84     1.60968  0.00323593
1.83     1.63153   0.0034241
1.82     1.65019  0.00312132
1.81     1.67295  0.00272382
1.8     1.68429  0.00356276
1.79     1.70283  0.00475614
1.78     1.72911  0.00324786
1.77     1.74975  0.00395015
1.76     1.77036  0.00467716
1.75     1.79228  0.00328896
1.74     1.81553   0.0033877
1.73     1.84129  0.00454477
1.72     1.86022  0.00626427
1.71       1.884    0.005915
1.7     1.91444  0.00584339
1.69     1.92736  0.00527911
1.68     1.94984  0.00471116
1.67     1.98264  0.00483178
1.66     2.00703  0.00714755
1.65     2.03355  0.00607038
1.64     2.06405  0.00644384
1.63     2.08924  0.00376544
1.62     2.10765  0.00498983
1.61     2.14635  0.00720892
1.6     2.17963  0.00593355
1.59     2.21741  0.00448789
1.58     2.24517  0.00752094
1.57     2.27679  0.00602054
1.56     2.31141  0.00546096
1.55      2.3416  0.00699221
1.54     2.37983  0.00631865
1.53     2.40613  0.00826509
1.52     2.44835  0.00599216
1.51     2.48274     0.00693
1.5     2.53895  0.00749636
1.49     2.56077  0.00755618
1.48     2.62475  0.00574482
1.47     2.64431  0.00931902
1.46     2.68774   0.0107003
1.45     2.75008  0.00628484
1.44     2.78731  0.00754534
1.43     2.83943  0.00674041
1.42      2.8699  0.00860359
1.41     2.92953   0.0100314
1.4      2.9671   0.0103567
1.39     3.01009  0.00991785
1.38     3.08871  0.00933662
1.37     3.14466  0.00928735
1.36     3.19833   0.0096726
1.35     3.26253  0.00880059
1.34     3.30097  0.00914518
1.33     3.38184   0.0115187
1.32     3.44521   0.0157421
1.31     3.49916   0.0111905
1.3     3.58509   0.0122912
1.29     3.65695   0.0122031
1.28     3.72189  0.00842451
1.27     3.79034   0.0123274
1.26     3.89576   0.0102179
1.25     3.97868   0.0175726
1.24      4.0443   0.0158448
1.23     4.12543   0.0144853
1.22     4.17812   0.0139611
1.21     4.29823   0.0149771
1.2     4.41111   0.0148366
1.19     4.50395    0.015231
1.18     4.62269   0.0167237
1.17       4.724   0.0157892
1.16     4.80255   0.0211781
1.15     4.94472   0.0191108
1.14     5.01951   0.0100689
1.13     5.19759   0.0202801
1.12     5.34565   0.0233605
1.11     5.43031   0.0225357
1.1      5.5857   0.0176568
1.09     5.72025   0.0211515
1.08      5.9167   0.0232421
1.07     6.03016   0.0278892
1.06     6.25276   0.0196669
1.05     6.44582   0.0284776
1.04     6.60327   0.0360597
1.03     6.77703    0.030695
1.02     6.93791   0.0427172
1.01     7.18059   0.0340932
1     7.34989    0.033415
0.99     7.60484   0.0452939
0.98     7.79169   0.0393888
0.97     8.04815   0.0355867
0.96     8.39271   0.0495782
0.95     8.62489   0.0686576
0.94      8.9801   0.0429774
0.93     9.30092   0.0446421
0.92     9.62237   0.0602923
0.91      9.8414   0.0506315
0.9     10.2379   0.0503368
0.89     10.6246   0.0660406
0.88     11.1267   0.0684824
0.87     11.3813   0.0845517
0.86     11.8944   0.0749251
0.85     12.3847   0.0952413
0.84     12.8768   0.0727403
0.83      13.446   0.0949817
0.82     13.9674   0.0751826
0.81     14.5656   0.0945954
0.8     15.1438   0.0797865
0.79     15.7642    0.108324
0.78     16.6553    0.122947
0.77     17.4489    0.115533
0.76     18.2667    0.150432
0.75       19.21    0.114903
0.74      19.921    0.185697
0.73     21.2873    0.126735
0.72     22.4075    0.175757
0.71     23.4669    0.174604
0.7       24.82    0.186911
0.69      25.914    0.215705
0.68     27.6542    0.213575
0.67     29.6395    0.246117
0.66     31.0921    0.199998
0.65     32.5279    0.238989
0.64     35.0352     0.30159
0.63     36.8142    0.324261
0.62     39.5637    0.294321
0.61     42.1626    0.353284
0.6     44.6228    0.348192
0.59     46.7637    0.358757
0.58     49.9399    0.487275
0.57     52.9697    0.420796
0.56     56.2775    0.401787
0.55     59.6989    0.506721
0.54     62.7538     0.55031
0.53     66.5839    0.390304
0.52     72.1451    0.523631
0.51      76.102    0.422878
0.5     79.3997    0.560868
