2   -0.462096 0.000185237
1.99    -0.46404  0.00014468
1.98   -0.466168 0.000167773
1.97   -0.467921 0.000185561
1.96    -0.47012 0.000142622
1.95   -0.472046 0.000170281
1.94   -0.474397 0.000178672
1.93   -0.476465  0.00020487
1.92   -0.478628 0.000129318
1.91   -0.480609 0.000147282
1.9   -0.482361 0.000191522
1.89   -0.484783 0.000176358
1.88   -0.486777 0.000138717
1.87   -0.489037  0.00020234
1.86   -0.491178 0.000178692
1.85   -0.493349 0.000152214
1.84   -0.495698 0.000159169
1.83   -0.497856 0.000159213
1.82    -0.50001 0.000179799
1.81   -0.502301 0.000146755
1.8     -0.5049 0.000175144
1.79   -0.506833 0.000197485
1.78   -0.509546 0.000172905
1.77   -0.511776 0.000191893
1.76   -0.513934 0.000167335
1.75   -0.516438  0.00020197
1.74   -0.518935 0.000167664
1.73   -0.521337 0.000191151
1.72   -0.523903 0.000170856
1.71   -0.526298  0.00019609
1.7   -0.528624 0.000215864
1.69   -0.530955   0.0001823
1.68   -0.533723 0.000164194
1.67   -0.536469 0.000176994
1.66   -0.538753 0.000153016
1.65   -0.541239 0.000197499
1.64   -0.544182 0.000168841
1.63   -0.546677 0.000229925
1.62   -0.549033 0.000202283
1.61   -0.551907 0.000165403
1.6   -0.554589  0.00015569
1.59   -0.557437  0.00018406
1.58   -0.559919 0.000181721
1.57   -0.562749 0.000166762
1.56   -0.565951 0.000160874
1.55   -0.568332 0.000168909
1.54   -0.571201 0.000174101
1.53   -0.574301 0.000122784
1.52   -0.576932 0.000157746
1.51   -0.579979 0.000179402
1.5   -0.582928 0.000152862
1.49   -0.585534 0.000178273
1.48    -0.58881 0.000239757
1.47   -0.591644 0.000190596
1.46   -0.594473 0.000227217
1.45   -0.598072 0.000163182
1.44    -0.60081 0.000221042
1.43   -0.604006 0.000207354
1.42   -0.607136  0.00019031
1.41   -0.610297 0.000200013
1.4   -0.613401 0.000169477
1.39   -0.616277 0.000199825
1.38   -0.619907 0.000155719
1.37   -0.623101 0.000148192
1.36   -0.626828 0.000163507
1.35   -0.629982 0.000199174
1.34   -0.633024 0.000185601
1.33   -0.636427 0.000168848
1.32   -0.639619  0.00018784
1.31   -0.643205 0.000162618
1.3   -0.646648 0.000207028
1.29   -0.649846 0.000191107
1.28   -0.653516 0.000142897
1.27   -0.657241   0.0002667
1.26    -0.66084 0.000214916
1.25   -0.664309 0.000173846
1.24   -0.667729 0.000228303
1.23   -0.671324  0.00018623
1.22   -0.675024 0.000249757
1.21   -0.678538 0.000220896
1.2   -0.682116 0.000234406
1.19   -0.685783 0.000212106
1.18    -0.68974 0.000144916
1.17   -0.693427 0.000137135
1.16   -0.697391 0.000237963
1.15   -0.701093 0.000278231
1.14    -0.70471  0.00019297
1.13    -0.70924 0.000173865
1.12   -0.712887 0.000197838
1.11   -0.716859 0.000206808
1.1   -0.720442 0.000192313
1.09    -0.72481  0.00022484
1.08   -0.728822 0.000207994
1.07    -0.73256 0.000234332
1.06   -0.736841 0.000137624
1.05   -0.740982 0.000227879
1.04   -0.744879 0.000183091
1.03   -0.748911 0.000238008
1.02   -0.753593 0.000178817
1.01    -0.75759 0.000301597
1     -0.7616 0.000207331
0.99    -0.76585  0.00017591
0.98   -0.770218 0.000261069
0.97   -0.774227 0.000191366
0.96   -0.778533 0.000261034
0.95   -0.782859 0.000275442
0.94    -0.78717 0.000220847
0.93   -0.791598 0.000307075
0.92   -0.795724  0.00025428
0.91   -0.799688 0.000261662
0.9   -0.804221 0.000264093
0.89   -0.808803 0.000262225
0.88   -0.813445 0.000220091
0.87   -0.817409 0.000294713
0.86   -0.821692 0.000257148
0.85   -0.826139 0.000262567
0.84   -0.830789 0.000265129
0.83   -0.835495 0.000292607
0.82   -0.839224 0.000200005
0.81   -0.843948 0.000302433
0.8   -0.848159 0.000281755
0.79   -0.852729 0.000288215
0.78   -0.857101 0.000360514
0.77   -0.861597 0.000303996
0.76   -0.865861 0.000330748
0.75     -0.8706 0.000250901
0.74    -0.87452 0.000366164
0.73   -0.879209 0.000259623
0.72   -0.883804 0.000411857
0.71   -0.887718  0.00034158
0.7   -0.892431 0.000310899
0.69   -0.896208 0.000356362
0.68   -0.900732 0.000335841
0.67   -0.905477   0.0003361
0.66   -0.909555 0.000406696
0.65   -0.913313 0.000410907
0.64   -0.918648 0.000510567
0.63   -0.922072 0.000449339
0.62   -0.927196 0.000435429
0.61    -0.93175 0.000470595
0.6   -0.935639 0.000446459
0.59   -0.939012 0.000435698
0.58   -0.943299  0.00060982
0.57   -0.947456 0.000496748
0.56    -0.95147 0.000483974
0.55   -0.955562 0.000529894
0.54   -0.959004 0.000570964
0.53   -0.962982 0.000429509
0.52   -0.968617  0.00054959
0.51   -0.971949 0.000483493
0.5   -0.974565 0.000614466
