2   -0.462153 0.000115778
1.99   -0.464157 0.000115067
1.98   -0.466157 0.000116764
1.97   -0.468182  0.00011882
1.96   -0.470177 0.000116846
1.95   -0.472214 0.000127244
1.94    -0.47432  0.00012689
1.93   -0.476334 0.000127348
1.92   -0.478455 0.000126687
1.91    -0.48055 0.000130895
1.9   -0.482648 0.000128131
1.89   -0.484742 0.000126155
1.88   -0.486876 0.000121521
1.87   -0.489055 0.000120651
1.86   -0.491239 0.000117167
1.85   -0.493451 0.000124108
1.84   -0.495661 0.000126133
1.83   -0.497897  0.00012446
1.82   -0.500103 0.000122028
1.81   -0.502371 0.000116094
1.8   -0.504687 0.000127415
1.79   -0.506998 0.000128458
1.78   -0.509286  0.00013586
1.77    -0.51167 0.000141165
1.76   -0.514047  0.00014579
1.75   -0.516428 0.000144932
1.74   -0.518834 0.000151397
1.73   -0.521269 0.000153634
1.72    -0.52371 0.000150741
1.71   -0.526201 0.000154501
1.7   -0.528658 0.000162493
1.69   -0.531178  0.00016118
1.68   -0.533699 0.000163755
1.67   -0.536267 0.000156581
1.66   -0.538854 0.000160515
1.65   -0.541426 0.000158541
1.64   -0.544004 0.000154039
1.63    -0.54665  0.00014822
1.62   -0.549299   0.0001495
1.61   -0.551998  0.00014354
1.6   -0.554684 0.000148753
1.59   -0.557387  0.00015529
1.58   -0.560123 0.000161171
1.57   -0.562869 0.000153654
1.56   -0.565622 0.000151959
1.55   -0.568402 0.000149348
1.54   -0.571205 0.000146137
1.53   -0.574074 0.000143578
1.52    -0.57695 0.000133562
1.51   -0.579814 0.000129994
1.5   -0.582767 0.000138197
1.49   -0.585709 0.000131681
1.48   -0.588664 0.000124794
1.47   -0.591718 0.000113741
1.46   -0.594721  0.00011427
1.45   -0.597797 0.000115687
1.44   -0.600886 0.000113903
1.43   -0.604003 0.000113258
1.42   -0.607121 0.000110307
1.41   -0.610229 0.000112274
1.4   -0.613465 0.000126576
1.39   -0.616668 0.000122898
1.38   -0.619877 0.000107856
1.37   -0.623092 0.000108994
1.36   -0.626326 0.000124132
1.35   -0.629638  0.00011551
1.34    -0.63297 0.000123323
1.33   -0.636324 0.000128224
1.32    -0.63972 0.000146056
1.31   -0.643139 0.000138125
1.3   -0.646618 0.000147472
1.29   -0.650065 0.000144309
1.28   -0.653562 0.000157003
1.27   -0.657081  0.00016164
1.26   -0.660654 0.000165332
1.25   -0.664245 0.000175406
1.24   -0.667835 0.000176074
1.23   -0.671529  0.00016553
1.22   -0.675079 0.000152421
1.21   -0.678752 0.000154763
1.2   -0.682468 0.000150442
1.19   -0.686182 0.000159807
1.18   -0.689914 0.000143501
1.17    -0.69373 0.000135361
1.16    -0.69752 0.000136576
1.15   -0.701379 0.000155416
1.14   -0.705267 0.000144408
1.13   -0.709147 0.000138034
1.12   -0.713109 0.000152496
1.11   -0.717055 0.000145059
1.1   -0.720991 0.000157462
1.09   -0.725055 0.000146912
1.08   -0.729076 0.000158805
1.07   -0.733055 0.000161531
1.06   -0.737049  0.00016988
1.05   -0.741192 0.000168189
1.04   -0.745245 0.000165296
1.03   -0.749295 0.000167372
1.02   -0.753421 0.000161724
1.01   -0.757691  0.00015741
1   -0.761729 0.000160764
0.99   -0.765912 0.000154204
0.98   -0.770146 0.000132818
0.97   -0.774389  0.00017709
0.96    -0.77863 0.000197643
0.95    -0.78289 0.000200714
0.94    -0.78716 0.000186204
0.93   -0.791454 0.000191203
0.92   -0.795954 0.000188429
0.91   -0.800396 0.000200858
0.9   -0.804659 0.000198907
0.89   -0.809012 0.000205829
0.88    -0.81335 0.000198368
0.87   -0.817713 0.000209225
0.86   -0.821904 0.000196921
0.85   -0.826256  0.00015968
0.84   -0.830698 0.000162675
0.83   -0.835036 0.000167731
0.82   -0.839561  0.00016964
0.81   -0.844034 0.000198171
0.8   -0.848533 0.000247505
0.79   -0.852958 0.000248281
0.78   -0.857357 0.000238452
0.77   -0.861758 0.000288786
0.76   -0.866066  0.00030156
0.75   -0.870456 0.000295064
0.74   -0.874726 0.000289487
0.73   -0.878992 0.000265295
0.72   -0.883523  0.00029747
0.71   -0.888134  0.00028593
0.7   -0.892242 0.000297235
0.69   -0.896851  0.00023905
0.68   -0.901243 0.000218483
0.67   -0.905539 0.000268831
0.66   -0.909689 0.000326859
0.65   -0.914154 0.000323573
0.64   -0.918523  0.00042274
0.63   -0.922693 0.000445386
0.62   -0.927055 0.000439423
0.61   -0.931261 0.000513888
0.6   -0.935422 0.000431629
0.59   -0.939627  0.00037589
0.58   -0.943718 0.000460744
0.57   -0.948042 0.000488991
0.56   -0.952256   0.0005463
0.55   -0.955824 0.000531347
0.54   -0.959712 0.000523364
0.53   -0.963375 0.000581577
0.52   -0.967104   0.0006242
0.51   -0.970712 0.000523917
0.5   -0.973989 0.000619039
