1     -0.4336
2     -0.5936
3     -0.5952
4      -0.672
5     -0.7496
6     -0.7496
7     -0.8304
8     -0.8296
9     -0.8272
10     -0.8256
11     -0.8288
12     -0.8312
13     -0.8328
14     -0.8352
15     -0.8352
16     -0.8376
17      -0.836
18     -0.8336
19     -0.8344
20     -0.8352
21     -0.8392
22     -0.8376
23      -0.836
24     -0.8368
25     -0.8368
26     -0.8344
27     -0.8352
28     -0.8344
29     -0.9128
30      -0.912
31      -0.912
32     -0.9128
33     -0.9136
34     -0.9128
35     -0.9144
36     -0.9144
37     -0.9128
38      -0.912
39     -0.9104
40     -0.9104
41     -0.9112
42     -0.8304
43     -0.8328
44      -0.832
45      -0.832
46      -0.832
47     -0.8352
48     -0.8336
49     -0.8336
50     -0.8336
51      -0.836
52     -0.8336
53     -0.8336
54     -0.8328
55     -0.8312
56     -0.8304
57     -0.8296
58     -0.8288
59     -0.8296
60      -0.832
61      -0.832
62     -0.8336
63     -0.8352
64      -0.836
65     -0.8384
66     -0.8384
67     -0.8392
68     -0.8392
69     -0.9208
70       -0.92
71       -0.92
72       -0.92
73     -0.9184
74     -0.9192
75     -0.9184
76     -0.9192
77     -0.9216
78     -0.9216
79     -0.9208
80     -0.9216
81     -0.9216
82     -0.9224
83     -0.9208
84       -0.92
85     -0.9224
86      -0.924
87      -0.924
88     -0.9224
89     -0.9232
90     -0.9232
91      -0.924
92     -0.9232
93     -0.9248
94     -0.9248
95     -0.9248
96     -0.9224
97     -0.9216
98     -0.9216
99     -0.9224
100      -0.924
101     -0.9248
102     -0.9232
103     -0.9224
104     -0.9216
105     -0.9224
106     -0.9224
107     -0.9224
108       -0.92
109       -0.92
110     -0.9208
111     -0.9216
112     -0.9192
113     -0.9192
114     -0.9192
115     -0.9192
116     -0.9192
117     -0.9184
118     -0.9192
119     -0.9184
120     -0.9184
121     -0.9176
122     -0.9176
123     -0.9184
124      -0.916
125     -0.9184
126       -0.92
127     -0.9208
128     -0.9208
129       -0.92
130     -0.9208
131       -0.92
132     -0.9232
133     -0.9216
134     -0.9208
135     -0.9232
136     -0.9248
137     -0.9256
138     -0.9264
139     -0.9272
140      -0.928
141      -0.928
142     -0.9272
143     -0.9264
144     -0.9272
145     -0.9272
146      -0.928
147     -0.9288
148     -0.9296
149     -0.9288
150     -0.9272
151     -0.9272
152     -0.9288
153      -0.928
154      -0.928
155     -0.9296
156     -0.9312
157      -0.932
158     -0.9312
159     -0.9312
160      -0.932
161     -0.9328
162     -0.9336
163     -0.9344
164     -0.9344
165     -0.9336
166      -0.932
167     -0.9328
168     -0.9336
169     -0.9336
170     -0.8528
171     -0.8528
172      -0.852
173     -0.9328
174     -0.9328
175      -0.932
176     -0.9336
177     -0.9328
178     -0.9336
179     -0.9312
180      -0.932
181     -0.9344
182     -0.9344
183     -0.9344
184     -0.9344
185      -0.932
186      -0.932
187      -0.932
188      -0.932
189     -0.9312
190     -0.9312
191     -0.9296
192     -0.9312
193     -0.9328
194     -0.9328
195     -0.9312
196     -0.9304
197     -0.9296
198     -0.9288
199     -0.9272
200     -0.9272
201      -0.928
202      -0.928
203     -0.9288
204      -0.928
205      -0.928
206     -0.9272
207     -0.9288
208     -0.9288
209     -0.9288
210     -0.9304
211     -0.9312
212     -0.9312
213     -0.9296
214      -0.848
215     -0.8464
216     -0.8456
217     -0.8464
218     -0.8456
219     -0.8464
220     -0.8456
221     -0.8448
222     -0.8432
223     -0.8472
224      -0.848
225      -0.848
226     -0.8488
227     -0.8512
228     -0.8536
229     -0.8544
230     -0.8544
231     -0.8544
232     -0.8536
233     -0.8552
234     -0.8496
235     -0.8504
236     -0.8488
237     -0.8472
238     -0.8512
239     -0.8512
240     -0.8504
241     -0.8504
242     -0.8496
243     -0.8512
244     -0.8504
245     -0.8528
246      -0.852
247      -0.848
248     -0.8504
249     -0.8496
250      -0.848
251     -0.8488
252     -0.8464
253     -0.8488
254      -0.848
255     -0.8504
256     -0.8528
257      -0.852
258     -0.9328
259     -0.9328
260     -0.9336
261     -0.9336
262     -0.9344
263      -0.936
264     -0.9368
265      -0.936
266      -0.936
267      -0.936
268     -0.9368
269     -0.9368
270     -0.9368
271     -0.9384
272       -1.02
273       -1.02
274       -1.02
275       -1.02
276       -1.02
277       -1.02
278       -1.02
279       -1.02
280       -1.02
281       -1.02
282       -1.02
283       -1.02
284       -1.02
285       -1.02
286       -1.02
287       -1.02
288       -1.02
289       -1.02
290       -1.02
291       -1.02
292       -1.02
293       -1.02
294       -1.02
295       -1.02
296       -1.02
297       -1.02
298       -1.02
299       -1.02
300       -1.02
301       -1.02
302       -1.02
303       -1.02
304       -1.02
305       -1.02
306       -1.02
307       -1.02
308       -1.02
309       -1.02
310       -1.02
311       -1.02
312       -1.02
313       -1.02
314       -1.02
315       -1.02
316       -1.02
317       -1.02
318       -1.02
319       -1.02
320       -1.02
321       -1.02
322       -1.02
323       -1.02
324       -1.02
325       -1.02
326       -1.02
327       -1.02
328       -1.02
329       -1.02
330       -1.02
331       -1.02
332       -1.02
333       -1.02
334       -1.02
335       -1.02
336       -1.02
337       -1.02
338       -1.02
339       -1.02
340       -1.02
341       -1.02
342       -1.02
343       -1.02
344       -1.02
345       -1.02
346       -1.02
347       -1.02
348       -1.02
349       -1.02
350       -1.02
351       -1.02
352       -1.02
353       -1.02
354       -1.02
355       -1.02
356       -1.02
357       -1.02
358       -1.02
359       -1.02
360       -1.02
361     -0.9392
362     -0.9392
363     -0.9392
364       -1.02
365       -1.02
366       -1.02
367       -1.02
368       -1.02
369       -1.02
370       -1.02
371       -1.02
372       -1.02
373       -1.02
374       -1.02
375       -1.02
376       -1.02
377       -1.02
378       -1.02
379       -1.02
380       -1.02
381       -1.02
382       -1.02
383       -1.02
384       -1.02
385       -1.02
386       -1.02
387       -1.02
388       -1.02
389       -1.02
390       -1.02
391       -1.02
392       -1.02
393       -1.02
394       -1.02
395       -1.02
396       -1.02
397       -1.02
398       -1.02
399       -1.02
400       -1.02
401       -1.02
402       -1.02
403       -1.02
404       -1.02
405       -1.02
406       -1.02
407       -1.02
408       -1.02
409       -1.02
410       -1.02
411       -1.02
412       -1.02
413       -1.02
414       -1.02
415       -1.02
416       -1.02
417       -1.02
418       -1.02
419       -1.02
420       -1.02
421       -1.02
422     -0.9392
423     -0.9384
424     -0.9392
425     -0.9392
426       -1.02
427       -1.02
428       -1.02
429       -1.02
430       -1.02
431       -1.02
432       -1.02
433       -1.02
434       -1.02
435       -1.02
436       -1.02
437       -1.02
438       -1.02
439       -1.02
440       -1.02
441       -1.02
442       -1.02
443       -1.02
444       -1.02
445       -1.02
446       -1.02
447       -1.02
448       -1.02
449       -1.02
450       -1.02
451       -1.02
452       -1.02
453       -1.02
454     -0.9392
455     -0.9392
456     -0.9392
457     -0.9376
458     -0.9376
459     -0.9384
460      -0.936
461     -0.9368
462     -0.9368
463     -0.9384
464     -0.9376
465     -0.9368
466     -0.9392
467       -1.02
468       -1.02
469       -1.02
470       -1.02
471       -1.02
472       -1.02
473       -1.02
474       -1.02
475       -1.02
476       -1.02
477       -1.02
478       -1.02
479       -1.02
480       -1.02
481       -1.02
482       -1.02
483       -1.02
484       -1.02
485       -1.02
486       -1.02
487       -1.02
488       -1.02
489       -1.02
490       -1.02
491       -1.02
492       -1.02
493       -1.02
494       -1.02
495       -1.02
496       -1.02
497       -1.02
498       -1.02
499       -1.02
500       -1.02
