2    0.196745 0.000172373
1.99    0.198218 0.000175493
1.98     0.19973 0.000178213
1.97    0.201278 0.000176039
1.96    0.202798 0.000181738
1.95    0.204368 0.000187398
1.94    0.205917 0.000195379
1.93    0.207443 0.000190819
1.92    0.209122 0.000191808
1.91    0.210821 0.000190275
1.9    0.212496 0.000181996
1.89    0.214131  0.00016094
1.88    0.215842 0.000176412
1.87    0.217643 0.000177905
1.86    0.219372 0.000167978
1.85    0.221058 0.000186954
1.84    0.222837 0.000193158
1.83    0.224551  0.00019926
1.82    0.226304 0.000181233
1.81    0.228078 0.000205932
1.8      0.2299 0.000206755
1.79    0.231762 0.000217954
1.78    0.233694 0.000219903
1.77     0.23557 0.000199997
1.76    0.237561 0.000192693
1.75    0.239531 0.000206508
1.74    0.241418 0.000195962
1.73    0.243348 0.000191962
1.72    0.245407 0.000181249
1.71    0.247522 0.000188277
1.7     0.24951 0.000166721
1.69    0.251546 0.000201014
1.68    0.253498 0.000205537
1.67    0.255623  0.00025014
1.66    0.257741 0.000270344
1.65    0.259822 0.000267446
1.64    0.261814 0.000245999
1.63    0.263966 0.000218076
1.62     0.26615 0.000211162
1.61    0.268302 0.000206034
1.6    0.270625 0.000209562
1.59     0.27279 0.000235663
1.58    0.275145 0.000239971
1.57    0.277403 0.000232084
1.56    0.279672 0.000253462
1.55    0.282027 0.000258391
1.54    0.284266 0.000220921
1.53     0.28647 0.000244489
1.52     0.28876 0.000257642
1.51    0.291193 0.000270628
1.5    0.293561 0.000312477
1.49    0.296064 0.000287879
1.48    0.298589  0.00028699
1.47    0.300938 0.000307236
1.46    0.303417 0.000311525
1.45    0.305825 0.000339034
1.44    0.308318 0.000311238
1.43    0.310856 0.000299147
1.42    0.313208 0.000303461
1.41    0.315595 0.000360699
1.4    0.318074 0.000357479
1.39    0.320518 0.000373126
1.38    0.323045 0.000322063
1.37    0.325599 0.000329743
1.36    0.327934 0.000377494
1.35     0.33046  0.00038204
1.34     0.33317 0.000415103
1.33    0.335867 0.000372276
1.32    0.338694 0.000374841
1.31    0.341534 0.000426906
1.3    0.344228 0.000367141
1.29     0.34709  0.00032996
1.28     0.34965 0.000312096
1.27    0.352337    0.000365
1.26    0.355011 0.000393464
1.25    0.357634 0.000371155
1.24    0.359978 0.000400611
1.23    0.362745 0.000455257
1.22    0.365381  0.00041802
1.21    0.368168 0.000409846
1.2    0.371038 0.000543115
1.19    0.373663 0.000477641
1.18    0.376554 0.000522995
1.17    0.379163 0.000481607
1.16    0.381584 0.000456538
1.15    0.384245 0.000543807
1.14    0.387148 0.000487128
1.13    0.389577 0.000577528
1.12    0.392224 0.000561968
1.11    0.394815 0.000556763
1.1    0.397034 0.000528447
1.09    0.399586 0.000549455
1.08    0.401945 0.000506191
1.07    0.404785 0.000491782
1.06    0.407159 0.000618699
1.05    0.409632 0.000708909
1.04     0.41162 0.000849507
1.03    0.413677 0.000861296
1.02    0.415789  0.00084671
1.01     0.41838 0.000888103
1    0.420417 0.000934121
0.99    0.422049 0.000928223
0.98    0.424307 0.000900342
0.97    0.425987 0.000879672
0.96    0.427589  0.00093874
0.95     0.42926 0.000973015
0.94    0.430304  0.00107193
0.93    0.431303  0.00110951
0.92    0.433958  0.00104075
0.91    0.434727  0.00103691
0.9    0.435342  0.00103272
0.89    0.436113 0.000997145
0.88    0.436477 0.000950433
0.87    0.438067   0.0010182
0.86    0.438982  0.00104236
0.85    0.439346  0.00119188
0.84    0.439095  0.00123357
0.83    0.439546  0.00139848
0.82    0.439797   0.0013943
0.81    0.439578  0.00129844
0.8    0.439245  0.00146435
0.79      0.4397  0.00125839
0.78    0.438408  0.00153606
0.77    0.437763  0.00153722
0.76    0.436959  0.00122276
0.75    0.436534  0.00154652
0.74     0.43599   0.0016972
0.73    0.433296  0.00195128
0.72    0.431847  0.00215392
0.71    0.432182  0.00216583
0.7    0.430465  0.00201572
0.69    0.432225  0.00185362
0.68    0.432246  0.00221554
0.67    0.432244  0.00195419
0.66    0.430519  0.00176405
0.65    0.429392  0.00215499
0.64    0.428133  0.00253667
0.63    0.425706  0.00259793
0.62    0.424991  0.00240335
0.61    0.423103  0.00225486
0.6    0.421869  0.00227335
0.59    0.418729  0.00221094
0.58    0.413584  0.00210517
0.57    0.408621  0.00218343
0.56    0.401926  0.00206967
0.55    0.395695  0.00259002
0.54     0.38698   0.0027686
0.53    0.376708  0.00328433
0.52    0.362275  0.00399058
0.51    0.347608  0.00388893
0.5    0.330416  0.00454033
