2    0.196544 0.000259475
1.99    0.198089  0.00027483
1.98    0.199999 0.000263265
1.97    0.201578 0.000276311
1.96    0.202605 0.000319962
1.95    0.203879 0.000305739
1.94    0.206302 0.000257751
1.93    0.207868 0.000263243
1.92    0.208845 0.000281995
1.91    0.210847 0.000254762
1.9    0.212735 0.000252579
1.89    0.213882 0.000314809
1.88    0.215819 0.000278676
1.87    0.217065 0.000279214
1.86    0.219011 0.000296553
1.85    0.221003 0.000281902
1.84      0.2227 0.000289409
1.83    0.224901 0.000429604
1.82    0.226371 0.000322123
1.81    0.228245  0.00029789
1.8    0.229987 0.000445888
1.79    0.231678 0.000328734
1.78    0.234225   0.0002476
1.77    0.234933 0.000334111
1.76    0.237403 0.000330542
1.75    0.239393 0.000349926
1.74    0.241093 0.000370561
1.73    0.243824 0.000365598
1.72    0.244938 0.000333678
1.71    0.246565  0.00026214
1.7    0.249894 0.000422375
1.69    0.251262 0.000320649
1.68    0.252772 0.000285123
1.67    0.255439 0.000364611
1.66    0.257721 0.000327941
1.65    0.260049   0.0002609
1.64    0.262648 0.000398177
1.63    0.263628 0.000403192
1.62    0.266025 0.000457518
1.61     0.26927 0.000356066
1.6    0.270402 0.000402372
1.59    0.272922 0.000414034
1.58    0.275828 0.000591094
1.57    0.276718 0.000330899
1.56     0.27893 0.000429784
1.55    0.282483 0.000420415
1.54    0.283929 0.000412305
1.53    0.286472 0.000569045
1.52    0.288893 0.000443382
1.51     0.29054 0.000414699
1.5    0.293565 0.000527893
1.49    0.295622 0.000462696
1.48    0.298206 0.000314774
1.47    0.300897 0.000339011
1.46     0.30307 0.000603133
1.45    0.305073 0.000548184
1.44    0.309011 0.000519117
1.43    0.311403 0.000408165
1.42    0.313415 0.000418882
1.41     0.31409 0.000606589
1.4    0.317564 0.000487177
1.39    0.320807 0.000354873
1.38    0.322054  0.00065508
1.37    0.325858 0.000492649
1.36    0.329274 0.000628797
1.35    0.331125 0.000572855
1.34    0.333442 0.000509697
1.33    0.335834 0.000592036
1.32     0.33989 0.000871716
1.31    0.342286 0.000558594
1.3     0.34504 0.000323764
1.29    0.346981 0.000566007
1.28    0.350062 0.000697726
1.27    0.352554 0.000651398
1.26    0.354338  0.00050903
1.25    0.359097 0.000737966
1.24      0.3603 0.000440516
1.23    0.362127 0.000719498
1.22    0.366283 0.000737389
1.21      0.3677 0.000651772
1.2    0.369865 0.000736017
1.19    0.373753 0.000740822
1.18    0.376731  0.00081923
1.17    0.378592 0.000694091
1.16    0.380431 0.000696832
1.15    0.384439 0.000735315
1.14    0.386245 0.000959175
1.13    0.388772   0.0010406
1.12    0.392407 0.000982324
1.11    0.393843 0.000826505
1.1    0.396694  0.00107487
1.09    0.400909 0.000811253
1.08    0.401456 0.000935099
1.07    0.403531 0.000712954
1.06    0.407156 0.000905596
1.05    0.411251 0.000849607
1.04    0.411718 0.000979464
1.03    0.415236 0.000954423
1.02     0.41545   0.0011084
1.01       0.418  0.00117067
1    0.420204 0.000800111
0.99    0.423092  0.00119256
0.98    0.422878  0.00108847
0.97    0.424501  0.00096578
0.96    0.425149  0.00127327
0.95    0.428679  0.00111119
0.94     0.43131  0.00127419
0.93     0.43476 0.000903851
0.92    0.432653  0.00126264
0.91    0.435262  0.00115811
0.9    0.436121  0.00123958
0.89    0.436558  0.00122136
0.88    0.438777  0.00148999
0.87     0.43644  0.00142587
0.86    0.441559  0.00130158
0.85    0.440453  0.00131364
0.84    0.440981  0.00123691
0.83    0.439753  0.00164246
0.82    0.440979  0.00178282
0.81    0.441126  0.00198296
0.8    0.442714  0.00207526
0.79    0.440289   0.0016249
0.78    0.439936  0.00193363
0.77    0.439246  0.00203694
0.76     0.43793  0.00133172
0.75    0.436007  0.00202558
0.74    0.435275  0.00231206
0.73    0.436943  0.00176507
0.72    0.437129  0.00229297
0.71    0.433537  0.00206872
0.7    0.432689  0.00188616
0.69    0.431182  0.00261837
0.68    0.433867  0.00238701
0.67    0.438366   0.0027278
0.66    0.434072   0.0022235
0.65     0.42976  0.00172916
0.64    0.429195  0.00225625
0.63    0.428121  0.00236295
0.62    0.430062  0.00195829
0.61    0.423036  0.00188354
0.6    0.422265  0.00177705
0.59    0.419016  0.00162528
0.58    0.416058  0.00336899
0.57    0.412322  0.00343721
0.56    0.407954  0.00234512
0.55    0.397797  0.00181585
0.54    0.392235  0.00230448
0.53     0.38019  0.00286968
0.52    0.353235  0.00363672
0.51    0.340252  0.00415868
0.5    0.324606  0.00586598
