2   0.0263995  0.00045862
1.99   0.0267913  0.00046022
1.98   0.0270485  0.00043769
1.97   0.0273242 0.000456016
1.96   0.0276742 0.000488691
1.95   0.0279513 0.000486182
1.94   0.0282666 0.000477227
1.93   0.0285297 0.000478078
1.92   0.0288221 0.000470391
1.91   0.0291059 0.000500452
1.9   0.0293302 0.000491892
1.89   0.0297163 0.000492056
1.88   0.0301336 0.000500977
1.87    0.030505 0.000491274
1.86   0.0308742 0.000487026
1.85   0.0313931 0.000486032
1.84   0.0316685 0.000487932
1.83   0.0320481 0.000500341
1.82   0.0324484  0.00053115
1.81   0.0328948 0.000526653
1.8   0.0332299 0.000521326
1.79   0.0338078 0.000534923
1.78   0.0341906 0.000538112
1.77   0.0345841 0.000551208
1.76   0.0349919 0.000582646
1.75   0.0353919 0.000584178
1.74    0.035705  0.00060672
1.73   0.0362176 0.000629096
1.72   0.0365465 0.000652592
1.71   0.0369454  0.00066175
1.7   0.0374973  0.00066904
1.69   0.0380192 0.000693135
1.68   0.0386175 0.000687318
1.67    0.039035 0.000699587
1.66   0.0394957 0.000725121
1.65   0.0401013 0.000749647
1.64   0.0406682  0.00073294
1.63    0.041334 0.000734445
1.62    0.041857 0.000781237
1.61   0.0424257 0.000789699
1.6   0.0429856 0.000798653
1.59   0.0433577  0.00078822
1.58   0.0440515 0.000791415
1.57   0.0445348 0.000766945
1.56   0.0452613 0.000797392
1.55   0.0460956 0.000778499
1.54   0.0470276 0.000760978
1.53   0.0476226 0.000797422
1.52   0.0483351 0.000809381
1.51   0.0489001 0.000800635
1.5   0.0496789 0.000778432
1.49   0.0505405 0.000797649
1.48   0.0512157   0.0007666
1.47    0.052134 0.000795139
1.46    0.052918 0.000807604
1.45   0.0536659 0.000782616
1.44   0.0546304  0.00077677
1.43   0.0554775 0.000743639
1.42   0.0565314 0.000732824
1.41   0.0574128 0.000704875
1.4    0.058136 0.000735538
1.39   0.0590877 0.000719747
1.38   0.0599434 0.000821312
1.37   0.0606258  0.00088803
1.36   0.0617805 0.000901809
1.35   0.0630187 0.000940788
1.34   0.0644275 0.000895751
1.33   0.0655708 0.000930349
1.32   0.0669519  0.00089756
1.31   0.0680095 0.000922093
1.3     0.06954 0.000925737
1.29   0.0708521 0.000948165
1.28   0.0723087 0.000993381
1.27   0.0738333    0.001066
1.26   0.0754626  0.00112002
1.25   0.0770623  0.00109728
1.24    0.078891   0.0010405
1.23   0.0805848  0.00109132
1.22   0.0824497  0.00103654
1.21    0.084668  0.00109276
1.2   0.0865991  0.00116961
1.19    0.088769   0.0011656
1.18   0.0905817  0.00112733
1.17   0.0926807  0.00121625
1.16   0.0946037  0.00125404
1.15   0.0971026  0.00135994
1.14   0.0991228  0.00129137
1.13    0.101211  0.00134925
1.12    0.104102  0.00144196
1.11    0.106931  0.00151543
1.1    0.109574  0.00150363
1.09    0.112951  0.00169479
1.08    0.116235  0.00165773
1.07    0.119336  0.00173801
1.06    0.122304  0.00166137
1.05    0.125895  0.00175441
1.04    0.128655  0.00178604
1.03    0.132674  0.00178212
1.02    0.136768  0.00180446
1.01      0.1404  0.00201157
1    0.144966  0.00205207
0.99    0.149286   0.0022604
0.98    0.153405  0.00230954
0.97    0.158465  0.00245029
0.96    0.164293  0.00249974
0.95    0.169463   0.0022196
0.94     0.17496  0.00227924
0.93    0.180775   0.0023428
0.92    0.185733  0.00257487
0.91    0.193436  0.00276048
0.9    0.200615  0.00277745
0.89    0.208765  0.00274899
0.88    0.216129    0.002779
0.87    0.224071   0.0030411
0.86    0.232773  0.00308838
0.85    0.242191  0.00321553
0.84    0.250989  0.00362729
0.83    0.258925  0.00336743
0.82    0.268778  0.00372999
0.81    0.280786  0.00405207
0.8    0.293502   0.0043143
0.79    0.303544  0.00442847
0.78    0.315141  0.00428814
0.77     0.32786  0.00432559
0.76    0.339395  0.00437116
0.75    0.353239  0.00451805
0.74    0.370515  0.00496955
0.73    0.388009  0.00494294
0.72    0.404949  0.00509541
0.71    0.424313  0.00537559
0.7    0.439863  0.00629215
0.69    0.462692  0.00595102
0.68    0.482768  0.00609499
0.67    0.504646  0.00555673
0.66    0.525751   0.0062124
0.65    0.548854  0.00657561
0.64    0.573822  0.00734017
0.63    0.597868  0.00843851
0.62    0.627065  0.00866311
0.61    0.651898  0.00838788
0.6    0.675036  0.00905788
0.59    0.693644  0.00959641
0.58    0.713398   0.0101939
0.57    0.745912  0.00978046
0.56    0.771572   0.0106684
0.55     0.79364  0.00866274
0.54    0.817005  0.00817881
0.53    0.835896  0.00765021
0.52    0.855937  0.00656274
0.51    0.873011  0.00680168
0.5    0.885791  0.00657311
