2   0.0273003 0.000668989
1.99    0.027471 0.000567718
1.98   0.0276134 0.000465577
1.97   0.0285646 0.000506775
1.96   0.0281721 0.000462636
1.95   0.0279694 0.000458535
1.94   0.0289426 0.000480562
1.93   0.0294057 0.000583892
1.92    0.029998 0.000487546
1.91   0.0305072 0.000576143
1.9   0.0304122 0.000539154
1.89    0.030142 0.000524277
1.88   0.0319849 0.000588227
1.87   0.0318337 0.000634582
1.86   0.0302461 0.000660316
1.85   0.0317334 0.000433609
1.84   0.0331466  0.00055946
1.83   0.0331484 0.000553376
1.82   0.0333303 0.000700759
1.81   0.0328504  0.00054975
1.8   0.0351065 0.000601873
1.79   0.0340138 0.000612323
1.78   0.0348597 0.000473642
1.77   0.0346562 0.000747056
1.76    0.036546 0.000590083
1.75   0.0360525 0.000452224
1.74   0.0359829 0.000584415
1.73   0.0369524 0.000482366
1.72    0.036137 0.000801582
1.71   0.0377896 0.000590815
1.7   0.0380055 0.000797344
1.69   0.0383941 0.000766902
1.68   0.0391637 0.000821245
1.67   0.0384703 0.000702012
1.66   0.0401316 0.000582628
1.65   0.0404382 0.000792256
1.64   0.0408901  0.00073834
1.63   0.0425169 0.000930348
1.62   0.0412404 0.000781397
1.61   0.0421867 0.000873654
1.6    0.042075 0.000815875
1.59   0.0446742 0.000846534
1.58   0.0449568 0.000729931
1.57   0.0453058  0.00095654
1.56   0.0463076 0.000516378
1.55   0.0454614 0.000999407
1.54   0.0475041 0.000576733
1.53   0.0475799 0.000691671
1.52   0.0499322 0.000569728
1.51   0.0504109 0.000797284
1.5   0.0517931  0.00073684
1.49   0.0519726 0.000716255
1.48    0.052201  0.00104855
1.47   0.0526932 0.000831113
1.46   0.0537411 0.000890848
1.45   0.0550799 0.000761631
1.44   0.0564409 0.000766615
1.43   0.0558514  0.00108301
1.42   0.0563454 0.000767482
1.41   0.0563406 0.000907095
1.4   0.0582228 0.000936122
1.39   0.0586467 0.000716151
1.38   0.0625877  0.00109409
1.37   0.0620663  0.00102999
1.36   0.0625034  0.00102756
1.35    0.064007 0.000981938
1.34   0.0666561   0.0011198
1.33   0.0687694  0.00124957
1.32    0.069504  0.00117001
1.31   0.0707284 0.000892559
1.3   0.0713808  0.00111583
1.29   0.0736783  0.00112494
1.28   0.0721372  0.00138751
1.27   0.0763676  0.00129516
1.26   0.0758686  0.00128526
1.25   0.0794844  0.00145893
1.24   0.0817544  0.00141941
1.23   0.0822683  0.00137681
1.22   0.0808262 0.000945854
1.21   0.0855188  0.00143961
1.2   0.0874405  0.00122795
1.19   0.0878942   0.0010723
1.18    0.090955   0.0016202
1.17   0.0952267  0.00187603
1.16   0.0938264  0.00147305
1.15   0.0989206  0.00135776
1.14   0.0985564 0.000803854
1.13    0.103781  0.00124855
1.12    0.104075  0.00157518
1.11    0.108153  0.00188688
1.1    0.109715  0.00163536
1.09    0.117177  0.00215325
1.08    0.116173  0.00209081
1.07    0.120164   0.0022604
1.06    0.120676  0.00192687
1.05    0.124384  0.00198312
1.04     0.13066  0.00163435
1.03    0.134549  0.00223974
1.02    0.134691  0.00213703
1.01    0.141961  0.00234024
1    0.144214  0.00239287
0.99    0.151366   0.0026171
0.98    0.154769  0.00225967
0.97    0.161918  0.00188155
0.96    0.162738  0.00210041
0.95    0.170199  0.00249593
0.94     0.17495  0.00272351
0.93    0.183973  0.00293866
0.92    0.186623  0.00247079
0.91    0.194621  0.00293949
0.9    0.200631  0.00340477
0.89    0.202178  0.00242056
0.88    0.213765  0.00241635
0.87    0.223706  0.00336699
0.86     0.22896  0.00324117
0.85    0.235434  0.00346807
0.84    0.249058  0.00479882
0.83    0.259626  0.00292191
0.82    0.264941  0.00521316
0.81    0.282293  0.00333474
0.8      0.2874  0.00327117
0.79    0.303674  0.00358098
0.78    0.313175  0.00484382
0.77    0.324541  0.00265081
0.76     0.34502  0.00428622
0.75    0.366036  0.00571848
0.74    0.375785  0.00505174
0.73    0.386229  0.00499075
0.72    0.407982  0.00403316
0.71    0.431178  0.00623569
0.7    0.453009  0.00419932
0.69     0.46853  0.00687094
0.68     0.49251  0.00818244
0.67    0.497507  0.00884393
0.66    0.526515  0.00802963
0.65    0.553639  0.00682065
0.64    0.570484  0.00684028
0.63    0.601829  0.00597849
0.62    0.635064  0.00694973
0.61    0.652999  0.00563068
0.6    0.669413  0.00796196
0.59    0.702955  0.00758329
0.58    0.732746  0.00491127
0.57    0.749817  0.00846054
0.56    0.767763   0.0102901
0.55    0.787272  0.00881758
0.54    0.825808  0.00905133
0.53    0.824893   0.0151049
0.52    0.860114  0.00819703
0.51    0.870845  0.00815312
0.5    0.898183  0.00605484
